pushup_form_feature_0,pushup_form_feature_1,pushup_form_feature_2,pushup_form_feature_3,pushup_form_feature_4,pushup_form_feature_5,pushup_form_feature_6,pushup_form_feature_7,pushup_form_feature_8,pushup_form_feature_9,pushup_form_feature_10,pushup_form_feature_11,pushup_form_feature_12,pushup_form_feature_13,pushup_form_feature_14,pushup_form_feature_15,pushup_form_feature_16,pushup_form_feature_17,pushup_form_feature_18,pushup_form_feature_19,pushup_form_feature_20,pushup_form_feature_21,pushup_form_feature_22,pushup_form_feature_23,pushup_form_feature_24,pushup_form_feature_25,pushup_form_feature_26,pushup_form_feature_27,pushup_form_feature_28,pushup_form_feature_29,pushup_form_feature_30,pushup_form_feature_31,pushup_form_feature_32,pushup_form_feature_33,pushup_form_feature_34,pushup_form_feature_35,pushup_form_feature_36,pushup_form_feature_37,pushup_form_feature_38,pushup_form_feature_39,pushup_form_feature_40,pushup_form_feature_41,pushup_form_feature_42,pushup_form_feature_43,pushup_form_feature_44,pushup_form_feature_45,pushup_form_feature_46,pushup_form_feature_47,pushup_form_feature_48,pushup_form_feature_49,pushup_form_feature_50,pushup_form_feature_51,pushup_form_feature_52,pushup_form_feature_53,pushup_form_feature_54,pushup_form_feature_55,pushup_form_feature_56,pushup_form_feature_57,pushup_form_feature_58,pushup_form_feature_59,pushup_form_feature_60,pushup_form_feature_61,pushup_form_feature_62,pushup_form_feature_63,pushup_form_feature_64,pushup_form_feature_65,pushup_form_feature_66,pushup_form_feature_67,pushup_form_feature_68,pushup_form_feature_69,pushup_form_feature_70,label
-1.0237989684063615,0.24469918266897564,-1.0284228657244,0.2929247751025913,-1.026871334051817,0.2869989306891076,-1.0234613542162863,0.28174102050345234,-1.0297574984982587,0.33507405585728645,-1.0305652170556134,0.3592202681229418,-1.0315551510118004,0.38543089563439265,-1.0075355392894332,0.33512974046048855,-1.025027067839546,0.4619827630154313,-1.0136466481119073,0.23553448103199157,-1.0193537076604804,0.2937015794688195,-0.9492260615200134,0.42755293773106834,-1.0183706771184118,0.5144056106265156,-0.960364134498409,-0.005168363830053301,-1.038638375926954,-0.018203105550605534,-0.9909267149022776,-0.7531497127495571,-1.017255938327171,-0.8533779441730653,-0.9826366014553484,-0.7604600787570154,-1.0185977590871644,-0.8597177587646422,-0.9971496413475021,-0.7717464611464463,-1.0067602849797266,-0.8559171558683234,-1.0020994755441877,-0.7732149818808558,-1.007567420177527,-0.85418651523374,0.7242147721639025,-0.1872688464636615,-0.7242147721639025,0.1872688464636615,0.8936843331748806,-0.7628160325729358,0.9039780889684802,-0.857531005508197,0.9658518199156391,-0.5233247808309314,0.9755186095955812,-0.6102184648550251,0.9575163411466018,-0.3969301902611857,0.9754450626289697,-0.3948076770095725,0.9746189342892809,-0.697897541844484,0.9858338563382635,-0.7736494979626933,0.7400937172406896,0.7013464999549799,-0.8686876666832538,-1.2042843918903516,0.6363229991402172,excellent
1.0689573377157016,-0.4793872900579431,1.0676463750031566,-0.5651204190052721,1.0623552448972537,-0.5835320252369484,1.0562541495494242,-0.6033943171477396,1.0823005727564905,-0.5580367207207745,1.0892147178019183,-0.564632295457161,1.096950843385736,-0.56766496198857,1.0349958554326955,-0.7472298651707016,1.1049045415917476,-0.6643843153678586,1.0505132739895864,-0.5722221211438964,1.0751843618066255,-0.564275431100963,0.880398076141204,-0.8130066104394648,0.9991486599368298,-0.7141455684150224,1.0583483472339807,0.9949721175539689,1.2426926759157535,1.1989390197416614,0.9434718066435208,1.9238735602952846,1.0114918769525483,1.5592580738635151,0.9219722005484674,1.8551948310025765,0.9827094520852866,1.5149359800698645,0.8996171579698959,1.827182355197738,0.9437096753682703,1.5720222424835872,0.9033434141822273,1.859135013934312,0.9261758652949412,1.5839233778219934,-1.7583499757926533,-0.5242505096453494,1.7583499757926533,0.5242505096453494,-1.153777532304115,1.083979504565915,-0.9568696339632056,1.2568021288635371,-1.2694581575687272,1.976830640693933,-1.1594763500956837,2.1443145836900745,-1.2146341153525824,1.9740879245658312,-1.106491583060393,2.1506621158870156,-1.2147286761254361,2.1539057968155264,-0.989340081310146,1.826989777034571,0.4961450867619128,0.5982202291247105,-0.6436930353491047,0.24173878912735455,-0.030134873794065573,excellent
1.208912207355984,-0.5936191478443427,1.2119662810889933,-0.6755934099721925,1.2073367727275575,-0.6938906418133821,1.202618597255905,-0.7157949876579595,1.2289146072806383,-0.672156104000416,1.2377550204216217,-0.6815015541127616,1.247910859526287,-0.6885489343405097,1.1796826591726215,-0.9098934852092229,1.252408878771541,-0.8127286157579086,1.184217402404545,-0.6508297614427548,1.2087281204137765,-0.6392774206014873,1.047656386771373,-1.0314102067338868,1.1440903233200928,-0.8883719289862899,1.1465321006247284,1.0522401091909188,1.3246175011570318,1.2791707146767677,1.0304754359363464,2.0641674672896935,1.078946124498216,1.7678524285670354,1.0126984216167652,2.004601910273911,1.062776846334222,1.7498950228554169,0.9896613858792346,1.9664212014777769,1.0323334239584059,1.7695650228591617,0.9754219439337144,2.0176203425982817,1.0218758942306947,1.788842760625781,-1.8634033290364174,-0.6671978288271596,1.8634033290364174,0.6671978288271596,-1.3475744205332363,1.2394658428634968,-1.1329189196461342,1.3832358108921243,-1.4544602515655292,2.2195425886050573,-1.34775785609182,2.445324694931908,-1.3896409710251842,2.262706063188758,-1.2828819856835683,2.339337323911616,-1.286919240461865,2.444152814204774,-1.1916775809211702,2.163383472195651,0.4557273122797375,0.5621148593366326,-0.5788421947258755,0.41435874299719744,-0.050057368151007524,excellent
-1.0135676160238163,0.26507743097285463,-1.0160611797739736,0.3095740982432323,-1.013018442198398,0.30725068632923813,-1.0099159080009306,0.30379514162033583,-1.0238607326792346,0.34004782365013303,-1.0263809825859997,0.3611433826535012,-1.028619533385937,0.3858947288817319,-0.9997294394692868,0.3469982919813838,-1.0230444429929573,0.46688782904863907,-1.0028616094838003,0.25299702219652404,-1.0152941980680625,0.30380574996678406,-0.950004833809936,0.40788114495630906,-1.0185504894607913,0.5065394406347035,-0.9475284580760053,-0.09583032134420748,-1.0459327881604799,-0.09153640819214032,-0.9869125226860255,-0.8436553588678057,-1.014068832817366,-0.9330279852028076,-0.9873826136750828,-0.8518037105535677,-1.0121413054017445,-0.9404112421094266,-0.9929105799671016,-0.8621998588083647,-1.0032593604599263,-0.9381524056418258,-0.9970786754029622,-0.862503463407475,-1.000635919869101,-0.9368796592265781,0.8026426277760376,-0.20964195321365103,-0.8026426277760376,0.20964195321365103,0.8987147131979437,-0.7970494458757991,0.8883699718451136,-0.8854721271882308,0.9709215347257707,-0.600906000894681,0.9630680152356716,-0.6829108076256879,0.9718805305090519,-0.43880527139078435,0.959639592953574,-0.4356894418212216,0.9803367619244497,-0.7709272952069381,0.9632485155721929,-0.8208630464043237,0.613891955355204,0.5744370825374817,-0.9245123530760756,-1.1762597047168828,0.3136315869345015,excellent
-0.1521782897636225,0.20448043149046677,-0.1566750964049936,0.21939527804221973,-0.15847441571471318,0.22242733378903984,-0.16056309381199066,0.2318051202648432,-0.15510696488314057,0.2049225998692997,-0.156647765855658,0.19851458295406152,-0.1582260408449805,0.19298411704267693,-0.1661068133235333,0.2778209956995614,-0.15717824756591142,0.22359252061141674,-0.1581805088622046,0.24376235800321,-0.15830701601027355,0.2033389328835873,-0.19129375309920088,0.5509829809536059,-0.13482815650483326,0.29516458553413527,-0.012368310678252559,1.0062840719792863,0.028304548896640132,1.026297484656289,-0.031295480910659534,0.3438682291914552,0.018191902038888878,0.15539370557612162,0.015156080953088126,0.3424296084541901,0.015325478064628783,0.13847343853466715,0.03314860329116344,0.3166260440020305,0.00028536408657582157,0.1546083473273904,0.009738641022799645,0.31015704364890345,-0.0028102994483492445,0.15567634987138868,1.139609773640574,1.659008242709332,-1.139609773640574,-1.659008242709332,0.9262383791408475,1.2239088270083873,0.3448962549958451,0.8217407543166881,0.5277084503981428,0.9024964990704822,0.457340667216589,0.27067611225046667,0.5257360366954288,0.8271011472310155,0.559527634629429,0.28096868655410157,0.427022244580291,0.5355066670384041,0.35212294169845737,-0.006336098654811446,0.6047230392327334,0.5547277230306383,1.2512353476106282,-0.49188632882305366,0.3641094655003623,poor
2.5312379007379238,-1.1806632331638214,2.5137438129425798,-1.46446943024391,2.5123932610329747,-1.5023940907873037,2.5107515211574696,-1.5479603842273624,2.516195453060949,-1.461151479908018,2.5195131626669185,-1.484487923954985,2.5256176867409565,-1.5153761280490827,2.4941102585198758,-1.6465561588064654,2.521724380467558,-1.7195221777408065,2.524619581265256,-1.2619065397686968,2.536613937756158,-1.2868626272259749,2.5321352863221307,-1.6923556421092758,2.430286255853633,-1.532246525246034,3.540125614814975,2.2661726601367853,2.8050277684586606,2.193224462214865,3.381880380337676,3.8524225192480084,2.696803581942653,3.4728552214297683,3.450270611588973,3.857248108640995,2.7054504082466813,3.5490524493519793,3.3295751779955363,3.8664596609463637,2.6813940883499887,3.496894216444167,3.2641056434090943,3.8742600194566927,2.6626674161336745,3.496463367100173,-0.5845127035929745,1.21668289901705,0.5845127035929745,-1.21668289901705,-1.65807746244199,3.062220876101464,-1.956006953172995,2.677860890041353,-1.5811692802006647,2.665610351252221,-2.2723099924626524,2.7794812497621084,-2.192867890998303,2.526398343259488,-2.3151116304564243,2.2048030717075613,-2.201465934818513,3.088877352376642,-2.277049569184875,3.3519940854461256,0.5710761108989891,0.4564206325777352,-0.7781325894144518,-0.006674474200094553,0.6314212575851503,good
0.3685558879181486,-0.18803047950086904,0.369817676565853,-0.18357321040678629,0.3686831015261767,-0.1739146912109514,0.36766713690269565,-0.16509397010417884,0.3737949519435729,-0.22358260531068097,0.3758292626856776,-0.24028056122276817,0.37881391663323444,-0.25578493400855795,0.364623502772955,-0.18587012045179585,0.3830108040097671,-0.28920998587184227,0.3665828236360198,-0.17886767150154775,0.3708194796203708,-0.23722934501739437,0.3264065353242151,-0.19008135804616041,0.3954819128245342,-0.3876137577732149,0.3285834556488649,0.12495104824025557,0.47054789098866734,0.20342482463819203,0.40518792644710927,0.21224763298944,0.481827712372668,0.38881835609941656,0.3085457233751607,0.2923403709945933,0.48597566129298253,0.372767309630927,0.4278713839206559,0.19989924174925852,0.4756658823903933,0.3536960794899637,0.4261919481757081,0.2123452790391719,0.4706233549464241,0.34902879658023767,-0.41837058121276827,1.4048089511394186,0.41837058121276827,-1.4048089511394186,-0.46444480643871455,0.3955749978267665,-0.33008102560787994,0.4055955421347739,-0.4243444641235057,-0.010048086819343993,-0.4025361876422851,-0.14139632077046999,-0.3713751540431592,-0.09203106658910946,-0.38085725951236044,-0.20152095602626266,-0.5035292705450894,-0.14605114118418713,-0.46520478264651427,-0.1311589983324171,0.008834224433807589,0.2848082024346902,0.771147371711007,0.36672456234342515,0.07769895848364401,poor
2.3615912808289674,-4.286000641599698,2.347981200641621,-4.289412644122885,2.3639386210606097,-4.292429926063082,2.3780640043673267,-4.293813902927163,2.284250083068543,-4.2399685757810675,2.2495807691238707,-4.200260511882204,2.2110726832403405,-4.154027312415276,2.3601583901755467,-4.246250661492657,2.1589945446510255,-4.042065111946066,2.4319886267905115,-4.205862950749348,2.3367768726489944,-4.14578358573651,2.3790269245134934,-4.205330929963676,2.275358287373821,-3.817752823972858,2.0198686307042544,-3.45579188552311,2.0435306412461633,-2.7156613723369043,1.8885894107307,0.27983288389780736,2.1485279699277555,1.3625820135370157,1.7678002558563166,0.3550768356016306,2.1851309102727425,1.4495582847169513,1.8062296561037083,0.36013338930639766,2.2439660573419773,1.347571622761297,1.7521547380741065,0.2929237957385741,2.258196348744329,1.3119711692059364,-0.8312339570994924,-1.4417523045626968,0.8312339570994924,1.4417523045626968,-2.5257788159183554,1.1172408545618489,-2.805691625591891,1.490158661529106,-2.03935720263385,-2.0253590839248083,-2.0130501062936386,-2.6708346430394556,-1.8711877164696826,-2.683641480697035,-1.813094180238332,-3.8073243386528945,-2.19413266701551,-2.10779453032831,-2.2223019780380913,-2.294758235814055,0.021085048535002142,0.11899911335777662,3.8128041476768253,1.0386018405307316,-0.10959179066633491,poor
0.7104618178866361,0.43621194213780995,0.7177212646718201,0.3632665132093412,0.7156587751081179,0.362876588509058,0.7137241447296245,0.36285147858228706,0.7271636598794033,0.32995041954241916,0.7311057491126125,0.30422154074195884,0.7344200891927742,0.2725624218451383,0.7260008983756177,0.2826157904091167,0.7537240868209476,0.15656944287139946,0.7007110691139015,0.4675266449916106,0.7141877064446664,0.4285338486110347,0.7449771441983176,-0.2675426024019508,0.8116132036127448,0.06773508443315258,0.5198531838233706,-1.8122645485383992,0.5834529035429061,-2.0010715559048977,0.44328226164913137,-0.7166103905223776,0.6754494424113336,-0.29359449388448244,0.4715560706738557,-0.6813853971985343,0.6280372603377866,-0.2157360555042128,0.44023146914763583,-0.6003922438840781,0.6368373768526185,-0.25960567465452966,0.48327254234772293,-0.6007731375349806,0.6434166985898612,-0.2838127204241424,-0.4937827701661302,-2.1793259910257103,0.4937827701661302,2.1793259910257103,-0.799258733016375,-0.8185227476502726,-0.7611942646735432,-0.2485143982151978,-0.8288613210968326,-1.3883144569383636,-0.821603150053299,-0.8734508553096842,-0.8326469310357195,-1.7014461901968185,-0.8135549851684877,-1.333944365249807,-0.86589938835781,-0.8860197132986439,-0.8826056127263254,-0.5240083283277377,-1.6188957516170246,-1.9776279115243143,1.2789380944431379,1.6719637225376704,-1.4283800829305746,good
0.8663915418806966,-1.9144037289782267,0.8442738071559676,-1.8790144154182182,0.8484020918561137,-1.8810509048131738,0.852212015514152,-1.8783467689641113,0.8167321679063214,-1.8608887771317344,0.80186482945873,-1.8512178189625847,0.7845982779235539,-1.841035665774096,0.8386764777990237,-1.8063359765131166,0.75119383584314,-1.7509540970068218,0.892718231608112,-1.898898091832706,0.862505846714195,-1.8637691953960767,0.865407984896949,-1.6350991010074796,0.7792205476586672,-1.8090007862719846,0.8181014763242577,-1.3356297719644787,0.7340843329190064,-1.0865284321087227,0.8757275865197512,0.2986350782808801,0.7927443670232285,0.5612192677723457,0.9356412462276984,0.3489248243156486,0.8180202740487327,0.565093572268011,0.9193663099786639,0.4139361408648368,0.818908597554342,0.5509632664699767,0.9136073196028,0.4028931646469176,0.8163998922043133,0.5502258328452952,-0.6711036520019974,-1.229378954064619,0.6711036520019974,1.229378954064619,-0.7867979754081245,0.2604331061700775,-0.9390729570648755,0.4637972450643014,-0.6473691032625437,-0.20615272224716244,-0.5842970900107544,0.03397082621423566,-0.6929006006837723,-0.4052627295399218,-0.6843277783936983,-0.47089684237969787,-0.7758765810695041,-0.3235559372229093,-0.728082708572598,-0.23380942522067408,0.07257090977106012,0.2741151260583761,1.87960458404698,0.4723290441549417,0.12508654372227052,poor
0.4439657100274322,-0.4183923537455889,0.44512264931062717,-0.4235397483948264,0.4452369394256877,-0.416868008010633,0.4448297318938254,-0.41001749798553977,0.44258904210845085,-0.44541381584163714,0.4387764445087537,-0.45574887979374906,0.43313445482242363,-0.47115209134941566,0.4382232686068039,-0.42706792213781947,0.4161491928770054,-0.506412905150195,0.443552353540757,-0.38197078232278486,0.4427680744457358,-0.4598865724697239,0.40652128060105525,-0.42793191816963727,0.4671518020444317,-0.6149229067106357,0.1249435558606133,0.061712946671107875,0.42941354286356237,-0.5345393777439515,0.3846308701722524,0.17280540668054153,0.5036716763897375,0.151476632673275,0.4226618975310859,0.14591687416924956,0.519873890896285,0.17608846490795327,0.4510406991020399,0.15664219793520154,0.5129352218108867,0.16381336337511035,0.4421233891420191,0.13167290716741412,0.5032022351631856,0.15987169646024435,-1.093002263829167,0.867673416229124,1.093002263829167,-0.867673416229124,-0.5325559812915138,0.28595905184166576,-0.46130298863759645,0.1822374036434661,-0.6650744484666938,-0.005552601922817878,-0.5823107940786816,0.08819104222644358,-0.6848163782011224,-0.09071817692425527,-0.6224596182827844,-0.13507215487897495,-0.6673895770828854,0.25721656394993336,-0.5924428792509484,0.39494356211345155,-0.3111180815464558,0.017788787817654753,1.310387283518777,0.7693915805613976,0.10189552447225478,good
-1.0008727504375017,0.5676629584649491,-1.0012763662021495,0.5676698955809673,-0.9995433551409941,0.5594972575072148,-0.9983063384913555,0.5540007003126709,-1.0194604649569816,0.6157503616541633,-1.0221712256651851,0.6271197795537775,-1.0252643899639344,0.6396728053076415,-0.9899830694646168,0.5670658825762465,-1.0275810066468598,0.6841629741759088,-0.9940875870131081,0.5077670388698042,-1.0011268992390083,0.5738709446770452,-0.9636744628958381,0.5124808733635494,-1.0270268333786992,0.6428933337105727,-0.8883265730732022,-0.3587771104244842,-1.070490313132507,-0.35995403011170934,-0.9596640630220192,-1.011500344406577,-1.0174016847831084,-1.063584225425227,-0.9587691290069423,-1.0141652042553708,-1.0199987372426884,-1.0641044380384106,-0.9633241824468071,-1.0119192388991138,-1.0162089459824675,-1.059168834278267,-0.9679060686283069,-1.0105210822382444,-1.0114865026400204,-1.061168255512866,0.8751819815376517,-0.22972086868268984,-0.8751819815376517,0.22972086868268984,0.9385689360458044,-0.986158897656412,0.9030049868449318,-0.997701191049192,1.0017862211832447,-0.818007438223583,0.9827463717086729,-0.8308532773346907,1.0002690058459656,-0.6746362063216959,0.9835895686172019,-0.6135888032003313,1.0094615456865164,-0.9381082316966519,1.0048978317692778,-0.9091456992508264,-0.8658965079322256,-0.890749276689374,-0.06452655706235719,-0.7037833856320472,-1.2228979614386617,excellent
-0.28171909092203623,0.9235835289081155,-0.2783488365209524,0.8850553619656919,-0.2819640427657063,0.8731618392027019,-0.2851362691485512,0.8607006860003973,-0.2644989629818408,0.9086492763959136,-0.25811527716612953,0.9132597145654101,-0.2508521845553445,0.9179103556928155,-0.2898196422999042,0.8286081076039233,-0.23436183076705705,0.9085090348555502,-0.2880061720258639,0.9248016605198182,-0.2710406465082027,0.9517455597563507,-0.31531653854454045,0.5681937781162681,-0.17993126841259252,0.9375618350048864,-0.46324526145114475,-0.9031057566092432,-0.24336476887023398,-0.6617768209435844,-0.5270010670419286,-0.9967514020109872,-0.297690117169057,-0.7716553008056632,-0.5499096203699761,-0.964238503359639,-0.31532618186101996,-0.7526396604353455,-0.5182764117324677,-0.9551903652731095,-0.31172736508599846,-0.7695178973199229,-0.4976769352777869,-0.9488437723275939,-0.3013618499924125,-0.780050859093684,-0.4979410781544858,-0.9045716361489667,0.4979410781544858,0.9045716361489667,0.1791733514698336,-0.9463601346657795,0.28305395168367536,-0.757693819646902,0.20571040918000222,-0.8026816027294227,0.23928773120743133,-0.7135200589658712,0.21476090176005355,-0.7929037739482306,0.2460780723702067,-0.7248028378638983,0.22201515012085607,-0.6003031846029966,0.27730230269146994,-0.5933334848250241,-2.5131516148826165,-2.5577984555636806,-0.8924198742779853,1.5120184761484083,-2.2819351850749503,excellent
0.8428339620965918,-0.3579870337809616,0.8443289301511914,-0.430761205159677,0.8399182896013635,-0.4499240412005174,0.8350147201451371,-0.4699852795598694,0.8601745017854823,-0.41909687598215695,0.8681080841946175,-0.4242234527282277,0.8766836284519515,-0.4258030997149622,0.8215301124441191,-0.602213767253939,0.8909031677496455,-0.5113842756143886,0.825682308783297,-0.46629498073727643,0.8503599128318098,-0.4527512062801729,0.6748084892912074,-0.7659591974814535,0.8200214830727518,-0.6137349698550728,0.8501334872092714,0.6454200269606624,1.0016074500228485,0.9348026785679973,0.7298214743039622,1.5391252615819448,0.7822726315659727,1.203788258613702,0.7210143198641449,1.4690643616359773,0.7829932427540265,1.1860422210792463,0.7083860015479196,1.4460510424843966,0.7542388693416856,1.2312520140239298,0.7000669560506657,1.4800420863114883,0.7273248457631426,1.2343728477338658,-1.7097136654791187,-0.8448930622773719,1.7097136654791187,0.8448930622773719,-0.9720575370422051,0.815299148197088,-0.7851705283594134,0.973780649526451,-1.070672461341275,1.5408419980877992,-0.9554840497214282,1.695069460036549,-1.0207744326131152,1.5318107931087936,-0.9082432253006568,1.7025526300465106,-0.9389555780260945,1.692093085178659,-0.8238831464938629,1.4746024815791674,0.5209374514347479,0.5685069654987274,-0.4021955211479477,0.3231081330063254,-0.015783024706176558,excellent
1.1025443329213427,-0.364469491263885,1.1110293311623767,-0.4701988620396198,1.1071140340562788,-0.49108191655471045,1.1025822932858882,-0.5140290763196852,1.1281010345179976,-0.4815021222132984,1.1374982936894562,-0.5084875141627189,1.1477943574955305,-0.536135175681071,1.0909714614906791,-0.7151864547821428,1.163436230061399,-0.7180959519472028,1.0818114681338915,-0.4562962409283858,1.1085974176706526,-0.4594584935215896,0.9396843659351402,-0.9284814273361726,1.0489456768666925,-0.7637558689057932,1.063079851068475,0.9186514658211021,1.1954721691987455,0.9652030773561415,0.9732352320658444,1.8640283993113813,1.026353919399435,1.5200900359430365,0.9802062843619869,1.821547572676806,1.0312645400260487,1.4851845506010815,0.963461328712318,1.8030135655147639,1.0076350023752074,1.543143843060299,0.9696827219378485,1.8311483295047397,0.9757902588171772,1.5512993325063271,-1.9311494235109123,-0.7375192358727632,1.9311494235109123,0.7375192358727632,-1.2804717991856591,0.949522211711502,-1.0355475688837048,1.1942843543551334,-1.3314358218537494,1.86421374150754,-1.2300504739126323,2.050290052971353,-1.3031762284780597,1.824261255885084,-1.1990729097157755,2.027526936045116,-1.1073205319555,2.028737100830323,-1.0468982070752122,1.8078895411365166,0.44835614900061854,0.47136429045329115,-0.4784531433771332,0.33556819880615063,-0.07059199506098088,excellent
-0.21068450406070446,0.8403592054825848,-0.2101430974096487,0.8068380955500762,-0.21366495351463427,0.7968384682328532,-0.21676170797715483,0.7867820910020242,-0.1948944410433188,0.8206777523063783,-0.18734301549159652,0.8208182406674651,-0.1789394535843182,0.82293590864752,-0.21776259635259818,0.7580818450937127,-0.1602927421693712,0.8045569783566312,-0.21713139785155908,0.8228867424886125,-0.1981890140834226,0.8442279340637361,-0.25091593385945604,0.43663507242174676,-0.10304729948656641,0.7977876666684854,-0.4625085203415906,-0.7717746925103672,-0.19083476687096385,-0.4880678634197218,-0.5002842615616983,-0.8848192197772384,-0.25251532970206214,-0.6692783044976248,-0.5055506308361095,-0.8628010952712273,-0.26586642433542923,-0.6695273253199285,-0.4723200528823185,-0.8545284304812719,-0.2607887149920556,-0.6924392250010857,-0.46640266187776774,-0.8467385157193925,-0.25520407557682445,-0.7011044789735548,-0.4716219875276721,-1.065649097746792,0.4716219875276721,1.065649097746792,0.09457865652972075,-0.9787425316574737,0.1838120702954113,-0.7191779197883891,0.1346525418611162,-0.7681110805429774,0.15792855158405536,-0.6462385861674969,0.14091526902457346,-0.775803665263679,0.18325316344173578,-0.6193639124837039,0.20805306618943134,-0.5164791009850748,0.23574608507253447,-0.481561252447027,-1.8199875872072289,-1.94948261884388,-0.4892778311543223,1.6593060624107958,-1.9264267052867008,excellent
0.7784238439499337,0.02604161837706965,0.7842499791481715,-0.039711906106645656,0.7828995197165024,-0.030196297587195057,0.7815363719506924,-0.01770959352489549,0.787839259733276,-0.08726550485799507,0.7888544839849212,-0.11263010033012044,0.7903014294723475,-0.136091096965041,0.7880164791565712,-0.006815697344484511,0.7968635251811065,-0.1724419023416649,0.7708739114935067,0.0899099231377152,0.7757175822006197,0.03522887345890159,0.7349207959487051,-0.06566460361838021,0.8487168180214771,-0.1259795910988725,0.5017950120163907,0.1370736044492855,0.7342403879881045,-0.009990044381244005,0.6287649685506591,0.472425562241654,0.7480805224522131,0.7249759266500445,0.6097203502001295,0.4625883547649098,0.7909625986399327,0.7504479065595968,0.6294486255151951,0.4573532552467284,0.7729952039772039,0.7432762653951605,0.6345902757514847,0.4726048515819372,0.7543665039059484,0.7321956927722061,-0.7366059033212762,1.0613599453864802,0.7366059033212762,-1.0613599453864802,-0.8922655367371852,0.611361534446491,-0.7990738244849409,0.5541494509312539,-0.9051055151144827,0.4759746962705656,-0.8220316048523229,0.4620527419531919,-0.9299619635013513,0.38941783350643255,-0.8597635330978424,0.322486716359788,-0.9423288908535873,0.8457664670976497,-0.8744688750765056,0.9431161158563803,-0.5007869140683787,-0.2604155802613726,-0.497525511125484,1.0757402754594645,-0.532224299999866,good
-0.3455966989180752,0.374926744894875,-0.3281841991966146,0.4462916247562064,-0.327788260347292,0.4625145087624512,-0.32709873549524515,0.47786863448026023,-0.32582828982849904,0.4038867130989178,-0.3237308029662079,0.38849039414511305,-0.32027056282398086,0.37315950742228077,-0.3162228464797056,0.5109701518879729,-0.2945709172489641,0.3787307881283122,-0.35561840259843247,0.38586785755594505,-0.3489169141012071,0.34260245360821606,-0.29320001369680776,0.6107782341638917,-0.310672773805393,0.3733590721740977,-0.11484824773486774,0.8099560472853924,-0.12354490930786663,0.7687466321331883,-0.19396995218258628,0.11682722167299509,-0.15293308471445446,-0.040830354555387645,-0.21666166810895574,0.1139397404389428,-0.17931625903546025,-0.04697745667677151,-0.22374381786113517,0.09898979377874692,-0.2022824199067355,-0.038464112971614346,-0.22216365814082056,0.09717662232465965,-0.20400010100122495,-0.030771730137731285,0.20100932330668222,1.0661570861415066,-0.20100932330668222,-1.0661570861415066,0.26287494601551953,0.11511340757331516,0.2936686568085449,-0.2504625838565636,0.24234222979223285,0.42214466687106933,0.2864891388230113,0.28315818184701463,0.21508699412629842,0.5307804261372541,0.2724077856508968,0.4398067520850966,0.28170647935256726,0.295069660064154,0.3214093488777517,0.13197752106238192,0.7457386945630929,0.6911756006339633,0.0034621072492559265,-0.6553766499034972,-0.1883897138781532,excellent
2.592115542687567,-1.826777384056568,2.596483515692578,-1.9740986213332052,2.6038490011674673,-1.975956212371585,2.611799893540401,-1.9816372252617327,2.57513256468263,-2.073778936761588,2.56657632502194,-2.1277760556654366,2.554670637213418,-2.189827510239972,2.615487474428315,-2.1487882180537783,2.5184735480917544,-2.3981544950556652,2.615722320644929,-1.8083394211157635,2.5951011605500027,-1.9522432303613846,2.6116218270164766,-2.371351925166067,2.4607255450333634,-2.3789922219024726,2.805396775448702,-0.22264014215431752,2.473493489672364,-0.0768763660551796,2.868802441302419,2.334626764522488,2.378237546126739,2.5620661836906216,2.894018955395323,2.5386327414898893,2.3607200265370483,2.578369619571792,2.797103707122231,2.536395853881927,2.3910146034197926,2.6349929361418263,2.7883020554675806,2.480415082822571,2.3876472644978337,2.637823948917829,-0.871897057145705,-0.33125178859514315,0.871897057145705,0.33125178859514315,-2.3980250339713134,1.8924962991506442,-2.432196356917057,2.3019173380451456,-2.627726829187914,2.1864496470534616,-2.705480493241671,3.215528175297922,-2.7301709529357914,2.43743341870396,-2.8274903020637514,2.914726341601466,-2.535565255785847,3.060518418993012,-2.6235952337961623,3.703139804277184,0.08889005856806437,0.25488926936050765,0.2666395644971304,0.6584907959052414,0.05755455860633858,good
-0.9257686519608446,0.2470403528896892,-0.9284177328249389,0.3011344542323977,-0.9282824203157976,0.26381574011097586,-0.92636110826569,0.2661235541326432,-0.9345883150717771,0.35002973993106967,-0.9367450901550315,0.3729945525944392,-0.9411936697812187,0.37882370122105485,-0.9251459067702452,0.3302928289991909,-0.9536628561280727,0.42209755352215556,-0.9199859472370209,0.21533719172961138,-0.926176589261214,0.28392329742950917,-0.8942330889623884,0.38870058144785075,-0.9702839385350144,0.4350204995278161,-0.8412268851512162,-0.07798847079122044,-0.9921133790252809,-0.12326524438089996,-0.7993306812708155,-0.7778924678269152,-1.0016323296410365,-0.8642217294206834,-0.7837284523664984,-0.7781595096208639,-1.0029335823082208,-0.8672019004119013,-0.8166158782214075,-0.7741672016780621,-0.9874785948826444,-0.859442821069656,-0.8201915756658823,-0.7790821483226139,-0.9842725247924307,-0.8574179616548729,0.8204660447338104,-0.14258733853625583,-0.8204660447338104,0.14258733853625583,0.8960234706007258,-0.6078160004120695,0.8807724606627516,-0.7904308050771096,0.9627845952592557,-0.49581503105734925,0.9430392471932219,-0.5916158013397503,0.9620605257607527,-0.3348628896527983,0.9440507453108293,-0.3469353705572878,0.9747601066224487,-0.6788946693628133,0.9559857271967378,-0.7508361051339381,0.9761357527304778,0.7510421920686412,-0.7543505906183302,-0.7731269837908447,1.4498965380892015,poor
1.9343666642157602,-0.22229634837617454,1.9572249571971394,-0.3268338927659095,1.9571849929909093,-0.3160821254955445,1.9589829694799592,-0.3009283391314401,1.9674542570997284,-0.42436897281174407,1.9740117727529163,-0.48957702117850305,1.9829532349796788,-0.5567378420264626,1.9783873891499204,-0.442058983979986,1.996106091079584,-0.837900438147886,1.9223069106564652,-0.192516970357305,1.9408022982159499,-0.3163904543684925,2.093257807134489,-1.0146913358662766,2.0478300701658645,-0.937112897142673,1.6122864837315307,-2.0694770042063295,1.6046029284484118,-3.034385188922604,1.698236961254565,0.2098012153210553,1.7825516501179446,0.5559780186788871,1.788680898718691,0.12904342671930932,1.783957089071469,0.7098945250979981,1.8000172546657385,0.14762498400372875,1.7973619223036155,0.624284569602773,1.7809995435377863,0.14036751525573699,1.8003264456005061,0.5768096080039661,-0.7123500934297246,-1.9944801818218367,0.7123500934297246,1.9944801818218367,-1.999397794192789,-0.07345656904753783,-2.0028322219242938,0.9338056739124729,-2.1115811517018437,-1.5548969402250021,-2.138666437992999,-0.8977589443157972,-2.137978833009257,-2.2391431727831987,-2.123245891316897,-1.7735365169535993,-2.152964430140594,-0.5720759577194625,-2.322246071649311,-0.07154279216530364,-1.2309317114506462,-1.4410517156685483,1.4435005383682393,1.620066928577627,-1.0860554602924661,good
-0.25029608941654874,0.20385637157149245,-0.26192549088283124,0.21924110009384956,-0.26617128903491455,0.21723487298428534,-0.2704825567551013,0.21644431790963087,-0.25152565923444603,0.23111063058095918,-0.24843905295292576,0.23529064885029324,-0.24538689690686658,0.23820585384406,-0.2812557058536517,0.22886466994878238,-0.2428729230785749,0.24322111233434757,-0.25641041733866105,0.17796025055208298,-0.24472976266595792,0.2004597466421292,-0.3079082592692904,0.44559087321164004,-0.23295058301488247,0.19396744744720631,-0.11200197787725164,0.7093057628427982,-0.07307915653512063,0.2510881154000025,-0.07911415707547184,0.027073596732075402,-0.030064221334438705,-0.2677611239239262,-0.07758359268036491,0.006817444236573914,-0.052505943109303004,-0.2396748853246131,-0.07964264701980954,-0.019459286101474498,-0.06410829397606366,-0.21936196302013422,-0.06373523749469674,-0.01201110556032398,-0.06754904667815231,-0.21683646197772202,-0.28517339358880645,0.843773171996698,0.28517339358880645,-0.843773171996698,0.30445657216015826,-0.12562352009747632,0.33313963751560866,-0.2958553481941772,0.41526314103898304,0.02921858018081564,0.32841756042143955,-0.03660679019769242,0.34195972305499633,0.1183492550596806,0.31383416216823407,0.07439528414339205,0.3294060783456549,-0.07850935446759036,0.3347817858025664,0.003449073308811265,0.6138110299950201,0.4242923133797035,-0.8259744998279913,-1.104416344600981,0.5139097600377915,good
-0.2740305883702338,0.3152005190756059,-0.28478535275146516,0.3347703704316713,-0.28895642192797377,0.33855191065831913,-0.29313851272664393,0.3436606356989915,-0.2747956229095608,0.33780288830430527,-0.2721487235960258,0.3438488688977605,-0.269700357877524,0.3515373659009055,-0.30393618892731306,0.3611723013501966,-0.2683862630768491,0.37562289460770193,-0.27960716929673646,0.3186016333059814,-0.26946512492073743,0.33481678654690983,-0.3393005120304637,0.6245535115727723,-0.2671725871734321,0.3657316395177426,-0.21808734541812788,0.8738563428883739,-0.11071014726417674,0.7505641661506968,-0.20697207641072382,0.11739209903366432,-0.11272120533581022,-0.03966432036134852,-0.1837601888836009,0.0892318536971594,-0.11342726500308209,-0.07398679205603538,-0.18330232756173495,0.06421048109427677,-0.14164219122796226,-0.07571168745663387,-0.1928468500534455,0.06121010263213286,-0.14508689244543968,-0.06400368395515144,0.9520469635094861,1.3635044620249785,-0.9520469635094861,-1.3635044620249785,0.9662850756583301,0.8090025840479067,0.3126737025777614,0.1808834154966016,0.6356783018579613,0.8211155546390981,0.3491865566248139,0.427235393182551,0.6275333438486499,0.8657113214948555,0.38338707764713814,0.6340916064214754,0.5445804443877091,0.37347873034770657,0.25485313671916293,0.11145874887669015,0.5559353457371301,0.5615366043646901,1.5652537582775532,-0.6343642367011426,0.49109270836074925,good
-0.9928623785795719,0.23288809121844187,-0.9931313639463982,0.2822590218580958,-0.9903559380607084,0.2739025186480543,-0.9883495592968188,0.26714190328680054,-1.0040773792671291,0.32520408629484227,-1.0073188685148402,0.34644980496592986,-1.0108584875847642,0.3682062209379054,-0.9866422877643002,0.3113246705633131,-1.0152567245872504,0.42977354156322284,-0.9826263000624862,0.20088538692402363,-0.9969208440739419,0.2641604693682268,-0.9478006840810372,0.36757859244745844,-1.0173966487982438,0.44226349769026424,-0.9861762346559649,-0.02589918464673601,-1.0102167501097534,-0.0346849667003405,-0.9901253693671253,-0.7456723573497769,-1.0152664725446965,-0.8511679535643563,-0.9859828375949,-0.7519325325290074,-1.0182698343102292,-0.8597880707132152,-0.9998909493720256,-0.7641814499142918,-1.0102632556082818,-0.8532791769554422,-1.0052955325153952,-0.7656136479407231,-1.005626602719671,-0.8511083138804961,0.7384042507276386,-0.1951179630088362,-0.7384042507276386,0.1951179630088362,0.890943188237676,-0.7215086389916805,0.8926593733362347,-0.8051363971178358,0.9648247553082565,-0.5220450490624577,0.9718625279860713,-0.5835352027499688,0.9656259125343557,-0.34442560377534714,0.9705958285236933,-0.32335504363182327,0.9747740726229648,-0.6899872877357942,0.9792073017828599,-0.7613940858761772,0.945498113520276,0.9397974302147531,-0.894674833889763,-1.2015227205899426,1.0535040826427002,excellent
0.7105616670775592,-0.5600327675674381,0.7146289888504496,-0.5764340632236832,0.7159384469378144,-0.5725088196901446,0.7174334038897134,-0.5705067649034374,0.709667396442408,-0.6083006033995428,0.7079950033640584,-0.6218012997889331,0.7039413299292325,-0.6387504936487399,0.7153899781436318,-0.6126400297096651,0.6885296540509829,-0.7119823226984322,0.7209741143003856,-0.5267574524333857,0.7099811315708168,-0.6055710356234844,0.673742715877238,-0.6408983516234731,0.7226037618471786,-0.799639280695245,0.42020917954484943,-0.32555869627454914,0.701862506171544,-0.6156249990950741,0.6842706439452875,0.35066318741737296,0.7837033494303401,0.3953094635712924,0.6501345331652583,0.30745656508753394,0.7944280990758996,0.4310571367711265,0.6770382854205136,0.3684430256057012,0.7852306572268105,0.4087993995798301,0.695574911267395,0.32468435603864165,0.7827990157131912,0.4034054886531124,-1.0925805077467219,0.9656968753156977,1.0925805077467219,-0.9656968753156977,-0.7197313624049709,0.49418436043355507,-0.6762318022081858,0.3582702293555032,-0.803621561891017,-0.11801144075029549,-0.7872888952198013,0.07818298452125448,-0.8158315267059397,-0.3056904732502011,-0.8245465245662426,-0.26136448910856724,-0.8527963009248414,0.0990111873389938,-0.82030834120145,0.520914655943032,-0.3591011244405105,0.014759322229888194,1.32071475880863,0.6850955160029529,0.025890592981618263,good
-0.9537869657306266,0.059185688223850536,-0.954552191873785,0.11191802702771937,-0.9524912227341253,0.10660627710649662,-0.9505487354280211,0.1031550955215553,-0.964190503611099,0.1531391719933785,-0.9688915376493759,0.17759424063486798,-0.9728690978999226,0.20572705771813146,-0.9489232796035264,0.17754735939751018,-0.9814703720352863,0.30369763853410287,-0.9489376923483914,0.03751124301261585,-0.9595754619802523,0.10443769952542736,-0.9155316528582034,0.33674891812863084,-0.9882913314704775,0.3778742252026908,-0.9155488657285205,-0.09715960360335626,-1.020662096367386,-0.2292481545850701,-0.896763223043514,-0.775441263908611,-1.0458606610220023,-0.8734431894816684,-0.8900959475065973,-0.7680353748943629,-1.050298094541761,-0.8883879707099567,-0.9171450296010326,-0.7900787997257764,-1.033724265951512,-0.8744957350140955,-0.9228151372100007,-0.7949344795076319,-1.0312525169389215,-0.869436793726475,1.0020436223729705,-0.0861783760819368,-1.0020436223729705,0.0861783760819368,0.8819244826195611,-0.6957174965783548,0.8702135256518315,-0.7817990134899693,0.9604175790823478,-0.5398725219538152,0.9487795115132703,-0.6710867460766526,0.9621911030985714,-0.36734716751209073,0.9472045125143712,-0.42556595140575443,0.9567012667093912,-0.7239538728292556,0.9483454478797063,-0.7809817869299432,1.0035389107604693,0.8033298775538007,-0.9071417429342009,-0.8455259326616266,0.8620923447985743,good
-0.9408148989411287,0.20234109876529854,-0.9431510152361313,0.2601269047970481,-0.9413382559670053,0.2527150750005311,-0.9377873745773987,0.2514339157447037,-0.9503675741241526,0.30752437409931094,-0.9543261913209555,0.3294184211518997,-0.959241700995773,0.3512582504635714,-0.9315154699912552,0.299714723788466,-0.9692422489528887,0.3945750514714538,-0.9348051310843923,0.15524141726670604,-0.9428796958309612,0.2224364369432466,-0.8966365290113182,0.33229932553919767,-0.972422677866885,0.3817965024753873,-0.8963287014763843,-0.2393066870365094,-0.9999365019702545,-0.29052399618516767,-0.8798693336724911,-0.8642200863216204,-1.0337583965624668,-0.9520994019802904,-0.8838858569692807,-0.8582372734816998,-1.0377505014048711,-0.9459023996373197,-0.8922781541114252,-0.8581243551723778,-1.0188540233071206,-0.9331001340714056,-0.8918198158462696,-0.8608612122287977,-1.0196551213264797,-0.9328206989924183,0.8364645071835106,-0.09915099142565321,-0.8364645071835106,0.09915099142565321,0.8584707826778363,-0.7077584664803039,0.8833525110183568,-0.8195458391824608,0.9373721853837582,-0.6081874297923271,0.9583156562966346,-0.7142135560075398,0.9422760604197454,-0.459257763606206,0.9606610196173022,-0.4720547080315209,0.9441527174560196,-0.7992604937123362,0.9583830282719076,-0.8436537508167942,1.018485251919139,0.8143535908547551,-0.7731812644342471,-0.5288941965199911,1.2815886334336513,good
-0.9590932270546804,0.28251204034935495,-0.9587016959693186,0.3168263175252322,-0.956351606631554,0.31277129691455435,-0.9548466956352096,0.3102224586476715,-0.9686757774422635,0.35695498518075724,-0.9742018431591289,0.37983468838455553,-0.9792002295906327,0.4047769360524386,-0.9548043582845477,0.3785980332780764,-0.9908065909183843,0.49567352900401157,-0.9555266215781303,0.298511772879424,-0.9659205143635156,0.3552454712386432,-0.9304590623345725,0.488188441134494,-1.0020503167571948,0.5745615162909257,-0.8637012352807797,-0.35844119140910563,-1.1005395691236304,-0.43836899400133755,-0.9209031333676435,-1.0000631045757242,-1.0488640373944207,-1.0829114851671169,-0.9266910795126441,-1.0118571971486305,-1.0422991789583658,-1.0759746795959935,-0.9340589434500488,-1.0226755938779062,-1.0330147167615338,-1.075937363958132,-0.9314229342247341,-1.0197513743512538,-1.0345999134419857,-1.0765569135625923,0.9649461612082588,-0.16442192752375842,-0.9649461612082588,0.16442192752375842,0.9310264603094865,-0.9818283190296038,0.8626733218876332,-1.1052188700335324,0.9823115656553013,-0.8847762420629592,0.9349264961036948,-0.9145903332957765,0.980248741302438,-0.7393039454755467,0.9382454680016644,-0.694931641206255,0.9938534405151199,-0.9899713346740638,0.9402557304531312,-0.9778151690844977,-0.38179495217662907,-0.9953354974440483,-0.7835773384035375,-0.9541904144634111,-0.8977849604226419,good
0.2810991260937139,-0.2132932311894572,0.272617439011117,-0.18717588677600575,0.2713875495465824,-0.1750526173916536,0.2699911930142087,-0.1616353025428019,0.2746113344963929,-0.21677242453963438,0.2746423022035402,-0.22219399713615284,0.2749196938564578,-0.22297979202807652,0.26699097252883475,-0.14137093904812048,0.2805124697587853,-0.21231508120795345,0.2772527956382331,-0.20112232360907573,0.2774793165262602,-0.23833301765217707,0.241127586494506,0.022374041914108668,0.28462916169017083,-0.2032361737185691,0.5385766050853086,0.9431649145019545,0.5236356682865915,1.0378223932554274,0.415231087168394,0.8142033401724532,0.4319399117109911,0.6786573319824636,0.4206581775889519,0.7436730397083267,0.4335119645456684,0.6512259566876073,0.4147840577996049,0.7346531619569402,0.4184517048806498,0.6631841061142301,0.3916218575501544,0.751862936877242,0.41340925878406853,0.6678582510368435,-0.28608426061654324,1.2564241826072384,0.28608426061654324,-1.2564241826072384,-0.2841880032285453,0.4819284499294682,-0.2157030575886026,0.4395840229071027,-0.22334727504025148,-0.06033541887918598,-0.20180244235180755,-0.0819978904853236,-0.1961173296249002,-0.012017590752735159,-0.19672717397158418,-0.11904273111522957,-0.2569408476088987,-0.1002121018748216,-0.2347323986823632,0.023251472495704754,0.6706094810047072,0.6451595435980574,0.2063980591218116,-0.06843471203861898,0.5263662242383839,poor
0.594441013332359,-0.5610558816942415,0.5950888413097724,-0.4810900094960196,0.5970123911892538,-0.4540807350053525,0.5982502966032418,-0.4274609048243671,0.5902005290145973,-0.5508199607600776,0.5861409879657462,-0.5816443490456983,0.5818840091478941,-0.6087470300670473,0.6078641624811028,-0.364483998835865,0.5818613439691165,-0.6115041120174158,0.6004219645122748,-0.5331479732823259,0.5972475626382935,-0.6225904075340756,0.5832148099377176,-0.49097329752040547,0.5960844939816409,-0.6904732847609568,0.5012657104076119,-0.6155254149213684,0.6291378623981778,-0.8233953174239376,0.619480224171483,0.23908825808711281,0.725735632340118,0.20119059435964798,0.5413033034045908,0.21392300450099705,0.6918128174813833,0.2195552175257952,0.5640490258992528,0.2067307653843792,0.6879264826932975,0.2291514772133648,0.6007588346048126,0.24389899011225327,0.6922321946838926,0.22976497837650492,-0.5793591929205907,0.1322768249711779,0.5793591929205907,-0.1322768249711779,-0.6257792757460365,-0.13302429124005094,-0.6149252990265789,0.029761859730329025,-0.6555207921420545,-0.10757162063899568,-0.6794142834997743,-0.0009445665648579783,-0.6536008200565998,-0.2370265707558976,-0.7022267547371963,-0.2592304025482441,-0.7284598864909161,-0.029152005906881363,-0.7392649384406002,0.24031345036097868,-0.31981816852002376,-0.01986721651404152,1.1762254273980302,0.4414772083452375,-0.13039040347474787,good
0.68360989364183,0.2218056726651976,0.6996365882875366,0.1939968559996914,0.7009628741722502,0.20593712744525783,0.7027245511510468,0.2183980471547082,0.7034609492230404,0.1330272879313479,0.7065887177720149,0.10400255687763237,0.7107508358054532,0.07824198729936926,0.7185219025418957,0.21349030729811128,0.7232248441002038,0.02237614269629296,0.6837962768280275,0.2767091484014441,0.6874633543160186,0.18578610211279056,0.7514741707728597,-0.24484429127815432,0.7654098837932602,0.14179913321345333,0.3816232734712594,-1.2584081210357685,0.4728004140991361,-1.0501338006652894,0.4510951166752991,-0.6351124903415925,0.5306867332136235,-0.00840597516880465,0.402885426004204,-0.46553312325949464,0.5397571094081909,0.0007720251259020047,0.464270097676842,-0.33191623828481187,0.5595808937565822,-0.0628343803261193,0.4805428194966334,-0.34126896192016853,0.5747893009656245,-0.0700507906266957,-0.6060380194838385,-1.9529030807640142,0.6060380194838385,1.9529030807640142,-0.7936387877122322,-0.7031791447011011,-0.7774637059091465,-0.1424114541548783,-0.8312572976272812,-1.28858526026209,-0.8199695357201975,-0.7964183259269967,-0.810861015434227,-1.5390245132423355,-0.8198603933602054,-1.1480403182964536,-0.8459748647990922,-0.874113446629818,-0.902236468357121,-0.3955047175004851,-1.3280898117640323,-1.3196474003031295,1.073121256393028,1.8323901692292766,-1.2829393404614622,good
-1.0175833318980503,0.6195696139962067,-1.0098706706979972,0.6363442620415533,-1.0086039487714507,0.6307403939455771,-1.0077202350538583,0.6268742176786123,-1.0290516091316713,0.65784485966069,-1.0316218823126102,0.67344753784392,-1.034310615418909,0.6907044148157495,-0.9943890914252395,0.6347786129175053,-1.0371423724156228,0.7413961568660488,-1.0087820757306623,0.6097173971030372,-1.0150355756131786,0.6557847232875239,-0.9658069184052654,0.6039164013332906,-1.032707846521441,0.6849350478189277,-0.8626073313247967,-0.39214681384403105,-1.0969379668380514,-0.38564548487020567,-0.9351009548189797,-1.0173143925029056,-1.02727764646564,-1.0574266839064748,-0.9387343737383468,-1.001561844076473,-1.0284157511142642,-1.054473777595444,-0.9512934396257486,-0.999138030567469,-1.0185799623556673,-1.051137522445743,-0.9556114768976921,-0.998014828357571,-1.0138724267101182,-1.051706997368162,1.0036572222884586,-0.2827398042152342,-1.0036572222884586,0.2827398042152342,0.9528306385301899,-0.9712549368239942,0.8991809691571291,-1.012442238824709,0.9900812356342428,-0.810336611204541,0.980660004772651,-0.8193511876025708,0.9831669337227695,-0.6665174587509921,0.9792869251604228,-0.612450572689558,1.0040916167300273,-0.8926691951108755,1.0121071872094143,-0.9027723116191188,-2.1675219271424417,-2.1744799754160087,-0.4505845983931244,-0.571489721834002,-1.662148883561568,excellent
-0.35527087554322095,0.3467424065896296,-0.3610670181733142,0.3874730079176681,-0.3641570869272274,0.39765012942538797,-0.3671430463370484,0.4085144721149024,-0.3529587031110245,0.375026680240739,-0.350358374745328,0.3744025490047397,-0.3479704111167683,0.3761187843199281,-0.3701015411401183,0.455116664711269,-0.3409201961361648,0.40950146380558783,-0.3604311217267659,0.3571472497720301,-0.3548202807969695,0.3429629047860216,-0.41984559372019825,0.6402049066447946,-0.3116872841603838,0.3841384926566747,-0.40281268511383245,0.6275439143126871,-0.21820793371815356,0.4863494116913419,-0.41228594722225725,-0.11547835073931953,-0.24677161154954946,-0.2302030798720556,-0.39477336125359813,-0.16877965557433358,-0.2459722252561879,-0.25170875931323006,-0.3716306818251238,-0.17774410416497644,-0.266622224119589,-0.2540126939550779,-0.3798737465239056,-0.16060942000659814,-0.26881149862088627,-0.24648119530132942,-0.3694766826046507,1.1386855533487945,0.3694766826046507,-1.1386855533487945,0.31829671983605107,0.10371867569817937,0.37308070111587527,-0.4204233767485704,0.44402108620446895,-0.21433514567701187,0.48446514656145184,-0.6040653980890895,0.4661736104077923,-0.19535774595262553,0.5097953148711769,-0.5400605237510843,0.3902195418957754,-0.41835194312460944,0.42339759799134247,-0.6347565755835598,0.4078953750759575,0.4757429289321108,-0.8466449633728499,0.16157980736152597,0.24530166821157132,poor
0.12085530751767477,-0.24023975314731222,0.12038253724506373,-0.18932674143629094,0.11928331756856185,-0.17557621885550578,0.11838557678511923,-0.1615512540745992,0.12561772198303892,-0.21433760389548803,0.12879502614894042,-0.21593772385371296,0.13272374557862301,-0.21551320902642965,0.11475762819614421,-0.11537781417166378,0.13491920336473975,-0.19415560365058346,0.11858991266826686,-0.22922646583307343,0.12356202430333794,-0.26253396576704363,0.06550304229642312,0.011481505248980011,0.14951230477998045,-0.2058706102526563,0.16220405266863203,0.4578736143226226,0.31891576392315574,0.39511298350392177,0.20396322018181998,0.23353319552697002,0.27605328836854814,0.20052046514438554,0.17927722346157676,0.2094102392542224,0.2603850648489792,0.1824371316130763,0.21532948666186777,0.23352185040549633,0.244617715807146,0.18800756824333897,0.19608486316036278,0.19730445952792183,0.24820730537122793,0.1919766189588566,-0.6653218990986832,0.834743487323339,0.6653218990986832,-0.834743487323339,-0.21848629168012193,0.22172713471716993,-0.07852999608536036,0.16404448786377565,-0.2293601321653374,0.1940870241026283,-0.1740842308678806,0.29014138860461086,-0.22993233189903275,0.2753675010737884,-0.1953050380645329,0.3501427440480926,-0.24062885804406864,0.13567894332778574,-0.1837814877414965,0.2926757522299564,0.3078652728455477,0.5115282724987655,0.15957129851252344,-0.017786249297699917,0.3296577868764437,poor
0.7908076482616706,-0.8059894720237103,0.7956684080041565,-0.8453731820578888,0.794609067060884,-0.845664260362766,0.7935387664396848,-0.8478900406270156,0.7959989546160015,-0.8714309956720141,0.7945810419207432,-0.8861122040286494,0.7920050247257452,-0.9076255949833791,0.791411995386425,-0.9006971723709728,0.7857442521052403,-0.9650408412441803,0.7884993550596314,-0.8366087431956274,0.7935091502163649,-0.90193750633279,0.7850618716910958,-0.906833197782018,0.7953330387085827,-1.0756713417168535,0.8826605002934814,0.036330924850177936,0.851643070728939,-0.4154077798358267,0.9857641529454233,0.7717537621365054,0.8300298534199059,0.672304683440155,1.0486575623363517,0.8216035155026044,0.8116379988654453,0.6671964710176352,1.019172218986332,0.8135223837419993,0.8121134084070082,0.6963361699310409,0.9884375267655013,0.7959368637824102,0.821212463580205,0.6986617892779667,-0.8925199126203628,0.23226506193289123,0.8925199126203628,-0.23226506193289123,-0.7003348202665349,0.4337902340229632,-0.7343725939735365,0.465857055149754,-0.7752269833091726,0.41732058445290104,-0.7966968788515719,0.17390547785075766,-0.7981469980665644,0.3477834121531801,-0.8364214470954179,-0.05090609923711083,-0.7320668677059597,0.4832818600651382,-0.7720041342184506,0.4792138726369251,0.17913625308037648,0.2819541811055182,1.0982857360126146,0.36262312401764935,0.2211955376863762,poor
-0.9272897985440147,0.17167873467133993,-0.927645505830068,0.21012482756361509,-0.9247715134989573,0.20804384715971783,-0.9179524900174505,0.208186267047051,-0.9373605604554577,0.24780289411198922,-0.9395700132254778,0.2699082162606326,-0.9445055279297455,0.29568333909416505,-0.9205473624200342,0.2741968447732297,-0.9559238371828039,0.37620965164126613,-0.9210397839592381,0.14834032076526513,-0.9327064171187859,0.2061684804023242,-0.89351571302067,0.3377580269286854,-0.9695813054512565,0.38454037426469356,-0.835702276904034,-0.20164291723355762,-0.9969764125658537,-0.2451777885457502,-0.8099917703609621,-0.8657800068822307,-1.0060733885980246,-0.9423666830463235,-0.8157018167892197,-0.8699953148152392,-1.0026944976803656,-0.9409766889420234,-0.8471164821459155,-0.8659516335698023,-0.9920654953000135,-0.9360044727514379,-0.8470109958949674,-0.8673017970967752,-0.9887715466376593,-0.9360657868818009,0.8311404194578228,-0.0002180442747780367,-0.8311404194578228,0.0002180442747780367,0.8893568791366255,-0.7295593140167361,0.8885227487911799,-0.8706419156643196,0.9618166719268528,-0.6495715505057889,0.9528823496690352,-0.7543666257162819,0.9635742440719086,-0.5144585717284322,0.9521979336074994,-0.5386444769618813,0.9679348618701874,-0.8275529982222044,0.9640202891649707,-0.8676016876683122,0.8858555357779236,0.7161745704263783,-0.8343148322247986,-0.9388532202858029,1.488219810693178,poor
0.3540448241780298,-0.2255150219806198,0.3432176711519246,-0.2037689795389748,0.341872890955186,-0.1902988505801241,0.340314207034805,-0.1761910845747887,0.34482982595893125,-0.23865956409103004,0.3444731054964754,-0.2453352488585025,0.3443994143020117,-0.24719182154374264,0.33654794213698863,-0.16294886309712409,0.3483816550069063,-0.2413400278318346,0.3504528100835781,-0.20592936206977738,0.35108558837171644,-0.24747281764503076,0.3170141004620329,-0.0023203270115682013,0.3477010491459391,-0.22803005083507705,0.6513698868910927,1.0705489198984186,0.6048747644511353,1.1915720149041042,0.5073717172675712,0.9669706593738184,0.5062044908391906,0.8141022290007032,0.513139710675656,0.8966805663357164,0.5076211031787243,0.7905659217457122,0.5079177602471551,0.8854922869877135,0.49378692918704786,0.8049896950436158,0.4799409675841047,0.902386636027758,0.4907512237932876,0.8088603453312799,-0.2747335981904805,1.3325308485924392,0.2747335981904805,-1.3325308485924392,-0.33600490808985645,0.5276547991884959,-0.28500772208664277,0.47184752772179794,-0.2772003129169231,0.04097512066067155,-0.24276552820307873,-0.2575964369308395,-0.2389040445517459,0.013376402879324217,-0.21055459226371492,-0.38294712477784265,-0.31661550666535637,-0.07524234576504192,-0.2933441718454057,-0.20099603911332312,0.6960704351299213,0.6578572948602306,0.23048638482027084,-0.086517305042644,0.5322623574969106,poor
0.6253342704505911,-0.13498494175063228,0.6198975916893043,-0.18928863431600815,0.6154669719170592,-0.19612718644304253,0.6110754497774941,-0.2063530860897539,0.630140427708306,-0.2018633961216242,0.634294130940847,-0.21029291136411227,0.6382318755809187,-0.22070674753919026,0.5901000805323894,-0.2650625590839625,0.6192379166835662,-0.30657453610677404,0.6126881458628501,-0.14565592760579169,0.6263447670374446,-0.1748407995436827,0.4865054919813752,-0.2196162145348591,0.6107763097370161,-0.3259596935003848,0.21144724559898195,0.5225265819371163,0.5181843330703951,0.44785577917529185,0.18227417882409738,0.9226548830460386,0.4126409035082807,0.7677320664931846,0.17406236537550224,0.912059864472696,0.3802202069767887,0.7694203987410093,0.1964222511102852,0.9168928548378783,0.39384043940462093,0.7812302000601631,0.18864026517912255,0.9174253391653494,0.3895353337947137,0.7901053185334886,-1.6088305085649255,0.4941270429209554,1.6088305085649255,-0.4941270429209554,-0.8180498094346038,0.49579624567941916,-0.6021092391293038,0.46683412432925214,-0.8250877983515752,1.0758389772428267,-0.760143656045235,1.1835974546921437,-0.7872971210362234,1.0858136276044819,-0.7094352948592988,1.090625544253298,-0.7041098820289935,1.3281045961393183,-0.66119444412159,1.1135500365328357,0.03706594823181248,0.19642703689932473,-0.6269205512599136,1.065631194711671,-0.38727228750760434,excellent
-0.9592734639708315,0.2943387169480901,-0.9598498721815659,0.3249454490781874,-0.9576682415754852,0.320773212637811,-0.9558387719145458,0.3184211149812338,-0.9684953247049531,0.36848506985730145,-0.9739404027608721,0.3934464787775,-0.9790147998048053,0.41987328321257283,-0.9555596155606283,0.3928601865493977,-0.9911243620117514,0.5113896202005364,-0.9557182438105076,0.31165381762372624,-0.965931026152354,0.36870662711274327,-0.931854045601472,0.5018478797931195,-1.0034154988556285,0.582766083954085,-0.8400839267132119,-0.37560760755218475,-1.095426460478521,-0.417064537472914,-0.9117711441475171,-1.0024595476088434,-1.0411928805906558,-1.0778371602623669,-0.920769124721736,-1.009254608568877,-1.0334188912224478,-1.0699798491655776,-0.9303461914551684,-1.0216546597997984,-1.0240739759886632,-1.0719926910524407,-0.9271139252881996,-1.0187494628952283,-1.024510478772,-1.073559707966849,0.9913799230713425,-0.15960689503531084,-0.9913799230713425,0.15960689503531084,0.9457361738715417,-1.026985618817251,0.8700193478114823,-1.129766243895173,0.9897055842663968,-0.873897968178936,0.939544053892895,-0.9187591180815669,0.9838654376050476,-0.7324676746324932,0.9432343469509858,-0.7090300539419656,1.001270143061312,-0.9618850423877895,0.9449507817100257,-0.9720129867544017,-0.7987817798855549,-0.94497491875824,-0.8532594717126498,-1.1657050681335854,-0.9347799372580693,good
0.49121096851706003,-0.3412349984986336,0.502253175891386,-0.28306965372735865,0.5036786395686645,-0.25180789961801153,0.5056441933308231,-0.2204427579034582,0.49813020825003135,-0.3799838901859681,0.49523905635864457,-0.4125103281741491,0.49137101444549436,-0.4405038834410503,0.5214501952656296,-0.17858575586405678,0.504530668567451,-0.417147922684464,0.47927381525460505,-0.27664686889046314,0.466773912526955,-0.4115685612633452,0.41647989060799057,-0.15477735921684183,0.5094583250188432,-0.3216978841122068,0.474342923380251,1.1137772140783557,0.6977702561106194,1.2744652702836623,0.39293224610505023,1.393057988418968,0.48259215868926886,1.0403634409288247,0.35959868206515205,1.3354225925643861,0.46967304796483184,1.0210589861225874,0.3705939741789873,1.298792313095144,0.45207133046415277,1.0438083860548797,0.37121041510232083,1.3295324677319105,0.4424447504688708,1.0484607750880242,-1.2303255334169372,0.48729634338464484,1.2303255334169372,-0.48729634338464484,-0.7412209033953108,0.8368317970361182,-0.5077507099736513,0.7291200954631619,-0.7592420881834483,1.6671658082271588,-0.6462529920249264,1.6443431679791365,-0.7025342335310764,1.7318146864312653,-0.742474258265506,1.638845401849719,-0.6190224476504439,1.695374953785208,-0.5195341030564111,1.3920905798068843,0.45533939288066805,0.6695574715488546,-0.8152907439629403,0.3985558461115235,0.05304349227731568,excellent
-0.6158722937691467,0.10502022035997795,-0.6202512393295149,0.12324749248118261,-0.6211105232942937,0.12554901826361375,-0.6232070491194174,0.13058243623973131,-0.6221501609549238,0.1662295360734295,-0.6251192708374139,0.19411120641154744,-0.6283650951174102,0.22403851847026696,-0.6375794794405032,0.24052728681935867,-0.6398492363233805,0.343009747582834,-0.6168543226520092,0.12284890441130736,-0.6201853174507032,0.177714233875176,-0.5784914412592574,0.4269373191419049,-0.6973294997783075,0.5096439997236341,-0.42015748608118686,0.38764249045562843,-0.5170533210355752,0.6242767575157725,-0.3582001334210363,-0.36399914033551645,-0.36677392973176454,-0.42807988839959815,-0.36476073969158734,-0.3334143402444477,-0.3901563985031946,-0.41587266461729905,-0.37379290855700564,-0.3366083989713047,-0.39945848830785186,-0.4196569631892544,-0.3754202780349022,-0.34471399637796696,-0.3979579897780838,-0.4252500793005003,1.557281426141473,-0.10523207119154634,-1.557281426141473,0.10523207119154634,1.1240325789168475,0.18490351865707425,0.9931085579147391,0.3899329484295561,0.8219468120829723,0.10975058575579907,0.8064749181123704,0.14317806570016609,0.8076659952256041,0.03123168011149624,0.7875139295399549,0.20521232128397401,0.7602156044556746,-0.0899725207102182,0.7710603246316541,-0.18040916323529768,0.7543402355886429,0.4528135436970466,1.0459218994871764,0.756309286351295,0.4156889535850652,good
-0.15230712140231004,0.9608346763353842,-0.14742257344187892,0.9648078901440068,-0.1505395970984368,0.9794163389858876,-0.15328318150053302,0.9940614592271636,-0.13532738838798208,0.9171212565131971,-0.1300485570624286,0.8973868134033575,-0.12446799693181486,0.8744008195858509,-0.15028483443543822,1.0087620871361533,-0.11116451609244099,0.8409964772049645,-0.1598806051684731,1.017585611728667,-0.14484959136858677,0.9558481043856986,-0.20335750430728577,1.119407545225197,-0.07249415043987166,0.8667599152675186,-0.24221164928960554,1.0912713416078403,-0.020882787573334668,0.8740052399568242,-0.14282999235473318,0.15789005726928362,0.009772286154320117,0.1625144854348496,-0.1817851398951476,0.11895408735139848,0.01963900373815959,0.1449206649898716,-0.17339426918219408,0.08554810175566092,0.004373885248756933,0.1508742096453695,-0.1533570928338767,0.10290020315789572,0.0033842318999325375,0.15901622457747683,-0.9428744186310859,1.1744012017460683,0.9428744186310859,-1.1744012017460683,0.030922984253334132,-0.12981484124433948,0.15533986805614353,-0.29399034029133553,0.051686955199848665,0.014788357884399063,0.1292136767753788,-0.10398193397578405,0.05180395417944454,0.052319873012745634,0.11281237893596162,-0.044785046165127206,0.008705424417476558,-0.02171857403851766,0.08401068224201073,-0.055696285834121104,-0.5617072654354132,-0.13198012762006078,1.3639061454500456,0.14265724474761224,-0.6584211128832377,poor
-1.0145292307312734,0.6854025400450208,-1.0096941307473635,0.707512664694885,-1.0027862210278795,0.7028704846479116,-0.9971073109979363,0.6989383498428399,-1.0217169329549638,0.7344536844367842,-1.025649285918157,0.74713884970984,-1.028906387390558,0.7610371204486205,-0.9860427074849089,0.7163710615219143,-1.0322414857455486,0.8003214398827284,-0.9992965544762779,0.6883690415185453,-1.0085119196611014,0.7160882681686352,-0.9617464636749363,0.7117493395062474,-1.0290873130152771,0.7526388495956688,-0.8712705496295423,-0.2597311544301565,-1.0766321004217494,-0.34615636027726926,-0.9416521331031271,-0.9824831515757135,-1.016286223227839,-1.0293955325754354,-0.9477404291501472,-0.9669242200524567,-1.0124636355249967,-1.0292752334787718,-0.9520416270875617,-0.9575213550289918,-1.0126317191487268,-1.0170549957994197,-0.955437875973219,-0.9578370202607304,-1.0100208685850685,-1.0169015047169296,0.8832965598962895,-0.19674383529724573,-0.8832965598962895,0.19674383529724573,0.9308899847575256,-1.005983752480876,0.9181183721112502,-1.1454250322159023,0.9796859867664166,-0.9078277083486851,0.9927448726723314,-0.9620110521669596,0.9776322010310013,-0.7750595398060806,0.9911379980178394,-0.7708830482896152,0.9847796668822136,-0.946299721471738,1.0092446457582298,-0.9987907286187733,-2.534602771869251,-2.945570666066984,0.2765388101990494,-0.5461883494151031,-1.794077292935226,excellent
-1.0012137253832751,0.3516330932902528,-1.002445461293881,0.37550019817281277,-0.9991116141825273,0.36818995629625667,-0.9963415848924797,0.3570319900858468,-1.0126361132473312,0.42803451508999474,-1.0155841827916667,0.44836125287873924,-1.0187125967618373,0.46994397312393377,-0.9921818980547823,0.39334260517226927,-1.019949662401161,0.5321892263116655,-0.9904368413522127,0.32676678125569675,-1.003968028187142,0.3902379638945186,-0.9519776099998712,0.46017469528331945,-1.0198854116280691,0.5628450646925921,-0.9239460941830527,-0.1592303143258126,-1.0521882020674636,-0.13894805251673448,-0.9777690751757122,-0.8985806119171843,-1.0097232787739365,-0.9745818836068946,-0.9817652446586818,-0.9088598216648539,-1.0110225168752258,-0.9822465085702634,-0.9811175406154357,-0.9147855558887203,-1.0044510067324488,-0.9826580839551805,-0.9828280678107207,-0.9141474911922435,-0.9994710833292257,-0.9822603618500831,0.8310443813846977,-0.20212549707103153,-0.8310443813846977,0.20212549707103153,0.9085164980566053,-0.8749277555354256,0.8917917768135666,-0.9671440101956862,0.9837926774093331,-0.6682336651757156,0.974678560453387,-0.7553827871537601,0.9836775431457719,-0.5008100920922489,0.9716974750761749,-0.4878829541712937,0.9905938552127799,-0.8473878878342409,0.9794827907358897,-0.8843897547483893,0.3262678846916612,0.4009654122552754,-0.5524731674891621,-0.9969990316987498,-0.18222630796976305,excellent
-0.07612737008037242,0.14451536652976615,-0.08391091359397815,0.12644960810646266,-0.08671247013604189,0.12311351916016003,-0.08917649223241088,0.12517010081593719,-0.07956871497910427,0.13859581572808705,-0.08022128850480158,0.13864188125427207,-0.0821898659700687,0.1358946589707653,-0.10517562640280748,0.12950314608782204,-0.09040299060015129,0.13157014207792028,-0.08265888282249766,0.15582271695332292,-0.0761451089809596,0.16887847275769913,-0.1230165934931583,0.469787244610139,-0.10380702801226083,0.21767917954952948,0.11206855245270872,1.0521475212651874,0.08844362877381313,1.0763845079478924,0.16753357885970202,0.37725529657568746,0.14813060384230392,0.18311230145332313,0.2383258886543676,0.38064403891556803,0.14730361567419473,0.17704383447848673,0.21564279182256846,0.35433928090745564,0.12961993852394477,0.19055367123499142,0.20615481538634914,0.34500032455025753,0.1284859241095275,0.19100853922716668,1.0713732056065346,1.2068299437952175,-1.0713732056065346,-1.2068299437952175,1.043203408447877,1.2667847467663838,0.6085774192739621,1.0815080395650152,0.5999414085475986,1.0024939293620114,0.41658467216267947,0.5263455707451171,0.5667533130453146,0.9141204499043002,0.4088552113774277,0.5230491941234332,0.4670106691017198,0.7107641041843402,0.266720207384542,0.33408159672299176,0.5208064577816054,0.4770531473042524,1.3627352059615405,-1.1270769269548424,0.29725694154238347,poor
-0.14791212455104896,0.9526974331589527,-0.1443381037196263,0.9012181887668841,-0.14816216907380025,0.8914463184916811,-0.15123405665351036,0.8792846244588134,-0.12904249808930573,0.9120533267795311,-0.12175237582129617,0.9091350106534013,-0.11328187537091348,0.9049052005151139,-0.1544532534673416,0.8236732348567827,-0.09727774564804738,0.8765059238082314,-0.15322350391576067,0.9546308615503921,-0.133600903630941,0.9672729136124454,-0.17444643185844355,0.5317488024894018,-0.04468675930242587,0.894707117549521,-0.34253512773434486,-0.9571569097892082,-0.1402244305779101,-0.7043853496488744,-0.4106980316275501,-0.9704285229777557,-0.18407232680406108,-0.686007824704023,-0.4145067163557772,-0.8990552889246882,-0.2072355022262521,-0.6638190077568399,-0.38746359639133565,-0.8907281303754958,-0.201210082513135,-0.689119546155351,-0.36577375856810085,-0.8945717867004108,-0.1885402083452921,-0.7024009151965841,-0.29665840152019635,-1.0889514653656927,0.29665840152019635,1.0889514653656927,0.04929889575378391,-0.9660054131535822,0.14273875446817272,-0.699077712082154,0.07831018723608014,-0.8694816525715988,0.09340320668256025,-0.7139421243660664,0.08030416656434712,-0.903945687741632,0.11278566970945064,-0.7347194444528888,0.11957050859345877,-0.5470698828963638,0.15147818089251303,-0.5034732943952095,-2.372583265281978,-2.4146453245107478,-0.7083056980133157,1.4826745562619916,-2.230000528639432,excellent
-0.985143077470408,0.3639915605932127,-0.984625949499131,0.39698097758219003,-0.9817338791918322,0.3923241167910566,-0.9799375713368517,0.3894492860698804,-0.9942232727164911,0.4358683061160586,-0.9965729050355016,0.4569767685733319,-0.999033070526965,0.4794104441860363,-0.9739383570782374,0.44479760497187243,-1.0057071092252028,0.5400519833423484,-0.97593569500822,0.37695398472065894,-0.9878206472337356,0.4309939658634546,-0.9416417544869992,0.5207194974527857,-1.0120610271224362,0.589737351737178,-0.9424984104335574,-0.24757754220071407,-1.0404481922762436,-0.2673304049041223,-0.9967199385519417,-0.9737649825204765,-1.0048556458984002,-1.0539078027349755,-0.9936885833826637,-0.9811923591856959,-1.0036217596839019,-1.050023403332206,-0.9916852545377142,-0.9929488492577381,-0.9936881771916993,-1.0544758403276397,-0.995622322364843,-0.9923371904913025,-0.9936729028477145,-1.055302993309426,0.8982380088987028,-0.13129156520920643,-0.8982380088987028,0.13129156520920643,0.9255003740276777,-0.9914264709137653,0.8801726441656423,-1.1063267312139815,0.9652313497385862,-0.82973793962934,0.9543473039279783,-0.8831652676185338,0.9698075369293104,-0.6841647406866055,0.9568312000269491,-0.6695738142323088,0.9745180599182818,-0.9503712071004913,0.9573730944038024,-0.9745157564390897,0.2365245565941102,0.22515904308761397,-0.8627495492050721,-1.1029661572163807,-0.805549652007682,excellent
1.3385375112216533,-0.2043098287879102,1.3468045765977203,-0.3096004603432549,1.3457787783290527,-0.30333694117412985,1.3450040142558277,-0.297213722318414,1.3529072498693042,-0.3713644911061838,1.356733922836942,-0.40912247033624344,1.3615307894426438,-0.4522018083771092,1.357684537865861,-0.3812101408201848,1.368187420401577,-0.5945762671736918,1.3420092472438458,-0.18814736714020883,1.35517952049298,-0.2730814859402037,1.3137307524881996,-0.8078160535814508,1.3523972529351922,-0.8336661212381735,1.1531836652780534,0.2704713437267869,1.3704190507225562,0.1824212887966012,1.5067625016098758,1.2032598171060742,1.4882853694183829,1.4883532195354077,1.417976581748318,1.1098649919314856,1.5421045778996556,1.4949238397151288,1.4880325127155827,1.1715586356387095,1.5396843840802692,1.4612068857262093,1.4900600063499494,1.1260560038993024,1.532440490475884,1.4720381714034139,-1.3028162421903433,1.0446275552146405,1.3028162421903433,-1.0446275552146405,-1.2628863789656568,1.8813740833860966,-1.2231652154309443,1.5649186189679807,-1.426697779839403,1.9167118054633596,-1.2753353759479202,1.8275076600636302,-1.3873516646201935,1.873325044085973,-1.2998343408556219,1.864938842801677,-1.3890153810108337,1.8264156488042051,-1.316645325680776,1.7858117058234448,-0.28750357026690526,0.04892899926984577,-0.6672403900168987,0.33872428388094467,-0.1280861417304169,poor
-0.9627221255294537,0.30176567757416745,-0.9649601966000707,0.33034084931820984,-0.9634344863195788,0.32520325717722776,-0.9619541478566607,0.321638242175169,-0.9708402208913339,0.37405409352061775,-0.9751600020983484,0.39926742348899086,-0.9793689452452816,0.4256832700296161,-0.9618303202410621,0.3945928786368676,-0.9901641953080761,0.513541144612218,-0.9596174902894847,0.3127109543100918,-0.9683392801747664,0.36800880723196944,-0.9365507869056556,0.5192166702678007,-1.007639248339058,0.5904156621740485,-0.8838875042088737,-0.35957044357431855,-1.0755112099134225,-0.38572145393832685,-0.9345081604161345,-1.002884978945149,-1.0338432829320832,-1.0771337065293045,-0.941389420587722,-1.0092585331075195,-1.025681010307879,-1.0735354751382884,-0.942502219350319,-1.0218768719590872,-1.0189567567545141,-1.0740152145036694,-0.9412187415620533,-1.021278247567454,-1.0186244549136876,-1.073829862323351,0.8663758375954645,-0.14592957380092797,-0.8663758375954645,0.14592957380092797,0.8901318051123922,-0.9855758670009088,0.8775603270965143,-1.1235944909610802,0.9672288483490774,-0.8538618318109124,0.9510133287254211,-0.9299712489834598,0.970836449587558,-0.7082767212595404,0.9546396698356232,-0.7012401860512418,0.977911023152168,-0.9702741159203864,0.9542303217896164,-0.9942946299636164,-0.5810291015567768,-0.6203869268199914,-0.8269193423362797,-1.1734228700842235,-0.8695529608754282,good
0.2096936857614021,-1.0864160893721104,0.20172953076770178,-1.0316383451298405,0.2070021777698003,-1.0156729107366673,0.21191838238846,-0.9988391069371345,0.1824206990762308,-1.0345725457271076,0.17138860240229947,-1.0212500386933896,0.15838464569487956,-1.0006808533263112,0.21555995545284415,-0.9089512131220684,0.14474911157546833,-0.8974098680740953,0.23068953260304925,-1.0279397172065596,0.20368491016135135,-1.0400556977334887,0.2909486313385613,-0.6581079437207069,0.21989243725278412,-0.8593743949467231,0.042683667720579424,-1.0651689408827723,0.12806621127045925,-1.0782238791453795,-0.07316949739279033,-0.6223901088252055,0.18405497085320596,-0.3130720307146056,-0.1275388930344447,-0.5772836112715607,0.20175617426889877,-0.294795745097478,-0.11203569700310327,-0.5780109019804576,0.20979739276574635,-0.33616863640065636,-0.08401352313278315,-0.602560905114914,0.21133617901959983,-0.3431302501319133,-0.07082900188309814,-0.25704829654644146,0.07082900188309814,0.25704829654644146,-0.3245723660137839,-0.42197420219257914,-0.39176937247309124,-0.32885164377149206,-0.27791275773160984,-1.0761988850761584,-0.26585374289464114,-1.1414537780355214,-0.25939976626306066,-1.1864419125687558,-0.24048872971624524,-1.2961942234024475,-0.3513309224108534,-1.0877266505579044,-0.37482569348603706,-0.995910323024697,-0.16433684434249576,0.04441004526340633,3.2077218608724585,1.3744804264465562,-0.3505424419536884,poor
-0.973758470671521,0.168254374920816,-0.9733381991934672,0.20452139554797283,-0.9714899975282644,0.19906434074525747,-0.9693822746592285,0.19414307383728333,-0.9827409953565303,0.2615433310879404,-0.986710588193888,0.27906224339792707,-0.9907644180700278,0.3046145388233861,-0.9677503691557768,0.2566981331112901,-1.0006526772605158,0.38512681621906397,-0.9670312899780408,0.136707393148554,-0.9796164485475181,0.21715001270703638,-0.934255999936728,0.3381673191499303,-1.0056648837626156,0.41317068483329655,-0.9398739499721545,-0.14143741363909168,-1.0359047621923156,-0.18645097511080355,-0.9311008943622795,-0.8338058207738271,-1.0387903125998814,-0.9228299861476004,-0.9278320642531083,-0.8366159948659211,-1.028259350179117,-0.9283332441029203,-0.9389932141550531,-0.8510884465482299,-1.0187385093211019,-0.9271134339377258,-0.9429063446800316,-0.8498762560195069,-1.0194838494476604,-0.9236236428827705,0.9184343024062896,-0.14502094240340427,-0.9184343024062896,0.14502094240340427,0.888306803384034,-0.7950812105957504,0.8814874727675582,-0.9059890498024501,0.9555306766889312,-0.605470470188926,0.9611159372209529,-0.7182005320046709,0.9560959354601886,-0.43715095450069713,0.9614341362518218,-0.4875097385647214,0.9600571939935694,-0.8115730341068231,0.9696817015322574,-0.858095335187227,0.924190665609782,0.7542612294179081,-0.8544384472876206,-1.085669679682127,0.9474093153626059,good
2.03482074903599,0.2356373150748899,2.0436425040610104,0.05817855125547831,2.0438335968252015,0.06737692555468121,2.0451692504071204,0.07780021865193844,2.0477375560745683,-0.039605548905089216,2.048998383233751,-0.09902477983913417,2.0513858273855328,-0.15993246481242207,2.0709845451698485,-0.04219660545993142,2.0570820979804894,-0.35680979495538323,2.0212016667237718,0.3609460138976439,2.034964615040161,0.20795694965883085,2.2384992432402755,-0.5760948864407638,2.138923425177887,-0.28698914042123314,1.659091640408591,-1.7769148140130506,1.5942717516238467,-1.3846592661438262,1.562438198856894,0.4890936881337451,1.647855787294763,1.1257359694215359,1.6790910265810584,0.4247613390194812,1.717234556646852,1.2024931052684285,1.6864867576689464,0.5262305827966154,1.7182175238670228,1.1094098515081618,1.7027374006898146,0.47269567100627474,1.7309606822771053,1.0773919525595559,-0.24709246296049195,-2.1894047645630916,0.24709246296049195,2.1894047645630916,-2.0114622081563946,0.17625000785282188,-2.041730499137128,1.1772030690699975,-2.1785894610748073,-0.596459491209331,-2.254414358532611,0.3916290005724237,-2.236711812272839,-1.1008689015548527,-2.304246290517614,-0.3225195189493121,-2.1532062707219803,0.4797676888155207,-2.296867923561561,1.350183614343684,-1.3534706767758191,-1.196330324114735,0.03664530043739276,2.102462095440489,-1.1686748296254992,good
-1.006073466419982,0.23941119330063215,-1.0057666394361369,0.2854172217223308,-1.0024558225972606,0.28059562589383924,-1.0007640283501087,0.27638308140870194,-1.0173745813579382,0.32244846088084256,-1.0200971837364532,0.3436065260970236,-1.0235560603636005,0.36186302775748347,-1.0019375208067938,0.30566831292619745,-1.0256672250596832,0.43389289601048187,-0.993089004648036,0.21066736002459446,-1.0075881641160265,0.27093887731258365,-0.955719980642905,0.3759998014141644,-1.023798232530168,0.469929622445936,-0.9773862545821966,-0.03904268838113794,-1.034604170095687,-0.042497445790923266,-0.9966271085342371,-0.7637548876695164,-1.0188521393091958,-0.8629255733204356,-0.9974389799490903,-0.7694549883235323,-1.0195524665725377,-0.8735168319825384,-1.006186902856121,-0.7815509784159074,-1.0105002048552925,-0.8640504912526822,-1.0094724155024004,-0.7820029733345752,-1.0083729822800296,-0.8612700405055572,0.7634877217881862,-0.18627587987323038,-0.7634877217881862,0.18627587987323038,0.8889044955702593,-0.7484469772340887,0.89934144006325,-0.8261541852104386,0.9645836321430478,-0.5174878563191951,0.9742881942434022,-0.5908334475819994,0.9642084993251874,-0.34436780838657277,0.974418161966594,-0.3342864288005452,0.971311672013207,-0.6929244454367884,0.978610295857955,-0.7732090608044683,0.8144541508229637,0.7857660137999922,-0.9450284812830315,-1.166806559646922,0.8908383723487484,excellent
0.04905787738020048,0.5828101956342279,0.048360713501247654,0.5498967751239792,0.04477309967351682,0.5455466778151623,0.04189918859380532,0.538578562675224,0.06283932325870482,0.5345994971167477,0.06914327753452727,0.5215185787085881,0.07606188489203143,0.5056291820629261,0.03952167321425099,0.4680717909675136,0.08770042403118151,0.421421583369297,0.034267363221783795,0.5552953359061689,0.04727621756227268,0.5279038910234936,0.019364109835668906,0.6337478797511547,0.07099432679386311,0.37842709912734135,0.36174295092981473,1.5588054216752956,0.2899720856683647,1.265007397993576,0.4031857378407029,0.7756395104064068,0.33224567738516425,0.48529144998005314,0.4181505378158433,0.7750181208396854,0.31929189069901326,0.4895139391225037,0.39308270120979444,0.7182968599600819,0.2998370982763705,0.4895232263183802,0.38558007771674135,0.706495441979753,0.3004854944570454,0.4900636185761868,1.7572222900390835,1.684288532831861,-1.7572222900390835,-1.684288532831861,0.901872971325127,1.7841819924096027,0.33137632437148345,1.6175450115088827,0.4710137243276312,1.369576877865167,0.26778292043953644,1.0597358808440922,0.4486793641840928,1.1110178988208248,0.3068814174979765,0.9806869244217521,0.3570813711966081,0.7412774373806125,0.09843240772947974,0.612819582189877,0.5868892016284171,0.46871245178301624,2.095532266027015,-1.0900748708557593,0.20141561862225307,poor
1.1742093039370083,0.15653433512315068,1.183553407169871,0.06636571660722491,1.1850473132930857,0.0729330107496996,1.187514694541323,0.08120239639483345,1.1841554141626867,0.012015050325050477,1.1864684358242037,-0.021025140208321025,1.190615404834542,-0.054441569592924836,1.1995261175591907,0.04872394149443643,1.2000978568451643,-0.15231625397075915,1.1721447402585792,0.2234466266478294,1.1739755794296118,0.13080274899086355,1.280255443457303,-0.37234045976794683,1.2734844599776314,-0.030670804763472462,0.8357830185591247,-1.3542673901491304,0.880377711226135,-1.2929544814151999,0.7451328403573836,-0.11764057944761985,0.9383403064390511,0.3278936767693506,0.8511657486651831,-0.13384484204025027,0.9999452526120494,0.3827142937881145,0.8359447428840868,-0.10757167641649283,0.9949174324111069,0.285820879942131,0.8370129760964404,-0.10969980086439786,1.0022613580222504,0.2613634198338278,-0.5945007793389654,-2.2930484504614075,0.5945007793389654,2.2930484504614075,-1.2784972040272826,-0.545755047752999,-1.2575838695700414,0.27019454486703726,-1.3642136720966425,-1.3483749905339706,-1.3726174747780673,-0.6285230975878502,-1.3717147745762368,-1.7474012099802787,-1.376999490106452,-1.1080683272429015,-1.3731295124743663,-0.6210266805705208,-1.435008135503048,0.0718843506456716,-1.1802057931800611,-1.315115921545829,0.824605678550991,2.094483933905974,-1.2110353783608465,good
1.7240003181840864,-0.766892124905773,1.705512252812359,-0.8720383384757405,1.703072621003127,-0.8697515282139056,1.7003437944167419,-0.8715065795683756,1.7119848980009078,-0.9009897064878488,1.7164363611705917,-0.9142615795407972,1.7233411182276008,-0.9294040811465877,1.6841125538355959,-0.9381180398228853,1.7291174273070338,-0.9797348712067272,1.7180613472583646,-0.7090072301588932,1.7305805565491779,-0.767774956280427,1.6856478645670634,-0.8721233368686319,1.6954083963822324,-0.7924582224554669,2.491579359303931,1.8192408975591252,2.0194106214291385,2.156967690550877,2.36925192359734,2.8638522179321946,1.8989828685603458,2.574607256842768,2.422697634263583,2.8765450317070473,1.8871502675737206,2.5770828729908297,2.337007079086317,2.904595916710369,1.8621097056647116,2.5683222500895875,2.2807722185218586,2.900912286462433,1.8597353514793642,2.58229078855231,-0.9326645726051581,-0.8724460321849042,0.9326645726051581,0.8724460321849042,-1.2114295327885691,1.8356411407367366,-1.2465577758197341,2.2036772703717857,-1.468363860739359,2.21747071384968,-1.546649836967687,2.2554868050197014,-1.5700516891817948,2.184846723785273,-1.6080948265761703,1.8957504649178745,-1.4943405048227965,2.3981099436155584,-1.5030772043008456,2.440682046037095,0.5839073590217686,0.4840797735549562,-0.8324724234457755,-0.034721245445410186,0.6392004006138711,good
-1.0123354695746147,0.6607438521298117,-1.0033761138671544,0.6801119132966507,-0.9973757521402113,0.6761778822481055,-0.9912508271286934,0.670720163149393,-1.0199129615072677,0.7061868131330434,-1.0232357266580048,0.7193655965246741,-1.0266754982869384,0.7333932644663964,-0.9816002256507504,0.6845513642439255,-1.0281718091672785,0.7754994024902138,-0.993935702858313,0.6672841043150519,-1.0146393771370001,0.704214797054845,-0.957495019472354,0.6818610756892277,-1.0257870456056588,0.740199241942687,-0.8868755997792036,-0.31497795874166085,-1.0706787140161722,-0.3983813270035805,-0.9559275320739674,-1.0174761365822396,-1.0135245133152049,-1.058083780135549,-0.9562546970849605,-1.0086040719016853,-1.0109972979572548,-1.0538312764582953,-0.9579742198621704,-0.9953391857609668,-1.010696106471901,-1.045428708628205,-0.9623213315405201,-0.9959584483682777,-1.006450698263862,-1.0478059042821024,0.9141851920494837,-0.19086843133818157,-0.9141851920494837,0.19086843133818157,0.9271909562550591,-0.9959433518341663,0.900749323788453,-1.0661397116594105,0.9712213566167578,-0.8057047368640725,0.9782576400581452,-0.8621259259517919,0.9691096433208986,-0.6837529716718039,0.9781459125610056,-0.6604214340326829,0.9718742162593474,-0.9423139053650655,0.9942036933740769,-0.9400206928804536,-2.6855869730542103,-3.1071187855112608,-0.6688023253893736,-0.7172430462628286,-1.8436395124340033,excellent
-1.0238015570429606,0.17209280168826682,-1.0265438849420019,0.21224893023828237,-1.0163430218285348,0.21515240633625826,-1.013309269607385,0.20985434914279147,-1.032364772589125,0.2629717027660516,-1.034046458253193,0.2893796360642657,-1.0359487547203663,0.3173521119019519,-1.0042218624100605,0.26123030127015645,-1.030606817198849,0.41230072996765055,-1.0057467894668115,0.15620775158751965,-1.0189187428444992,0.22991043031339994,-0.948665101977512,0.4183192146532906,-1.0181469860596664,0.4887782472538528,-1.0022806266901612,0.05181096375617293,-1.0146758195649652,0.034512996770067236,-0.989560281669618,-0.701131331334253,-1.0185555836611713,-0.8097901844237223,-0.9799214489896898,-0.7075708110880363,-1.022117700295423,-0.8276671479742693,-0.9945585389413683,-0.7206771230010361,-1.0116242228339412,-0.8140020668147021,-0.999587601278405,-0.7259777434336065,-1.0103505695575434,-0.8103403489036572,0.7223379330477556,-0.1428935435904675,-0.7223379330477556,0.1428935435904675,0.892388451928158,-0.6978520073109221,0.9048320340379652,-0.7881052675042343,0.9632834098977539,-0.4343980805107377,0.9757944217018725,-0.5356295131769643,0.9597968195652347,-0.2743418121899261,0.975282684948183,-0.3116456455463621,0.9699503791769287,-0.6430544699784861,0.9843002020598868,-0.7231583147728652,1.0475592694080167,0.9227440623848427,-0.921711966457997,-1.1916662506288869,0.9145565666074195,excellent
-0.8650256115928712,0.16755845169710973,-0.86616801805428,0.2344701126909753,-0.8668951525374694,0.23472067520533513,-0.8670733890290999,0.23631793813753937,-0.8670668728750602,0.26035768031382445,-0.8700005459316899,0.2747435925920601,-0.8737905988935671,0.29411129818743326,-0.871094433760345,0.3040147876290569,-0.8867204021280667,0.36922685050124937,-0.8677089582434057,0.15711628460489208,-0.8714772012980181,0.20609720427282488,-0.8575404904086855,0.42320065979047516,-0.9233644241161484,0.37323334353073706,-0.8457602318247007,-0.021163356064427683,-0.9184124780977166,-0.10598821396447371,-0.8250559053693302,-0.768180209698221,-0.9146062437200932,-0.8459337299389142,-0.8242173477849456,-0.7582797472387061,-0.9296758584119599,-0.8548238044413123,-0.8435143472809685,-0.7637470037169569,-0.9217024919638104,-0.843371512204857,-0.8467662792692212,-0.7634880821683331,-0.912335126101031,-0.8419828911873841,0.7402716180056798,-0.08316095951791748,-0.7402716180056798,0.08316095951791748,0.8701090039669642,-0.541561489651301,0.8214309189909337,-0.6441069545970101,0.8896926185633689,-0.5606418184412326,0.8637168745377195,-0.6531945513054077,0.8904975173447073,-0.4433709576069692,0.8645831059664109,-0.479835507995373,0.8888159817895187,-0.7535449251102826,0.8652589801656294,-0.8100910702343282,1.0579470040993433,0.7336407858529965,0.36036581668232526,-1.1947762303607026,0.6068039376150425,excellent
2.9662193630220646,-4.996636455818907,2.929757917589458,-4.924964064328346,2.9402328255103027,-4.904629226971141,2.9494298819523426,-4.880770820516864,2.876877185779327,-4.940892398059322,2.8492375480257732,-4.933855748772857,2.826538954552358,-4.9154030908226884,2.9466790053247562,-4.815755019998906,2.776360467259805,-4.798052633304438,3.0051897153586675,-4.937806135619971,2.9515271059032977,-4.93313015649555,2.9783949163827974,-4.848242187072662,2.7798963767561093,-4.759823496793585,3.2461649788260956,-2.5176328779458603,2.898581806336116,-1.536587137615266,3.268010292468479,2.4773284947897833,2.7963291732962996,2.8802310968441613,3.3409035370772706,2.6366040760569986,2.862829456845325,2.8865219365941615,3.3794664265376766,2.7094399051927223,2.8949489619161883,2.88705709350838,3.311310690186341,2.6593822468821564,2.8924266716674936,2.869969876733881,-0.010400938627636042,-1.5070189756519419,0.010400938627636042,1.5070189756519419,-2.5514773238533226,2.5209831515242733,-2.8751905063150915,2.81244987459404,-2.1854916218242675,1.8652970066955863,-2.1680581043547167,1.8327477826634357,-2.4268879052573804,1.6275972540420982,-2.46141902174924,1.394812100781736,-2.329238900875397,1.66164313202538,-2.225575550375643,1.8241027597796555,0.28186776094285193,0.44689879647470754,1.3232474893116708,0.35460234409886876,0.3499077611934194,poor
-1.011285021645433,0.3254562724375905,-1.0126273712193388,0.36457158947126156,-1.008558265568689,0.35770000065118296,-1.0042208693172507,0.3492545732306336,-1.0201201789996477,0.39702271001982087,-1.0223008649781362,0.41401296266624377,-1.0247678747398115,0.43367192262470394,-0.992026229151752,0.38334014583957154,-1.0219260832503942,0.5000070001088048,-1.0022606704481636,0.31411283885451646,-1.0133944644600923,0.36739042810953343,-0.9499457929354466,0.44560753622994137,-1.0185375351333714,0.5421636390365299,-0.9377659876777532,-0.1307965018720847,-1.048179007191781,-0.10348854189307852,-0.9881888985658296,-0.8920372337447028,-1.0119763135735595,-0.9753611006512588,-0.9889435823457148,-0.8998057197028019,-1.0097764702651906,-0.9802135222829423,-0.9922368406943727,-0.910692688900897,-1.0007818028647393,-0.9814451385357681,-0.9945347350760934,-0.9109660419264612,-0.998133335069473,-0.9813551572545655,0.7969413607528213,-0.19132690869669722,-0.7969413607528213,0.19132690869669722,0.9068149592669628,-0.8384110089974405,0.8880743980612757,-0.9275154943098658,0.9740133238497601,-0.6676854364651925,0.9610639094020033,-0.7421605261906674,0.9735357117587605,-0.5023103005819279,0.9596090312668057,-0.49934362065345395,0.9812061094423536,-0.8214087951747976,0.9652042468131958,-0.8660336864153626,0.44936634400658193,0.47128279451069877,-0.8834020554421091,-1.1629488209911738,-0.09798647058631996,excellent
0.6816770463995758,0.5574399613297797,0.6933039801558293,0.44198083153649464,0.6899656904102796,0.4192640349767843,0.6874814424293471,0.3942577601269122,0.7136402739753951,0.4594087162909662,0.7261305946851803,0.45491150904306676,0.741525336492565,0.4490536158082912,0.6853358074122091,0.26755669048370023,0.7652686032486373,0.32789702159576184,0.6711320582924697,0.5177092875554152,0.7007871698471969,0.5405863334720806,0.6611401107606147,0.026169041091559986,0.7871231454772796,0.2551824865426345,0.22380834508707861,-0.5908896845727218,0.4381193508275241,-0.3797110597176237,0.14152627067280033,0.06727481112236124,0.4116119661376235,0.3067538234290597,0.21480613365135545,0.03959084302273041,0.4381166653614973,0.3189569749763463,0.2677773787407024,0.16437352370043132,0.45009725530429745,0.2762279853657139,0.20641467227653326,0.05217852286407275,0.45654231235367937,0.26994816906498287,-1.046984793931583,-1.1429655394278289,1.046984793931583,1.1429655394278289,-0.8654108704742804,-0.13943286856240508,-0.7073517736249251,0.2653263459723579,-0.8851533414325702,0.09855743892163003,-0.8590073548891779,0.42007011946631095,-0.8697131536549231,-0.11547884682756199,-0.8281557049313829,0.12648144396751385,-0.765171347643432,0.6436932508629444,-0.7732642600189946,0.6433566917454964,-0.9398894627113057,-0.9385339778090563,-0.7199427128368242,1.7143713395210558,-1.3208743282040667,excellent
-0.9580816328661946,0.17964799582729515,-0.9612434559814086,0.23635878600234397,-0.9594884739517976,0.23447785275606858,-0.9578225546791076,0.23332145943664073,-0.9672918731727302,0.2771632939865287,-0.9720211928103767,0.29767871457168865,-0.977177173661897,0.3284841303770692,-0.9598612168298233,0.312507468024171,-0.9920856414245145,0.4371917425445657,-0.9557506690343722,0.18717728128528086,-0.9643485945695067,0.24584905239197255,-0.9372371039946487,0.4080441183150381,-1.0082461959745557,0.4810011181047045,-0.8352309541409179,-0.21266555422408054,-1.0761319212406144,-0.20117295075523595,-0.873305108124304,-0.8722387067609122,-1.0496349348074243,-0.9519960559704141,-0.8875739055370928,-0.8661929378844417,-1.0388920772698396,-0.9520216227495194,-0.9045110587422225,-0.8788792612212034,-1.0322753330214358,-0.9484687951685153,-0.9027036234687038,-0.8773804436574333,-1.0352796821981083,-0.9467306912698682,0.7462508147667383,-0.17254246316722516,-0.7462508147667383,0.17254246316722516,0.8809483279571181,-0.8298449302525162,0.8939379308733946,-0.9246023192292017,0.9514942809163403,-0.6527595229106659,0.9656117497482055,-0.7256980680453161,0.9566065727213366,-0.4653614654365485,0.96585131408509,-0.5055187611396343,0.9613753703092589,-0.8238733681749847,0.9709742588566079,-0.8647428274056512,0.23390775431095515,0.3764916134985897,-0.8220801007421944,-0.840411726549758,1.0843594576179274,poor
0.4009737227258037,0.06963267028662981,0.39736843015263507,0.02401942240509535,0.39584748092641564,0.031633500347577746,0.3942556244926321,0.04128384405763964,0.3997476076646996,-0.012063932064091948,0.399146935358672,-0.032893843593142603,0.39861410660032903,-0.05275562355088455,0.3918680551146881,0.026873914920822188,0.3973732587589054,-0.06989514570781982,0.3966673779308564,0.09482613346281299,0.4004690688290796,0.052042016028831004,0.33495193567367987,0.11530103368950669,0.4404545886108781,-0.05995472603463917,0.2008563117289442,0.38092218539236233,0.43706608259678353,0.24383583287152882,0.28187682620276916,0.2603915652492783,0.434269765241264,0.43225008041944907,0.2863622908669566,0.24606093387587671,0.44668393280924473,0.446414053230086,0.30112970076850043,0.24532614538993122,0.42857772527522137,0.4460623474320717,0.3124684285053281,0.27124022665308134,0.420226401122047,0.4408016855712153,-0.5689757775379127,1.5589989221748541,0.5689757775379127,-1.5589989221748541,-0.47710720086419034,0.3959798922239815,-0.390427851725688,0.14207623805674244,-0.469882878636602,0.3742247686308745,-0.38851736073652504,0.30964846329736945,-0.48426848229204467,0.366871618224282,-0.40994415730311906,0.31611164785179713,-0.5049846487221724,0.5608208064457985,-0.4332433465417051,0.6487356357340515,-0.23817936839881046,0.06038266203099815,-0.532800293577535,0.8125663284615633,-0.2907027997493332,good
1.7936221589249315,-0.971944429542099,1.808640633902812,-1.0163662266698739,1.8171583368070847,-0.9967508141265649,1.8253237800189432,-0.9768371295784948,1.7833847691655362,-1.1375144447742407,1.774743910694093,-1.186746603913979,1.76421154306693,-1.241272623212678,1.8485909738592352,-0.98367690058747,1.7705735127607987,-1.3297747646320477,1.8261555450838058,-0.9005811291411002,1.801455774387139,-1.052906655735079,1.8671104613034804,-1.0717478636960494,1.8073090854113385,-1.1451191939616727,1.5037670034193673,-1.3758143012690651,1.5464371771828385,-1.0031386913049065,1.5266406102592112,1.0199590297023302,1.582604813592916,1.2664095844311423,1.5195515959374801,1.0358132469071122,1.5643172493985495,1.2776588747501376,1.5153487278634983,1.0570918005449204,1.6186804818827494,1.2761211089877826,1.531761440804526,1.0485786861324011,1.6351259448651303,1.2763744886706012,-0.8415493253286126,-0.5528165919390313,0.8415493253286126,0.5528165919390313,-1.8837531670061956,0.4731597470131493,-1.8895630609676353,1.04324553830602,-2.05133316082145,-0.0533845928923391,-2.0600313506226526,0.7113374144084775,-2.1001173678460314,-0.23901328490786228,-2.1225707438141534,0.16728457404171448,-2.1518108635227144,0.6381639677252029,-2.1030666440609593,1.4468213875155929,-0.7345707202660503,-0.3297922899197019,0.6977445697043989,1.3968357061931331,-0.5278029221452988,good
1.9607555184030623,-0.11672435083411062,1.9817709461036774,-0.26255983874430544,1.9819513484836373,-0.2635789729914641,1.9834781240793145,-0.26743124729944034,1.990505817297073,-0.3429242674219918,1.9984408408115057,-0.3937395399571255,2.0091017898819095,-0.45339186126384684,2.004517721788308,-0.4395929404439156,2.0242589077638184,-0.6832986613603524,1.9488946620868561,-0.10943605200808691,1.9638125657197778,-0.24946084743979513,2.1249229538882277,-1.1164810884565628,2.0767159761524945,-0.9581329111523793,1.655975694506334,-2.3679229148282643,1.620351626253725,-3.3910299235896533,1.7149511563150042,-0.0656449101050047,1.7973514250259874,0.4341215011170452,1.8086864584258493,-0.09458991598026276,1.7796831873377168,0.5958441258024287,1.8002184628317428,-0.03361919188035033,1.7971964542673644,0.5068132053374351,1.786699536898332,-0.04527387711523721,1.8041808534802355,0.4561911672215698,-0.6508336486358577,-2.6247683244072424,0.6508336486358577,2.6247683244072424,-2.0190019713850105,-0.3159349625505719,-2.023524411338218,0.707269248823192,-2.119283208209049,-1.8017573101258457,-2.154665235582381,-1.022786708612292,-2.1398978403102387,-2.5095403561777387,-2.131960649236857,-1.8623932889017554,-2.1737625620674703,-0.7532835626163423,-2.3461805210275295,-0.2704188637823692,-1.2936010954529238,-1.5869564275709067,1.6105705193743614,1.650142334913984,-1.1826735023331327,good
1.536587138372329,-1.315081668136235,1.5927872796527924,-1.160878586363465,1.600364810553279,-1.109188780490469,1.6092746786027747,-1.0581959500817157,1.5927169337779246,-1.3431579977472698,1.5996335987826449,-1.415789298610318,1.6071907912013086,-1.4952919682605674,1.6689770090576537,-1.0649439139134407,1.6590636576766185,-1.6232450255208968,1.5197562453352829,-1.2943399235522186,1.5122063248702864,-1.5436349268732572,1.6373966957460484,-1.3400918709013947,1.4684173918603523,-1.5223063141831603,1.92084747460079,0.8141572755292538,1.8586753919103252,1.4434616583051094,1.7012429906951305,2.451287287918114,1.5770698346005458,2.2457531704908,1.631723762681994,2.3856034216476028,1.545563700179612,2.2275660717849206,1.5901951576682427,2.355373048326597,1.5046986005564336,2.281256159300187,1.582184406842455,2.387098929230326,1.4965933821416757,2.2749153525831254,0.03769380163141782,0.46301314753297385,-0.03769380163141782,-0.46301314753297385,-1.65221049241519,1.8357508934569629,-1.5456569735526735,1.9297345148492457,-1.8496559028020565,2.485358070292389,-1.7524072498082968,2.822981614308468,-1.774023471579315,2.3452046451049307,-1.7140603431836985,2.5735431141061347,-1.6077148702650195,2.95670672308395,-1.5110969766660733,2.6028290740824804,0.4189923529836364,0.683509603122965,-0.38745787647987484,0.20493277759589312,-0.07368094380808726,excellent
-1.0159300963911575,0.1672588489860823,-1.0174264615982018,0.20631002065438367,-1.0122924801525635,0.19768277005888288,-1.0065384938629052,0.19135635887699184,-1.026752086619919,0.2588544698848941,-1.0294780828801964,0.2855779931533735,-1.031947282138709,0.3133334916643635,-0.9968311867388151,0.25934893078468924,-1.0282779338485766,0.40166227109188146,-0.99822110438291,0.16242200252294334,-1.0125828687246357,0.2313259307797494,-0.9472645206409067,0.4148708184033359,-1.0169041777208128,0.4917001661816812,-1.0042625025711336,0.0489724355128367,-1.0186677006565497,0.03101469592555051,-0.9900110165496757,-0.7063870980421333,-1.0209232813229479,-0.8092144119084891,-0.9811181030600548,-0.7167733346371951,-1.0235277854409368,-0.8268702167303961,-0.9956049745705531,-0.7297564747411313,-1.0132362817407736,-0.8161799170522299,-1.0005261791978617,-0.7321422714305296,-1.0118694187267014,-0.81214530279089,0.7166575758372045,-0.1635533855622803,-0.7166575758372045,0.1635533855622803,0.8940342009782993,-0.7225742729104784,0.9054880355868409,-0.812887931555393,0.9669765351390037,-0.4513919184251054,0.9769913791908769,-0.5479437315895426,0.9651150637371074,-0.3142397581979502,0.9768407688173916,-0.32580324317517245,0.9778336715394049,-0.6519293302914011,0.9854320401104586,-0.7328464905907514,1.0658356445567587,0.8942968664797251,-0.8463096560027231,-1.1261637312119883,0.9391648729107441,excellent
0.5539447257065617,0.15605213594944892,0.5553312388532875,0.1540784437258349,0.55332593480344,0.17821944713755314,0.551377270447547,0.19958337378979077,0.5611951638098811,0.06496587212029437,0.5627919318662111,0.03296959960733331,0.5640938264301667,-0.005519001456923273,0.5522816590276111,0.18920396472940862,0.5634413833846366,-0.06055372418306954,0.550691074623673,0.20501669559506586,0.5585210498642492,0.0939370134217253,0.5420165988666252,0.03973851296088304,0.6073559410466081,-0.1456367263583744,0.5920881864392512,0.8437966795943719,0.6645752213597584,0.7143288329021953,0.688657668987582,0.8053905207527434,0.6266799135762212,0.8172386508252653,0.6499559694328428,0.8668847443594482,0.611665683967627,0.7933472829446538,0.6656146024485207,0.9074399532594531,0.6082238850658199,0.8311494856544626,0.662201864054963,0.8171306203168883,0.613540710145633,0.837406085843877,-1.1517279419172333,0.4936566084363579,1.1517279419172333,-0.4936566084363579,-0.5133712976653924,0.6028025012283399,-0.4601213297999275,0.37902655839777055,-0.5312408991577166,0.5563334617588189,-0.5027594285261666,0.5240131327323524,-0.5446286278241269,0.5181150462586557,-0.5413598003675772,0.5087255536192743,-0.5676006422116495,0.5433909503668862,-0.5193899890862509,0.6887736999954553,0.03760733712513985,0.2483840164253244,-0.7282235866717028,0.4954336325848789,0.04440765251008216,poor
-0.08453363564441425,0.13623120843057968,-0.09129460492922192,0.11387045896250622,-0.09461982152340437,0.1066255178697141,-0.09774688796649907,0.10653298638770028,-0.08605686921074637,0.1372350753031697,-0.08701438494624944,0.14001010880449838,-0.08912858100724204,0.13970199941197664,-0.11568797791440967,0.11621097012923927,-0.10027035323269527,0.11608297779586481,-0.09087189925588768,0.1387660505308847,-0.08624374199298958,0.16892256091784932,-0.11718211234931862,0.4547488763722592,-0.12230836880493848,0.20799662180106643,0.11312667993132283,1.0187701705024035,0.08787269526498083,1.0885605158188367,0.21093117322910263,0.3505927927433246,0.16170906003927968,0.17193154044549405,0.2569514415884671,0.3702674484096011,0.15142426250627106,0.1660007402587898,0.2359997610132126,0.3426636197387036,0.1409157743746186,0.1803286694788715,0.22906833484840317,0.3328475437752027,0.13689070631823078,0.17795277962313186,0.9160811380328684,0.9437054537497754,-0.9160811380328684,-0.9437054537497754,1.077495549716114,1.2347657711767268,0.8028769766967058,1.2202993713014902,0.5981871205304536,0.9055310247682927,0.48587609147690114,0.5564431591080428,0.5697853321106442,0.8169757617114569,0.47618962402034926,0.48870928660004287,0.47266410204638865,0.6905850511811872,0.4619411504503352,0.32307758572058926,0.4391872075883171,0.48239702983453786,1.3673939744295762,-1.1157233893864942,0.2657535287447843,poor
-0.9731236202819398,0.32118646897519654,-0.9723483994519625,0.3717072279305579,-0.9691648088617526,0.3703319327100657,-0.9663618181531937,0.3679164680141635,-0.982632027189353,0.4104163855140759,-0.9862820726847847,0.4319035487030876,-0.9903686557374892,0.4499851522884245,-0.9638488815701919,0.3959864878774446,-0.9980279913015943,0.4906601362458393,-0.9649993072692672,0.2812599783724589,-0.9770969116816419,0.35123439884975055,-0.9289580833279428,0.449333812456068,-1.0010471212772294,0.5142228604822293,-0.9257123414878476,-0.0441086392832603,-1.0210012293346977,-0.04275859791821445,-0.8856175127693181,-0.7719467477021438,-1.0399172856761159,-0.8620950176172444,-0.8957927016263071,-0.7751067827881509,-1.0334092375616386,-0.8697443557008744,-0.9110057549833308,-0.7815189447067437,-1.0276122431536228,-0.8604632922465036,-0.9096507574325062,-0.7795989367525413,-1.0293053213731105,-0.8576597226768987,0.6374070107430432,-0.21615090709292498,-0.6374070107430432,0.21615090709292498,0.874320702326556,-0.7187353762599462,0.8965569432410202,-0.8159775069928172,0.9497932323631068,-0.4860615704296974,0.9699964188689764,-0.5754875342738881,0.9449198209470185,-0.3206900278771614,0.9692170187739042,-0.3384404860744148,0.9643886467135744,-0.7013244406544925,0.9788402474894092,-0.7679196121591977,1.0108367315883842,0.8505002231933863,-0.9049370256204055,-1.0951638933769254,1.6819210199002281,poor
-0.9620281701279616,0.3025031733389764,-0.9644028301803458,0.3289517364659259,-0.9627266494483958,0.323747910262454,-0.9611062530864342,0.32041066228039455,-0.9704308366485757,0.3724460464920993,-0.9743536336235871,0.39724260025457225,-0.9785898253605948,0.4232299122071901,-0.9611504343203803,0.393748121225624,-0.9898347452979948,0.5106921623025492,-0.9593083447841237,0.3136774919805196,-0.9677100545972357,0.3689804643441977,-0.9360258801305246,0.5168560488246959,-1.0071640055819984,0.5902321536987497,-0.8661652085397274,-0.3744161980265969,-1.0782619745367847,-0.395410318122428,-0.9294919968734495,-1.009531486207833,-1.0324904540391653,-1.0797497230023154,-0.9374080691291492,-1.016357683241682,-1.0254998119167926,-1.0764306324478288,-0.9391937846868742,-1.0289958824065901,-1.0172571249289308,-1.0802993190912114,-0.9362843253905143,-1.0283346064927628,-1.0175482845781691,-1.0806263983124509,0.9078419632007362,-0.17880712293080514,-0.9078419632007362,0.17880712293080514,0.9112962541846016,-1.0197434401545225,0.876996743246339,-1.1216056753540318,0.9882993916984314,-0.8570058299298927,0.9463768152325897,-0.9202921435913608,0.9868717938697734,-0.7180269310142201,0.9507658030302993,-0.71610515147548,0.9980776827796023,-0.9740201436599116,0.9488084329113002,-0.9890401169745195,-0.8190758848355333,-0.7234694237768117,-0.7152924198245056,-1.2234932725585586,-0.9013434166306968,good
-0.9719634190365078,0.38449638428772676,-0.9713201294248824,0.4307469425900273,-0.9677709919209614,0.4226347996904997,-0.9648239197451853,0.41927634954367526,-0.9843961204488895,0.467033264238505,-0.98796059368288,0.48610770355262284,-0.9919381018241449,0.5001724908349646,-0.9617954971652958,0.4520458413165434,-0.9976522475862541,0.5466783115297548,-0.9656914087053765,0.35820255289306485,-0.9734572357020925,0.41857364984565326,-0.9263133805181953,0.502017010109114,-0.9985911092542757,0.556547385794344,-0.9201118324591254,0.052290838791170316,-1.022042511668992,0.06963525937623337,-0.8887058148797441,-0.7104863494758062,-1.0383430652196235,-0.8207877267569704,-0.8953920291870591,-0.722534607115456,-1.0320112995841877,-0.8331559681256975,-0.9176459724114061,-0.7286989958795201,-1.0260437602783716,-0.8215580634982614,-0.9159471180293272,-0.7273873424381945,-1.0266552510399527,-0.8181795621200921,0.6387233193705354,-0.15773825796408938,-0.6387233193705354,0.15773825796408938,0.8770378546441435,-0.7196747663633637,0.8991804337320062,-0.8168801829933116,0.9507072391495046,-0.4497552963376386,0.970003496806618,-0.546129013261118,0.9451644642000453,-0.29448021747258163,0.9706494393474631,-0.31456875062260004,0.9618206730046625,-0.6589688286299831,0.9822047148053451,-0.7347374779959696,0.9765442811141267,0.8308489208310134,-0.8313833889357175,-1.197476298723855,1.7024438443846346,poor
0.4867308397557277,-0.8990924448802011,0.4786433677780664,-0.8877689076440348,0.4805478419616969,-0.8818317669341448,0.48224447817435934,-0.8726527413434456,0.4648460843575259,-0.9029549219200028,0.45561031089359716,-0.9041382178368541,0.4444209245649945,-0.9080480568002334,0.4788255711212354,-0.8236764371595735,0.42443391721543366,-0.8610741861017099,0.4982217365304318,-0.8770773686326954,0.47718818657523804,-0.8938477853700542,0.5064502212543344,-0.7212425050591427,0.45027139790588483,-0.9294624264105004,0.08718787316336842,-1.3970075440580314,0.12444924474219218,-1.5581707979430302,-0.02013790190619716,-0.5016821453534391,0.25315386293579495,-0.19981602441591353,-0.049529569181760005,-0.4551835048517051,0.2574211787488334,-0.16349565876351352,0.008248561947649679,-0.447579493940589,0.30099344569299485,-0.21057540522463628,0.0032058072921435786,-0.46016107650817023,0.29846267125682296,-0.2215020170874048,-0.657594620047603,-0.3277469668021199,0.657594620047603,0.3277469668021199,-0.5213001835514426,-0.49746365681991994,-0.3357764715547289,-0.16281944516630958,-0.4310227506522857,-0.6236109357827903,-0.3852934990424143,-0.3991810468013832,-0.3849907101689848,-0.8421012417633091,-0.4212159946619364,-0.6457377499950151,-0.5024112897207456,-0.5112340111310273,-0.4627009270163056,-0.3221628597287907,-0.5524184249096209,-0.42329802884200396,1.7170890305865085,1.6660436415233257,-0.711813393775901,poor
-1.0138543435144793,0.6385004660047378,-1.005110698897277,0.6524883286622877,-0.9978232451271685,0.6399845086950935,-0.9940928759816522,0.6408125958387051,-1.0184400576812054,0.6753433378650648,-1.0216334906937794,0.6846951899159641,-1.0248169786091563,0.6939244011578614,-0.9772761599614733,0.681390747159184,-1.0250124351575511,0.7295385412719518,-1.0017921990950525,0.6553441451101993,-1.0153914357012008,0.6877522021127483,-0.9601632057983687,0.6582028087147518,-1.028104304494305,0.7224836762167015,-0.868739365736226,-0.3553810968482904,-1.0860744746221287,-0.4232851603820615,-0.946025704041442,-1.0193628503373826,-1.0325613324685854,-1.0690583659294561,-0.9497051364686481,-1.0106049480616803,-1.0302149296512202,-1.061817906651197,-0.9507122572133602,-1.0041402852507042,-1.025713215063443,-1.049880203257648,-0.9544638319852949,-1.0032214749896962,-1.0228268052373708,-1.0544542335472837,1.0046110646466062,-0.21021369227272352,-1.0046110646466062,0.21021369227272352,0.9468548207849562,-1.085415122155739,0.8971790119790235,-1.206766154347293,0.9829061084081521,-0.955863211936533,0.974570232270742,-1.0083263177737958,0.9836420397836336,-0.8392899739709009,0.9761659161397754,-0.8217211313080397,0.9938686481979235,-0.9924930998215434,0.986581128368739,-1.0193776990484884,-2.6018828476156495,-2.903470526845448,0.509904668654402,-0.8177267354849083,-1.8691036688883529,excellent
0.10354998262090738,-0.07114300480696462,0.10408482261433598,-0.050182737461789195,0.10298366500597775,-0.038855119298271394,0.1010965728774722,-0.026253231819439983,0.10600127294575672,-0.07708671721663121,0.10404465040014357,-0.08566737326717316,0.10027399314239366,-0.0956272558985247,0.09816616031855273,-0.01578807714997455,0.09520103678808682,-0.094194266810083,0.09832009702633622,-0.026093034531535404,0.10288180301318431,-0.09524870008705258,0.06817062510165935,0.08492399773767244,0.15278112706354802,-0.13467259129672102,-0.26003490446347816,-0.11199291597472902,0.0918369481135361,-0.5557910859821992,-0.10741251059907672,-0.2346698132852678,0.14462228951646242,-0.2348856064674969,-0.08462058515578484,-0.2694191674285475,0.1312688261230394,-0.21150205919384393,-0.04155554004289505,-0.24424894455244386,0.12736454426228286,-0.2245368018126069,-0.036673846297843975,-0.27870914908846006,0.12437927487963817,-0.2302710659075214,-1.1036694671354643,0.7855330984916292,1.1036694671354643,-0.7855330984916292,-0.20629078273103946,-0.10352507777989702,-0.12791226083849738,-0.1746641364485506,-0.2390855349111671,-0.505979535018994,-0.1768140460563038,-0.33962774339347407,-0.2455927359588406,-0.5818062922377142,-0.1942377285915843,-0.5015803962748323,-0.2588638342074416,-0.3469788730526621,-0.21682729636939338,-0.1253056087735494,-0.6237379919605598,-0.22645852609660805,1.110361983100749,1.2599501052104012,-0.28588541814747465,good
0.32906620169568557,0.2696035686259539,0.332106400946416,0.25577522137649644,0.3310360956007664,0.26213083879550714,0.330807087356043,0.26820017094405824,0.33951290540094975,0.23395510036220687,0.34318135528445753,0.2253605040521658,0.3473270956190028,0.21116554913678884,0.34312229051151377,0.2814592181365033,0.3562500425631364,0.18521922699246063,0.32789801914942424,0.2898815683812444,0.33822507663688944,0.25216391333718474,0.36150785532059393,-0.16850721307720962,0.41666611119117,0.22257856413118765,0.0465137944728513,-1.0780122444183236,0.2038413645935101,-0.8307341766912317,0.09317212706499065,-0.7979097390808966,0.21667365584462908,-0.2919470375401057,0.11925894200477183,-0.6963244499192306,0.23305929991959493,-0.28537437803852944,0.11789797223388983,-0.5901164264936425,0.23134200772335559,-0.33642052504791614,0.14986526241375464,-0.5980202131006076,0.24070733204732944,-0.34462374294071535,-0.5980631674355795,-1.725247193222117,0.5980631674355795,1.725247193222117,-0.4612269793100998,-0.7754530821478198,-0.39304716783914634,-0.2779689285179278,-0.4504979200028811,-0.9336951290594754,-0.43382596935355283,-0.5454040635892801,-0.4628911032846934,-1.060670905919828,-0.44818023117197797,-0.7347956950925982,-0.4462162270964639,-0.6189492043802685,-0.4631597994692593,-0.2794707005992739,-1.1456777529867195,-1.1693146842169846,0.9980122378488245,1.9474226125200513,-1.2104163735093838,good
-0.9878774403829446,0.19909962760772565,-0.988759730116497,0.24649663805482866,-0.9856131736694931,0.23461570061639983,-0.9833261794175752,0.22330711284517815,-1.0006666735428147,0.2952359710517985,-1.0042930033181012,0.3173642556982189,-1.0081969922134795,0.34000749687507875,-0.9812728001771862,0.25556215853226333,-1.014652846523277,0.3996858702076653,-0.9772707811602643,0.156830934025212,-0.9920524964357311,0.2303494273388678,-0.9445780654656752,0.3471219238129136,-1.014576461519237,0.4156669790137752,-1.008165773624675,-0.06851156540790142,-0.996908714154351,-0.10570057530614896,-1.0014365145469861,-0.7685186117227801,-1.0071130045024312,-0.8689832759022558,-0.992573623177453,-0.7725188092819861,-1.0109211990892557,-0.8782835623860338,-1.0000420668878387,-0.7841576372057678,-0.9981431564187031,-0.8707271615730418,-1.0055030681992612,-0.7858917030420569,-0.9917821233350383,-0.8684633811213464,0.6661734419603731,-0.1667902972273473,-0.6661734419603731,0.1667902972273473,0.8901189094506027,-0.747502217484959,0.9040545337879756,-0.8070066790087247,0.9658753077754445,-0.5281190102563101,0.9767434961557163,-0.6213976034802157,0.9634513762274114,-0.3790516021783695,0.9769587302938565,-0.4013470228028215,0.9769377078197654,-0.6895309500658503,0.9831337544597067,-0.7780067419628979,1.0615498774779168,0.921740748993325,-0.7665968943151963,-1.1150426575578158,1.131918551521754,excellent
-0.0957425498768303,0.14479867251885672,-0.10171114599610498,0.13769193427656948,-0.10403985193687802,0.13660485258532135,-0.10622246148565742,0.1378135228031343,-0.09911879382740907,0.13675975767117035,-0.10056954865792495,0.13403253308558796,-0.10310491872909265,0.12962766262590245,-0.11960093638441004,0.14981356609212365,-0.11005616319513688,0.14113933065901807,-0.1023064452135639,0.1700125899074142,-0.0981367862955248,0.161122392068958,-0.12432559025686464,0.4779108381289721,-0.12026929026473744,0.22816896189167823,0.06595726928227784,1.0171065134979118,0.03591966019981219,1.0493942773966096,0.07964577350173212,0.4047567671767131,0.07023322228324345,0.21041685249256484,0.16355295318762272,0.4055736075018416,0.07156658158065528,0.1991398163636429,0.15588453502567698,0.380712146273724,0.06030950894296534,0.21362601608880671,0.13303935638223593,0.37516457976157985,0.05614650291430839,0.21299574237876528,1.331740076538001,1.439577560058478,-1.331740076538001,-1.439577560058478,0.949918250003723,1.3264718111784704,0.483388871010328,1.0942187646118213,0.4995566603839845,1.0549539285171736,0.3623611246889707,0.567931749090463,0.4790417947274149,0.9527321611795774,0.3865497271887114,0.5347960879273476,0.3816881856439715,0.7328085402883617,0.19801822785349565,0.29879642033650744,0.5369248868815658,0.493191322356694,1.1711762320490522,-0.6999965484701227,0.3213992761325033,poor
2.6790340009785485,-2.652818081623549,2.6669713457347615,-2.7107675179707473,2.6726018940639364,-2.7010369555506215,2.677936042261847,-2.6976833420913633,2.6361476130468118,-2.7883360748751325,2.6224231855538043,-2.8108912092888576,2.606844966758736,-2.8382605323443175,2.6572909159588236,-2.715763216000522,2.5791230382336026,-2.893011448349429,2.705734879632116,-2.552370056768654,2.6639376653402795,-2.748034552759175,2.681285293232377,-2.6301432780108653,2.5208894307846132,-2.6284711595814363,2.9216322314977257,-0.04122288454022952,2.54611844008338,0.5478955337745159,2.944395504260606,2.749964896802844,2.502094748704968,3.1410219781594884,2.9688753149045723,2.855892195726792,2.521634927891343,3.1308175444294677,2.9207899085368316,2.9139463268802333,2.517351222830848,3.092506680768306,2.8836764469660263,2.8701769553175165,2.5256252468761247,3.093815611860258,0.1653633889422053,0.3708503021796333,-0.1653633889422053,-0.3708503021796333,-2.6141602443902627,2.5521820616001643,-2.575657948015233,2.7260382415168216,-2.952135004412089,2.7659631316573603,-2.995049887145136,3.268709148351215,-3.0147689319285274,2.6135191160397215,-3.119207515408964,2.8769803377524648,-2.9346159645099017,3.2903247244024962,-2.9867562127474723,3.937802177441761,0.19047611970428086,0.3258025358418366,0.464115442927442,0.6054192842988961,0.35054698454606426,good
1.3324040657536782,-0.9969884313915742,1.3609403605803632,-0.9549384393246853,1.3674319212974821,-0.915959742053562,1.3742798611340565,-0.8786034470729983,1.345584228802748,-1.0743078474668306,1.3407457085204986,-1.1174647749667654,1.3365715047900055,-1.1553887183323484,1.4066562294318268,-0.8533484083326929,1.361617408914317,-1.168446546783086,1.3216950570732644,-0.9002985790013981,1.2983220211649729,-1.0614585931754155,1.3170815690839393,-0.8595053738958723,1.3147440284367367,-0.9677647469070245,1.5968854976908209,1.6839533678861602,1.663739361592185,2.0587474528335457,1.4540378211342329,2.9603561220341,1.378079077938207,2.3548412744090843,1.386798674832313,2.844619168261605,1.3758113646567929,2.2888571188919262,1.3490130063628987,2.7899116271117146,1.3370249502325642,2.333471301388592,1.3373193323812422,2.841451110607774,1.2958461043112797,2.357877720476893,-1.2913506476147403,1.027722102739329,1.2913506476147403,-1.027722102739329,-1.4894331870615962,1.9371163503610396,-1.2403798428845938,1.5200444018727965,-1.5979838000597908,3.1523833709015667,-1.465743763882176,3.0382158066982345,-1.518819198719749,3.27047883625627,-1.4195581645770436,3.0915630784622143,-1.420727869250224,3.1828074401094946,-1.29454207549569,2.7427709381298855,0.5011270232356186,0.6852735611628538,-0.7725665285474861,0.1716563431613349,0.1423027966759107,excellent
-0.27500592461329626,0.8902644143000515,-0.2726866956324385,0.8474750564400364,-0.2767392469261715,0.8364931190222139,-0.28021184914569003,0.8239217014068662,-0.25830951898695315,0.8701293117230621,-0.252020317446796,0.8754304425628227,-0.24477204008160752,0.8796752404788569,-0.28726150654080496,0.793251782632032,-0.2318361004275594,0.873959495422895,-0.2837021786391831,0.8936457099982891,-0.2668410909405755,0.9218967652508561,-0.3234056370902315,0.5667191557302705,-0.18895095542222654,0.9371982156884368,-0.4728795503597082,-0.9534425086693324,-0.2556504514132663,-0.6471769413956014,-0.5508224407084586,-1.0198772032890924,-0.3063585132724214,-0.7647965943217062,-0.5632767643949164,-0.9873076972200417,-0.31134015315234226,-0.7595810792322665,-0.5218675059151054,-0.9742277492438735,-0.3143460533396571,-0.7751307929921694,-0.5149338570638256,-0.9640368739856038,-0.3089470115766746,-0.7806610704032831,-0.5051156868455852,-0.9686203779628795,0.5051156868455852,0.9686203779628795,0.1589584173600362,-0.9334443543337189,0.26729781109116646,-0.753471053327034,0.1923945801816048,-0.8427534723960847,0.23079413589151215,-0.6950090372849262,0.19687821462667768,-0.8453604540809949,0.23958084870795965,-0.6698466029635931,0.21553229578970456,-0.5845756818687695,0.2743486634634303,-0.5774258550569892,-2.558767932926178,-2.548734923686915,-0.8600653978054278,1.5336523428813265,-2.294384602679687,excellent
-0.8462061396879246,0.18801096867261788,-0.8492932410601952,0.2539583684893851,-0.851279772739356,0.2544956936220043,-0.8529235808721409,0.25660129804913606,-0.8458883941166778,0.2793915012792137,-0.846497960440592,0.2937225745999688,-0.8485253033167042,0.3097029156535888,-0.8587125005489217,0.3158076159218848,-0.8627193290698502,0.3739628099111819,-0.8528940652022811,0.1718681398843248,-0.851339956617227,0.2182930511686827,-0.8485084383591122,0.44653442169895596,-0.9069371750159997,0.3679249393709152,-0.82238673930183,-0.012959616844416304,-0.8977421686396198,-0.10980519908339859,-0.7987506195012339,-0.7663823556665463,-0.8950061627506036,-0.8411448591848621,-0.7984129442589467,-0.7554604735250585,-0.9138212759509676,-0.8456773730596876,-0.8183768709795128,-0.7614902029385828,-0.9048741986059884,-0.8332003075043802,-0.8200904604474708,-0.7628929013391585,-0.8948097912211046,-0.8325831112231983,0.7091674594874229,-0.08204246360023328,-0.7091674594874229,0.08204246360023328,0.8229611466764534,-0.5336250296227469,0.8195700652799862,-0.6368012097982,0.8740530247583342,-0.556410106643865,0.861743782236444,-0.6470193696806761,0.8777600655537428,-0.4371966701677543,0.860375403167702,-0.48173107279916993,0.8752273735827258,-0.7577275912520366,0.8638479565533302,-0.8042304324548294,1.068245556855983,0.725524392613784,0.3734465634543423,-1.1075201252950855,0.5607157147725839,excellent
0.7199691323816767,-0.3713606705246659,0.7119030265677657,-0.39281599448942683,0.7092127695941649,-0.38694975759522665,0.7061770927979428,-0.38127996577661943,0.7185993173636835,-0.4146475885049512,0.7206103541425548,-0.4231736968058496,0.7223552612488671,-0.43212281048757195,0.7073229655383896,-0.43412123986326207,0.7261397441525815,-0.4887433979798718,0.7066715317674263,-0.3411389431035169,0.7185250233587451,-0.372054767696747,0.6515965929484612,-0.3794981824907546,0.7195321459541595,-0.5306979783429702,0.8923322474255861,1.1336143473921483,0.8971971421244177,1.0474306946295533,0.8865952987987465,1.1521693401471809,0.8814656034235563,1.1890921672096728,1.0117570059409517,1.1785437670118435,0.9145235962227344,1.1496004001636513,1.001668121737135,1.215923432594917,0.8977776118082677,1.1651594897901716,0.9629587734206031,1.1845400808455988,0.8902742736282957,1.1858887909807492,-1.0351433073293566,1.0449303048742364,1.0351433073293566,-1.0449303048742364,-0.7824238663119549,1.4137854496638431,-0.6346395020095356,1.2566845765179124,-0.6298252252188858,0.5586428907916885,-0.6790883163158328,0.9066135856392351,-0.5850748514000934,0.4282541272810635,-0.6842022764206206,0.8261598558989348,-0.6783956910932677,0.37968282444839,-0.7036025152132792,0.9090850041854546,0.4301152571627521,0.44729557826317323,-0.19712485330234195,0.026574839444476476,0.4000094561190589,poor
0.1758216357581633,0.12234917176807528,0.1660964543560911,0.14653040529809352,0.16385570632140353,0.16160579325575244,0.16136671782929085,0.17590138433161062,0.17023357434701367,0.10462349613953796,0.17082796639277478,0.09088160420636868,0.17190089334236872,0.0811857702741924,0.15691787821865125,0.1945786895835213,0.17775049804603288,0.07881959819725133,0.17238089891712563,0.15550589759178188,0.17631468381091434,0.10346544136166239,0.13899610146964814,0.37113604022511965,0.18782972832755407,0.12941730923839792,0.43082388030452506,1.241410181582057,0.4157404262235722,1.438466073990242,0.30683160084356675,0.8300787769603745,0.332992094656547,0.7029024281011129,0.29340234870167736,0.7790527528582766,0.33011473597419666,0.6717772263145838,0.3159411893730474,0.7685476256772853,0.3178456891627939,0.6911835874251443,0.2936138383248051,0.7797626527315296,0.31857278109881426,0.6944362283853482,-0.12511943145567658,1.191859588887339,0.12511943145567658,-1.191859588887339,-0.11133067433276302,0.731674704136092,-0.1052656020054149,0.5090729277996562,-0.12099455834619123,0.4633900045954283,-0.1033705620740468,0.08585344084233565,-0.11981127388087132,0.42441226010816097,-0.10497561171601667,-0.03512337773153859,-0.17109648054574744,0.3530590267264905,-0.15434289171926208,0.1869389665275991,0.6932416987117709,0.6472747491615857,-0.8056124378077302,-0.10591874331975998,0.4853288419473942,poor
0.5871381485514507,0.32388899908510804,0.5946919455021026,0.2787068206907204,0.590005311051962,0.27840371004359427,0.5860033043438237,0.2778905899102324,0.6121258593144475,0.24956187200234933,0.6200328659770181,0.23316508894683513,0.6289988489782063,0.21401522605636716,0.5929059845823053,0.2253258041705342,0.6410495508534592,0.11226449428535595,0.5641654343892155,0.2844948618983458,0.5830298288001974,0.2518650145252632,0.5084404037881075,-0.12076996102590264,0.6740659619142262,0.026207090351495578,0.2707306196141913,0.4222010218934034,0.6151719081948064,0.5514872253266725,0.41052420548096324,0.7411440863563901,0.6128853170142327,0.7368296306434697,0.3936404350668693,0.7080668743390586,0.6090327380205776,0.7016321161616363,0.39180157219234907,0.6665111938725253,0.5893685611222494,0.6989708892713405,0.4156124359662377,0.6989937482311491,0.5706722759194537,0.7253062606288935,-1.3447213213796971,-0.42907442709430127,1.3447213213796971,0.42907442709430127,-0.8122242329551076,0.19358773415254868,-0.6271436561156631,0.5041273491486022,-0.7826503488206671,0.7552638310121352,-0.6445143585926427,0.8476375073446686,-0.6741455475025516,0.4513026013182965,-0.743555109437966,0.7159792675740922,-0.668070841258644,1.078520893270166,-0.5884274858460281,0.949438944801018,-0.20221568729603,-0.03863759661576696,-0.8597453254219363,0.629518043401792,-0.6084683675562084,excellent
-0.9789727955581199,0.24372145655324814,-0.9769887215982094,0.26204665485159634,-0.9735263244974587,0.2648039729804064,-0.971405068635761,0.2577618139389695,-0.9873917748824735,0.3213925503495239,-0.9903767677109167,0.33362023780772865,-0.9935705503264645,0.3550499190866231,-0.9687222833745578,0.30957984686920087,-1.0001075646424915,0.4177000526800543,-0.9697492499220601,0.20899349735177322,-0.9827583896121133,0.2818278371931561,-0.9335962017344217,0.3748697859070562,-1.0041445420202029,0.4176436481450083,-0.9239496902215264,-0.07105694577853389,-1.0389822751026065,-0.12833613027082194,-0.9196980390709114,-0.782114172464779,-1.0409777811774275,-0.8821851801509046,-0.9240149248026119,-0.7870108878197553,-1.0303002877747782,-0.8887658573059404,-0.9413845269558366,-0.8104653651791055,-1.0201785663695238,-0.881524346520048,-0.9414387332787726,-0.8084233754649874,-1.0220014749907633,-0.8789619139573249,0.8731431034123209,-0.1434326530914163,-0.8731431034123209,0.1434326530914163,0.8874525646387807,-0.7604394420732015,0.8793645902919431,-0.8485884224882057,0.9604327430031795,-0.5512400827451596,0.9611074737855467,-0.6572930790944426,0.960823258703757,-0.3969939734902044,0.9605784401705142,-0.4239605237675844,0.9691263371340337,-0.7411887862387253,0.9717606004259527,-0.7995561212942168,0.8670868197769028,0.7452383988946706,-0.9426324859015964,-1.1326390135413564,1.0145542107995016,good
1.0866658561287736,-0.03863831060008925,1.1040069189090242,-0.07492307558841808,1.1042360164947584,-0.06264128269411384,1.104919952810993,-0.05120252972162804,1.1119035339687107,-0.14937963677656996,1.1183029726188143,-0.18953085404150272,1.1250508915878703,-0.23781296743947733,1.126451032118378,-0.09169183783318503,1.1451660306343092,-0.34205721882841245,1.0814578219425723,-0.011816547148885468,1.0923544421498412,-0.0936740309497542,1.1763845251749059,-0.7711848181524457,1.2115708673840122,-0.45969942975361744,0.7646361958776547,-1.9409228567687176,0.8758187344512307,-2.150280739276265,0.8298675085633228,-0.4059082253991174,1.0616658101136245,0.03656482962051617,0.8240584050939069,-0.3407843418472723,1.0315071525277606,0.09655724901628882,0.8609094720797925,-0.2875447209320193,1.0334390651635055,0.0675513011740905,0.8913037659849739,-0.2921794505201254,1.053414077995778,0.04593253466543918,-0.6449403001813726,-2.20851370860619,0.6449403001813726,2.20851370860619,-1.1083407136780035,-0.6403130266556647,-1.096683007261551,0.053108023355596584,-1.2544566382694067,-1.290623320046039,-1.226904702124791,-0.7957795274897821,-1.261375294411737,-1.709464989125791,-1.2205341310289155,-1.3475283810255254,-1.329830127029997,-0.7069121495169887,-1.3646226520136087,-0.20790008587905198,-1.2320175978810763,-1.431228083302031,1.6773821691314317,1.6750244974076525,-1.0398357673930598,good
-0.34490137229679446,0.4051213789975613,-0.34608240146502456,0.4396576522617741,-0.3491244862692134,0.444399557786843,-0.35210005585366744,0.44612946849925966,-0.3371834967689031,0.4300295150557202,-0.3348049801255171,0.4240567660307546,-0.33301689712918914,0.41780935624772253,-0.3566360165159422,0.4492713183439122,-0.32759535548970425,0.41810798952543465,-0.3543655245753062,0.4066030467903822,-0.3489511285728534,0.4001571691426146,-0.39318024501083026,0.6442916973181457,-0.29768349816715517,0.3863556418090767,-0.18887789526813414,0.8307019950001184,-0.07167234966442138,0.7997485458458622,-0.1556471788955914,0.01694731664905554,-0.058946024157469745,-0.13658637403617482,-0.14549792932390182,0.002923636969261538,-0.06373435726304362,-0.16604504126396846,-0.1515253689367412,-0.02129860902980109,-0.09027127278601263,-0.1548353599697953,-0.16555509905747884,-0.027137000401911193,-0.09549455980082439,-0.14596256808842853,0.9520999618290505,1.2556865822987948,-0.9520999618290505,-1.2556865822987948,0.955648406227523,0.6352373568010539,0.49358156137943454,0.3287566112421136,0.6560041881006918,0.7355865064193325,0.6835544753774497,0.023343314144710556,0.6361285762271879,0.7875715640381062,0.7191234036424686,0.08804219741720491,0.5883307933230155,0.2544382419092486,0.5833312538828018,-0.27130981340355864,0.6793182424569615,0.6323641891122017,1.8630167208919204,-0.9270858969502216,0.3429988603030182,poor
0.28415495712196776,-0.26101736946425386,0.2791218212650465,-0.26562628085037254,0.27938511613646794,-0.2611714355881053,0.2802109800940062,-0.25721314390031774,0.2770294657598982,-0.28838826252192695,0.2751897839877862,-0.29588973674577046,0.2724637292145137,-0.3006368055611637,0.2780397293628881,-0.22549174517041892,0.2755089433537248,-0.28230747936163963,0.29091345114008393,-0.2298510674253014,0.2880975930323806,-0.30136787796876524,0.2685693215527585,-0.06064098211687707,0.3162991319535438,-0.27977950769314863,0.04284185638862973,-0.03088653433310282,0.20795832982354534,-0.2442998983356762,0.15217678369811988,0.1238642818772194,0.241351633089402,0.15107917810719482,0.19565972978164695,0.06883319383774242,0.2704824818538388,0.15237896198806472,0.21325397659823914,0.06092862175275947,0.25798596239364885,0.13278201495858877,0.2096818344413952,0.06377013140564695,0.2616364388192122,0.12615660752593827,-0.25838212956382567,1.7947019163054319,0.25838212956382567,-1.7947019163054319,-0.36168286644701936,0.08859763561856278,-0.2891536863301344,-0.12477242214727692,-0.34191843954837997,-0.04732633516663938,-0.3388468041282258,-0.06649869632540104,-0.33155567514844414,-0.025435527882663542,-0.34938605877812107,-0.07242202959753233,-0.3870571597098145,0.026149534674228456,-0.40470643370988096,0.17642463733462582,-0.34483739198987623,-0.05587453922683473,0.5748280395093645,1.212786276542978,-0.04976972760217012,good
0.17951563905525608,-0.9352576923259811,0.16530023848100076,-0.9182922421691813,0.16830745503624445,-0.9132678654694456,0.17127657462903664,-0.9031205943234607,0.15026414171367844,-0.8960143568855881,0.1411210930217384,-0.8810229133105895,0.13043608289051414,-0.8601559597717007,0.16636320626987094,-0.8232580523523216,0.11050712027227964,-0.7621362124815704,0.19669374103980244,-0.8803373922609948,0.1731596138714509,-0.8589795811138753,0.23251413382789932,-0.5240843495769677,0.16365666011483998,-0.7281740900637673,-0.06386901657343129,-0.9579150325396105,0.07449319474867967,-0.9663015825758533,-0.2330932389400844,-0.63363723417593,0.0984132340268714,-0.22274893634955412,-0.30922186201327534,-0.5146608611727236,0.102293333286796,-0.1961116893794237,-0.22032488098044323,-0.5091330145107388,0.10960512044480107,-0.2252567631647422,-0.22939852105866945,-0.5560452744130912,0.10979879799478057,-0.23419769551627082,0.12282462759470962,0.8979350030231796,-0.12282462759470962,-0.8979350030231796,-0.2850136702704727,-0.019112757414396636,-0.37409356379212605,-0.22219281671046504,-0.10013060609579857,-0.6345797302495423,-0.11558567578782582,-0.8773952857887456,-0.1334020761557886,-0.7091859905776055,-0.08413548246632599,-0.9091567532899248,-0.21020795335719356,-0.7339183807906561,-0.1824104738362328,-0.795951150155854,-0.15278241662550654,0.07509709283739859,2.2298565391197287,1.5610706866786535,-0.4280551955595775,poor
-0.9881150586547445,0.2175882826490716,-0.9880904333297404,0.26146828310421444,-0.9844844052346946,0.249460199927055,-0.9820719279088347,0.23735034425426657,-0.9988390350877637,0.30496002658055416,-1.0020573153567152,0.3250112026728584,-1.0055997747639644,0.3445222777915097,-0.9797801247140949,0.2658175802910374,-1.0111158247341834,0.40170227737667236,-0.9771901726881179,0.17470152154109628,-0.9913764761928472,0.24597312318490588,-0.9402732406240705,0.34374626467993746,-1.010877445414241,0.41858891529373526,-0.9935970098714659,-0.08039025043069355,-1.0021713769858325,-0.12269325641213391,-0.9864418115245974,-0.7789316540257684,-1.0069181866634125,-0.8769355926148197,-0.9821857621644925,-0.7836499197311431,-1.0097971810050863,-0.8846951861770569,-0.9942161305860765,-0.7936209774685751,-0.9965846709955242,-0.8794999219559252,-0.9987111612648114,-0.7962736761897458,-0.9911855397304343,-0.8773053731449288,0.6863581316369662,-0.16262179379916547,-0.6863581316369662,0.16262179379916547,0.8965619674147087,-0.7407956622466246,0.895554294558162,-0.8258908366918475,0.9671085012001773,-0.5489899352391888,0.9734801151078375,-0.6397842946252553,0.9652599070188402,-0.4063531795108678,0.9751545417978276,-0.4229145512684806,0.9782935110366727,-0.702412555357729,0.9824221259073217,-0.7852476299061456,1.0454955688009442,0.9300977531747409,-0.7521879850034864,-1.1387559140030368,1.0517011251893789,excellent
1.3100559291630256,-0.46945270965292946,1.3131534412269534,-0.6274886231101161,1.309002381326512,-0.657252189862082,1.304112215616555,-0.6899086838931202,1.3302794808535945,-0.6199082548383262,1.3401041248192016,-0.6344470665699071,1.3507537685526805,-0.6480446481533837,1.289194272451251,-0.8807744953181853,1.3636788576527297,-0.8053235897365442,1.2873264922483412,-0.5850644956372072,1.310511305785555,-0.5867592873185434,1.1390108153087752,-0.9700116795630433,1.2235410277424392,-0.8478015019919122,1.4698497291966772,1.4449994167123612,1.486576386019687,1.5044825026807134,1.3947726212257638,2.3844525896531628,1.2946259516086434,1.95000913756539,1.4038013798521547,2.293967475312452,1.3365798306174568,1.8918133060738838,1.3493167632209837,2.2639247549741186,1.3288009782198955,1.9490844828685043,1.3341543458837057,2.306639898695913,1.2900493544223264,1.9748625033119913,-1.7802183759026995,-0.895701677506613,1.7802183759026995,0.895701677506613,-1.442622025707462,1.2147492187289497,-1.200428237879287,1.4133704482184493,-1.5327061615052042,2.564090270066238,-1.4228202504052314,2.684294153816064,-1.466617334411667,2.725245583614757,-1.474379549611573,2.7539335889533483,-1.3088820919976103,2.586917323813521,-1.20106355133862,2.2953056813164,0.5320290203026307,0.5654751740491444,-0.8173359904079796,0.018144923036746436,-0.005770484285790326,excellent
-0.1730786338987714,0.9708446936353545,-0.16906166912833617,0.9210246150271799,-0.17294111275073284,0.9093012876749205,-0.17626475839800884,0.8960675222852637,-0.15424329973434855,0.9381274471568969,-0.14731477783799438,0.9381217637532681,-0.13937451412237084,0.9369256836286582,-0.18064766907703558,0.84644454740837,-0.1238460063661926,0.9066049244890535,-0.17951052474418105,0.9682775718026658,-0.16173280532894554,0.987386539843655,-0.2086839520984734,0.5663333410903163,-0.07319651864095349,0.9272457861547735,-0.3695374030488922,-0.9275998158681592,-0.17334862995888367,-0.6609074218396583,-0.4604622965238061,-0.9378241739758535,-0.23414347605686686,-0.6877346914655765,-0.4791750795342778,-0.9037344490531144,-0.2404601566469717,-0.6700754127657502,-0.450900534120503,-0.9008225666165096,-0.23658703159847286,-0.6974998979009878,-0.43502150527774625,-0.8987280776205682,-0.2292396624357877,-0.7123036245300765,-0.3954345681981141,-1.0319749823811166,0.3954345681981141,1.0319749823811166,0.0523889183386627,-0.909924607928853,0.15900597865896718,-0.6742842439844593,0.07184293199961443,-0.828114094552031,0.10661860011030437,-0.5962218944930292,0.07941140597783929,-0.8667317122829112,0.12369628323781946,-0.6028796244133734,0.12832344637663337,-0.5151115448740503,0.1746328124873112,-0.47218431578267334,-2.397446658150008,-2.40339105920382,-0.9433948818134421,1.6157609220073765,-2.2340151461056847,excellent
-0.9559148983123242,0.20772513671402806,-0.958262895981983,0.25447223930569063,-0.9562974869594605,0.25319196905278984,-0.9546105080869167,0.25302877888287084,-0.9648664003047768,0.2906344382405136,-0.9696781708808779,0.31474488765246705,-0.9753044795235382,0.33947332898744875,-0.9562033202270913,0.32989061653753665,-0.9917305351616038,0.44459399346468204,-0.9535989896999978,0.2128616625701561,-0.9614044779740316,0.2713396423522662,-0.938039604586887,0.4233181903968222,-1.0089383016936118,0.4965747755005123,-0.837042473935887,-0.19573460925286212,-1.0698321602493397,-0.18499728590111408,-0.8811502763598559,-0.8672608921088906,-1.0455855850619802,-0.9528707003126027,-0.8974495326969812,-0.8643036999941313,-1.0360588634233734,-0.9527466833333094,-0.9118631874523101,-0.879791670681761,-1.0294210587277994,-0.9488950387411097,-0.9098595540216918,-0.87858341080179,-1.0317859013902648,-0.9476904411931046,0.7463622785303793,-0.19737117869391044,-0.7463622785303793,0.19737117869391044,0.8876134701027271,-0.8348006952805299,0.8958736602134425,-0.9216340286678646,0.9549683247949701,-0.6533025041686367,0.9672820213023079,-0.7290265464921802,0.9568508247462341,-0.48377256597791735,0.9691128713909235,-0.5122578738282789,0.9644115931290971,-0.8106741992117124,0.9714561923676931,-0.8688542897480845,0.19754604799496311,0.40918311774384364,-0.9088726595960779,-0.8294537650753657,1.1118691188408878,poor
0.5611674544085388,0.26811893989796093,0.5695207736267255,0.2351162328242124,0.5675731916812227,0.24222123328067108,0.5664989538425478,0.24836525431917583,0.5799211840328804,0.19503051776986796,0.5856517710148839,0.17122099641998753,0.592795637376483,0.14528669637516117,0.5782389906122167,0.2214287300002728,0.6115788418681384,0.08150796764247781,0.5537531848250001,0.287867034715126,0.5679634944212826,0.24218715615471778,0.5895347376583923,-0.31594299738006126,0.6744861237404195,0.024455965143473982,0.29747443588711764,-1.6612635041563764,0.4224445041105403,-1.8043254257776657,0.2285949377939358,-0.6861434704470298,0.5166480877459138,-0.34941101724083334,0.23472492276794826,-0.6366475290301301,0.4869412271728583,-0.28730560376451725,0.23587213815866231,-0.5956570337444812,0.4853854979741561,-0.3192550467543126,0.27098476658838155,-0.5996311903146433,0.49842954707464304,-0.3463168640120332,-0.5676138090524611,-1.7599856212758003,0.5676138090524611,1.7599856212758003,-0.6552360440887491,-0.8358764989863493,-0.6234398018543751,-0.3049458532746561,-0.6965127726831789,-1.4330311801999045,-0.6753517069503256,-1.0715178776785295,-0.6990385033001489,-1.721441556911456,-0.6668945646075665,-1.4350808341232693,-0.7307401035373795,-0.9952679384620144,-0.7697607768483528,-0.6258401013705189,-1.374348586338882,-1.780470927350411,1.7735606980558962,1.9275167275491738,-1.2430956465284422,good
0.38262889354111174,-0.03767366519038983,0.3807561999218849,-0.03973384278987876,0.37876584536188707,-0.03111626040848071,0.37675918172188205,-0.023785287185141172,0.38576165755305514,-0.07333742763752764,0.38673278082284984,-0.08504062527026905,0.3867272997158857,-0.10437136904757986,0.37599440271228785,-0.0570484608993437,0.3853304892732198,-0.1514720224771943,0.37714672210622996,-0.02002525823866929,0.38538507272794464,-0.06768090082235861,0.3180558276827429,-0.07045170424300815,0.39440131702281456,-0.2679665925367092,0.38896875821172716,0.6419484892316657,0.5744524428453052,0.532416335343431,0.44018112540396626,0.5049135272764917,0.5666533522916712,0.6260838670772182,0.39415656980422414,0.4888134338481859,0.5777813438371507,0.6240306120063991,0.40993396171308966,0.49606500083008903,0.5536832368135638,0.6192619858201578,0.41869706060078726,0.5257953401671469,0.5453949204928704,0.6307337295180251,-1.0050351058130003,1.0815029085813705,1.0050351058130003,-1.0815029085813705,-0.31106615904835644,0.8136193732616054,-0.3130390463960231,0.756096908801129,-0.21314863817965404,0.22245523567432698,-0.15789721142479368,0.26153150262112207,-0.18683006469800043,0.17971321683918212,-0.13895570555405307,0.23162530081668464,-0.24201549939240372,0.06429975299085681,-0.18680796120126095,0.25266997628322435,0.20714819721033748,0.4286998351699246,-0.2670227648029116,0.029941691801456623,0.19702008658569947,poor
0.41396642195324634,-0.11420739178548271,0.4020595652255427,-0.12443667578048019,0.40051648456218436,-0.11184444764447309,0.39872020234596484,-0.09902509692547769,0.40375841471097124,-0.15903142731396192,0.403625694352596,-0.16705980589888805,0.4038274073469255,-0.17192914618291788,0.39148217771872124,-0.09159800696560726,0.4050728252958533,-0.1752194167065738,0.410936576126505,-0.08072887641500245,0.4125823309160295,-0.12522338025697155,0.374640102384875,0.09169960482330426,0.40402609969591,-0.13498262978222944,0.742145481210398,1.2920051601831755,0.6775187731931344,1.513044272669299,0.5880043512504326,1.117422999762922,0.5721398363746797,0.9897133847151107,0.5924076683141407,1.0659686095133882,0.5734746905777451,0.9635133131173335,0.5929247910037199,1.0543481711796083,0.5584011148243804,0.9819938530767147,0.5599019210863442,1.0639885759392123,0.5581479785548961,0.9845980096505839,-0.2768153345828081,0.8311734626928937,0.2768153345828081,-0.8311734626928937,-0.401566263096084,0.6167423743068081,-0.3275875884675955,0.6878701762891847,-0.4235668833446808,0.2758135459667714,-0.3883883845093851,0.1942324839377407,-0.42261227102528687,0.2309908946793469,-0.401355074162385,-0.03693016024388667,-0.4670660175628118,0.27730354303850785,-0.4207020419482076,0.34782003228075475,0.7033223767707805,0.6659954237903022,-0.3294602090669727,-0.10787144019883707,0.5106900633230653,poor
-0.23927567743314423,0.8953119451726037,-0.23817839045754094,0.8480490912878316,-0.2421785195540926,0.8354180745005874,-0.24554848731404416,0.8226083371367392,-0.22364843819336858,0.874052944979781,-0.21716346907662878,0.8795429827723845,-0.20962890033161058,0.8850898047884329,-0.2508768758709478,0.7932771044552404,-0.19546634419931347,0.8801583220203045,-0.24510694829523919,0.8954103129143584,-0.2269621848028949,0.9262647961935286,-0.2790127829611754,0.5599143760758045,-0.1398602374015438,0.9246875635053892,-0.42168836740030524,-0.8966631884917126,-0.21592292109325337,-0.6387729713088911,-0.49064237014060946,-0.9872999982451804,-0.24871308974020173,-0.7421850624016942,-0.4952623072806253,-0.9372965904582141,-0.2724400244188513,-0.7213968031467494,-0.46664042256018073,-0.9273252177982109,-0.27022523807253457,-0.742010417748339,-0.44604975913836203,-0.9256313428838987,-0.25960736664405976,-0.7532882257506865,-0.4221724690397427,-0.9731526186890704,0.4221724690397427,0.9731526186890704,0.13529491337121693,-0.9287281620803366,0.23534749739799896,-0.7319098990508762,0.1702071535231443,-0.8254012756137418,0.19997630717686612,-0.7253053502233487,0.1760015737818085,-0.8488086638551084,0.21446822779694089,-0.7311790552407146,0.2126385220007579,-0.60004421394535,0.2514685449395059,-0.5694965687363209,-2.4521145243649256,-2.510486202699601,-0.8203169788342369,1.425649608355229,-2.258432721227907,excellent
-0.9727366059697579,0.3195360888083779,-0.9721444253491267,0.3801533679917639,-0.9689282409293557,0.3788217455408193,-0.9661105667879096,0.37025412832075416,-0.982737948875791,0.41592730888845963,-0.9864975040885086,0.4368156093993676,-0.990632844139162,0.4553777151539588,-0.9635809374704042,0.4067860917074219,-0.995884793835273,0.4937868570867167,-0.9647533602562298,0.28925034632434143,-0.9769830559596824,0.35657086350895834,-0.9279484876253934,0.44759894556396196,-1.000191143159989,0.5146877846008152,-0.923916329995212,-0.047588692772926995,-1.0230463671793182,-0.046585525499775925,-0.8851335156475125,-0.7737484365455907,-1.0393432230537818,-0.8640100382275876,-0.8934217774417847,-0.7776472266569207,-1.0346900392735978,-0.8722375408745697,-0.9089865183809442,-0.7839854309136483,-1.0292926945522212,-0.8624183088817916,-0.907974046718058,-0.7822546554366792,-1.0295748332518095,-0.8594423780942624,0.6323477904613447,-0.21998525407733782,-0.6323477904613447,0.21998525407733782,0.8744312840652658,-0.7207604943968787,0.8960876520397535,-0.8167197879498488,0.9500274398179719,-0.4915137223085391,0.9694717304921017,-0.5799484031765175,0.9454278910690076,-0.3292534258356572,0.9692137513338313,-0.3464216760146584,0.9632679386508224,-0.7035427456386165,0.9778660975694133,-0.7705552853060129,1.0055640330749527,0.8226488536309184,-0.8964892733276557,-1.1141147391003972,1.672472032850846,poor
-0.7705630770363902,0.3089882353105064,-0.769768197013808,0.33583447646662506,-0.7655789486375896,0.335325984393599,-0.7624232608321414,0.3327511701994644,-0.7766498728214297,0.38654327685569284,-0.7803193785598113,0.4123353191261419,-0.7841011975551417,0.4387387890849367,-0.7613968769265326,0.4013391431212602,-0.7851889877109738,0.5379547096963038,-0.761083389772063,0.3012846427538918,-0.7725112399480117,0.3676729053988787,-0.6783958042283492,0.48871732837695664,-0.7704086686127251,0.6699152864169338,-0.5055211295898607,0.45266619483632276,-0.5658449180897239,0.8501056205347353,-0.4526940824066198,-0.39065217299116595,-0.4339456892618323,-0.44753703908258774,-0.4687908579681228,-0.35984420390993077,-0.4685115708656628,-0.4692301668475833,-0.4882676742729848,-0.35978592744606663,-0.48078190853304636,-0.46949822150961595,-0.48780470800071296,-0.37341043266098056,-0.474963277218967,-0.46797255933214915,1.1523055026839772,-0.47922054443967993,-1.1523055026839772,0.47922054443967993,1.0387007276154314,0.09283554110097211,1.0025865279554353,0.31751031470592844,0.8352595630904481,0.15999944827764867,0.8674851110060556,0.1365365240465359,0.8244625843392772,0.2068355343742732,0.8518728360858312,0.25882891000297653,0.7882040001264194,-0.10510156801085799,0.8198503212982861,-0.21733541911503199,0.9410042473613708,0.46136820125334976,1.5717113937361307,1.770996449495436,0.7816793443066734,good
0.22505876165256877,-0.174546420116298,0.21888178021411303,-0.15770608011033688,0.21931139177534487,-0.14646218487001658,0.21976234012527093,-0.13542048916982674,0.21500306514735362,-0.18002843636210808,0.21272710393754857,-0.18602517348571732,0.21031319334982948,-0.19322599987750302,0.22219289522991922,-0.09611884475172126,0.2006771800286903,-0.1637469732564119,0.22980280778156673,-0.1310745140698221,0.22884010450800432,-0.1678370912139692,0.18488858892914628,-0.015716453903222814,0.24233034841060186,-0.23720524974661877,-0.038634492120453875,-0.14496621102664142,0.21141362608409672,-0.2717861139705392,0.021015653562885355,-0.08920663968370829,0.2554923825466621,0.04313037461421071,-0.055267113993646186,-0.16894529700722702,0.2730526010397276,0.032795838120516216,0.032876068859272835,-0.1339707308575261,0.2662203899042815,0.03174517358117844,0.08786559204915985,-0.07621699831625775,0.2727100775812009,0.03556755082647154,-0.6101704748888183,0.971285952150301,0.6101704748888183,-0.971285952150301,-0.2804612210266634,0.08772683865632418,-0.21680662331810577,0.007269352469761953,-0.22488939446939687,-0.11283146015406127,-0.2171853764570846,-0.3573047208908027,-0.2112049856213961,-0.15311282041068974,-0.2239581802475099,-0.3957243627392629,-0.2589383409786926,-0.13457779453576063,-0.2508247917146363,-0.15623867583221754,-0.3706865417371276,0.004228582331504591,0.6906685344118242,0.9859689108424649,-0.2532385644492772,poor
-1.016771720765517,0.6133494990305501,-1.008492745593029,0.6349051517588763,-1.000368282512418,0.6344202629101571,-0.9957545927896512,0.6193462060106509,-1.0221864186434235,0.651374471738208,-1.0254365843850386,0.6627605070013349,-1.028288898564474,0.675849421761252,-0.9798217763596333,0.6550683060127297,-1.024395834034613,0.7123810010131599,-1.003877418818197,0.6283102593105829,-1.018385071195616,0.6597867177446912,-0.9606355030684531,0.6215803410267833,-1.0283368502525798,0.6984342249291389,-0.8760521397502756,-0.3714536165085852,-1.077129369772312,-0.43337703269467664,-0.9508186160894072,-1.0345608607316736,-1.0267804227949202,-1.075463773637612,-0.9518998507833725,-1.0307194662650219,-1.0233072421717926,-1.0708413669742876,-0.9526306942786883,-1.0212745335866122,-1.021071835489588,-1.0603613305730986,-0.9550206404820293,-1.0206557760728467,-1.0178528068753971,-1.0637902737644405,0.9431271467522718,-0.1429720262710863,-0.9431271467522718,0.1429720262710863,0.9312712504392953,-1.0060555610082185,0.9064783304507994,-1.1268844732587158,0.9857091200457758,-0.8507351951123939,0.9785095839100069,-0.9062429231487579,0.9844248938823008,-0.7304018046587698,0.9781820568396298,-0.7071445033524177,0.9907518410141339,-0.9341918631143193,0.9935014111900756,-0.9666606674058962,-2.3267315225209324,-2.8200254890901033,-0.23004890854151944,-0.7677175485079728,-1.7423647412171273,excellent
0.04949395234939172,-0.15530553051385385,0.0468151201864866,-0.11269893327440071,0.045396290529104835,-0.10125415478676132,0.044263199633324896,-0.08924916951182602,0.052811002089059665,-0.12644582373602675,0.05558729548591384,-0.12570368515234745,0.05893500251866957,-0.12371558365220686,0.039308260658006355,-0.04366435199448279,0.06078159456755724,-0.10163316894424244,0.04651412003949079,-0.14398880455218388,0.0514065639648668,-0.17415273518206323,-0.012004042865384139,0.10241032309711347,0.07496214374784009,-0.12204977468695735,0.03322805491831287,0.3602625914106236,0.21234967148994072,0.3355417718803984,0.07494436432505452,0.11135318021014376,0.18279432987313962,0.10650879139483935,0.04095274537782566,0.11528220444458495,0.17280140538074662,0.08644385203906507,0.09020839116274619,0.13221883851080526,0.1552199348579509,0.08309189308236646,0.08488935378593328,0.10966300363890581,0.15809527025102554,0.08645685411048898,-0.42350915450332904,1.1750498274921348,0.42350915450332904,-1.1750498274921348,-0.13124579311436,0.19515793926553016,-0.025562693089846454,0.104150054614404,-0.07963204814688292,-0.01677672637387644,-0.07271588657435471,-0.08524017942730021,-0.04648961272050963,0.005984040410709907,-0.062373473999588314,-0.061298354650938115,-0.13301424480799334,-0.13468933436136984,-0.10695888381715801,-0.09106011883096903,0.2279553861208311,0.46387737444134086,0.35430359968554065,0.09941818183119125,0.25687297539427745,poor
0.04353655994019845,0.2975138350124328,0.03991257669955817,0.3071171805474699,0.03879768586974442,0.31874700759978747,0.037491884195007326,0.33311573236260855,0.04079790357529496,0.2698249920839331,0.04019987012193559,0.2542566630472401,0.04019017312809582,0.24106492322259515,0.03561116347831101,0.3678394716495389,0.044198943332571086,0.2547877198179352,0.03881038192590473,0.35113515723692545,0.03631827202084962,0.2875342437092902,0.005162048022301058,0.6107455311744342,0.06568978401605323,0.3581184802168174,0.2650787789814399,1.3548777458473356,0.27632488555320955,1.6264725241210676,0.1969597903170275,0.7811909305581286,0.2257945645042739,0.614090548142857,0.221367938209543,0.7418441329078022,0.2228715182928477,0.5793637466936187,0.22370979818050604,0.7274510182813485,0.20848976089162205,0.6018329226564209,0.21433805702714265,0.7399407171453817,0.21016513058182262,0.6057679773477211,0.9390472856768904,1.7061292619491757,-0.9390472856768904,-1.7061292619491757,0.4563531527562157,1.773908425762615,0.054253046841864154,1.1261559420025198,0.2665285019693042,0.6496660963602566,0.2613158374934635,-0.08783627389576375,0.295205720827972,0.48998965624409335,0.3401159215166759,-0.18382645225574215,0.13381420316520604,0.21741470811528335,0.1180078581878286,-0.32850114944451164,0.6506231576213809,0.6218915883227271,0.35499650148793926,-0.3345903961756825,0.42886245248829513,poor
-0.9721398466679626,0.286720403147074,-0.9715439431602789,0.31399016790375206,-0.9683708736084586,0.30961690251446305,-0.9656362301318955,0.3091112864154272,-0.9826834972178085,0.3617605934571335,-0.9865938950226087,0.3873539095898653,-0.9907032642415763,0.4117346053116011,-0.9637309265622727,0.36454556866421517,-1.0017628613760876,0.4841443377490536,-0.9635926932159791,0.2542520776982845,-0.9761708028306975,0.3182246916807996,-0.9324241084000665,0.43789269317907614,-1.0040632141479129,0.5046426138865396,-0.8667218563696794,-0.09850679753416626,-1.053515444001305,-0.09529191302158097,-0.8809982504404015,-0.7987076857954809,-1.042757765982795,-0.889814335270542,-0.8891114540946603,-0.804213517436744,-1.0372853228822791,-0.8977924510471855,-0.9060905449138705,-0.8149445410211098,-1.0311696907468242,-0.8906845622881174,-0.9049620414138335,-0.8150154278355458,-1.0319794983071047,-0.8875651561632076,0.6622188620108885,-0.2124131916587346,-0.6622188620108885,0.2124131916587346,0.8764613029308134,-0.749177068081877,0.8958213147260521,-0.8499540415168819,0.9500569091293063,-0.5483342377747548,0.968498488269102,-0.6247786781510632,0.945700463678375,-0.38810637931160774,0.967833259026412,-0.3965364174204974,0.9600815428220555,-0.7466618783617406,0.9758973889965383,-0.8001670427704581,0.5468388630948521,0.5753797656839326,-0.914219786287756,-0.9744043141205717,1.4826267059560632,poor
-0.9714943010874147,0.35842533479408883,-0.9702502406879749,0.40210833799371104,-0.967083679627527,0.3943625570683638,-0.9647782639408061,0.3850789262788485,-0.982656510624622,0.4425526886013653,-0.9865894528985196,0.46048143882431175,-0.9907258894414099,0.4776149813741318,-0.9613881301950125,0.40149010200444013,-1.0003767411072486,0.5126603278077357,-0.960748231118351,0.30827986013005765,-0.9753627989569288,0.38149335059395295,-0.9295252419458927,0.45925283290996205,-1.001566798486259,0.5284041043602165,-0.9014037445721473,-0.00844699402056711,-1.0370736334860204,0.011392087193313756,-0.8796888643102382,-0.7458492497455287,-1.0417267412711944,-0.8479023044371838,-0.8933843187596109,-0.7508674408670782,-1.0309359603849901,-0.8552967358389371,-0.9126836892505112,-0.7629731985499825,-1.024486140664476,-0.850330405637411,-0.910552719374103,-0.7607095055862918,-1.0274027262828598,-0.847595118179227,0.613275666310905,-0.20931142895947286,-0.613275666310905,0.20931142895947286,0.8767714554433346,-0.7120207682538114,0.9006473559977413,-0.8110933706927579,0.950709642512578,-0.4837020755072767,0.9703248419156697,-0.5671997648391938,0.9455796875318003,-0.3121469775848637,0.9701946321262284,-0.33142745946071706,0.9585964550402294,-0.6943482737671359,0.977489794451037,-0.7532327171592395,0.8607208470848974,0.7306787070402219,-0.8920419666069013,-1.0375271779360236,1.72611572532779,poor
0.5211291640066993,-0.3326645868336904,0.5111064915546407,-0.37649282764941416,0.5074296813503182,-0.3767505230040389,0.5036253144468814,-0.379662834835046,0.5180325212805417,-0.37654803628170264,0.5183811139602013,-0.3791809345337623,0.5182788098093588,-0.3845901369546324,0.4877242947094992,-0.42305641111095244,0.5109143508809808,-0.4098642807057377,0.5104173631861328,-0.31352471328013454,0.5160267793073583,-0.33584835008029684,0.49537804082016995,-0.17764499669108474,0.39677368716152006,-0.3968566471353511,0.8804433249590747,1.2463265952999039,0.6546629548927656,0.9501180733926982,0.8860399963425792,1.1470784937538832,0.7418393849861319,0.9852375205158401,0.8822663140844963,1.171937868710226,0.7228029156942567,0.9933652080744227,0.8531894774054566,1.1511784912221419,0.7035694649218185,0.9920111315166877,0.8430766432116606,1.155598807192372,0.7043789266166638,0.993793422399238,3.7524922057600345,1.9583072543945719,-3.7524922057600345,-1.9583072543945719,1.198969165837618,2.463498963341978,-0.23497036693811052,1.641508480030525,0.41775717780658655,2.4012198852919497,-0.38265509427067135,1.3318250450277405,0.3458431161164472,2.1837179889878238,-0.3078291910284463,1.3808203839139628,0.16690782073972352,1.737268422024435,-0.6388977625527645,1.160962905044098,0.550393437608704,0.5022904537212608,0.5358421054147217,-0.7663487234933339,0.6062940678506257,good
-0.24409445310055994,0.8346797684871328,-0.2399240167227214,0.8076484182742452,-0.24298534440097871,0.796493882497434,-0.24558483487451674,0.7857235634353964,-0.223824476826019,0.826680198988723,-0.21533510411791265,0.8299948893870224,-0.2059536598457115,0.8351924825655366,-0.24133594981267076,0.7521810429493079,-0.1811346362718798,0.8213354212556129,-0.24964059657065676,0.8047573115282888,-0.23039994832378624,0.8326112200115087,-0.27381489500763356,0.4299653752937457,-0.11793860370305255,0.7877005048934361,-0.5417911561510214,-0.7757955749821875,-0.20576248420094598,-0.5449733957310378,-0.5472629044503237,-0.8553436924889258,-0.2851901977622028,-0.6770707713776604,-0.52971154376471,-0.8406764197143225,-0.2933148795774601,-0.6717995031365157,-0.49942089777288684,-0.832206763428398,-0.2919333499982323,-0.6971211093436149,-0.5006993648999482,-0.8254867927464689,-0.29073398869454237,-0.7061130462749078,-0.5481432137035126,-1.0336449718182552,0.5481432137035126,1.0336449718182552,0.11637302234917948,-0.9297210115262202,0.21206182592750666,-0.6913953910697681,0.1530228807585884,-0.7460617397916195,0.17904295956520097,-0.6351459937982077,0.1585998841493915,-0.7407718968710301,0.19333536807122118,-0.6056284330368567,0.187418106336971,-0.5151262554822902,0.23705605273383962,-0.4927141304991573,-1.8344388356626276,-1.9733086652466316,-0.48299873741219196,1.7977174015502353,-1.8792098319250505,excellent
0.5220593987140585,-0.6636307882764435,0.5223137336672016,-0.6345711312568508,0.5220863413520652,-0.6189330199567592,0.5217399723652989,-0.6029593024985059,0.520329411086345,-0.6730827475734836,0.5177135782936529,-0.6851694277773033,0.5148937558826925,-0.6949506956692613,0.5243808692430758,-0.5852231081876854,0.5124260586148363,-0.6927788358683881,0.5257496888983524,-0.6370669322953106,0.5247751987233876,-0.6811333425113001,0.5043163746105676,-0.503872146826931,0.5424024459468176,-0.6944581251036002,0.636979151408077,0.4431012802346267,0.6719720715733082,0.22033113491520773,0.7250218078489629,0.7766858983207795,0.6267053010311493,0.6284641134880906,0.7681745453590301,0.7744831508552957,0.609767901451623,0.5991431161998473,0.7442777373815057,0.7601183767796329,0.6034244513925977,0.63345262859385,0.7322148908903449,0.7661896219143538,0.6095526200462262,0.6423653867113149,-0.7450672743770689,0.8488843235413662,0.7450672743770689,-0.8488843235413662,-0.5318472230160045,0.5724200510037607,-0.49057155538399266,0.5450025989176699,-0.6041679593694387,0.08254005344456436,-0.5843921133611484,0.04435549483407381,-0.6010585464888231,-0.005177452398624458,-0.6100090951055267,-0.09274080518166039,-0.641106077762341,-0.03750177125114567,-0.6110196485966635,0.19199186751735606,0.2792979930193488,0.4270587681405896,1.050751990897047,0.15984485168206025,0.41516038419701806,poor
-0.33068523603259276,0.5453853870866262,-0.33290838567509135,0.5739670132394527,-0.3366262963574644,0.5817373233203982,-0.3403371984109282,0.5889613021805717,-0.3214902458253265,0.5601254158925971,-0.3181245729555008,0.5548721534854305,-0.31546528203354157,0.5498695506612433,-0.3450342362281813,0.5954310398674699,-0.30943423041484325,0.5500581426361058,-0.3397347165194453,0.5527583178932257,-0.33186722607695224,0.537237664393414,-0.3779593102379933,0.8089046274897327,-0.28399404264224876,0.544873076087081,-0.1899612748560619,1.1373074291177503,-0.07384993218739876,1.142007546366322,-0.17744349409353954,0.20665350873960936,-0.0823931640598279,0.028928274056290965,-0.15996862880983456,0.1841502181714329,-0.08589160805797195,-0.011368538645059847,-0.16480268239839663,0.15764345669246038,-0.11072997159759704,0.00559507273250677,-0.17885253875603147,0.15315733424117825,-0.11559876830654521,0.017774562501025295,0.5610287716372913,1.428246513212457,-0.5610287716372913,-1.428246513212457,0.7017284236908725,0.9543510258123554,0.44784602687719366,0.3310720838919557,0.58556250423159,0.8585497625578715,0.6087333477297625,-0.11956838275880788,0.5883864683509559,0.9408069055714996,0.6509935710889365,-0.08321601686144595,0.5076803581722673,0.4200353743069858,0.5076819501618799,-0.38934195457846604,0.686345209649783,0.6504400500373332,2.136217510056362,-1.1778966381125375,0.39372942033439157,poor
0.6247350464678488,0.43654445098344546,0.6336658533250826,0.377750334627701,0.6334739598891814,0.3846676323797382,0.634004621781956,0.3918155397170638,0.6391044345881242,0.3397718658181724,0.6417652555737481,0.31015333865024414,0.645349118668872,0.27654550516117027,0.6424525478527557,0.34447359000656264,0.6479221807854186,0.19444533277763376,0.6212870763740771,0.48948244973050886,0.6271451525257378,0.39189842283429455,0.6702187333127655,-0.07568902832405007,0.7022858713272452,0.2991309582201112,0.32458564186778033,-1.3882352606284876,0.4209185154564904,-1.2333734202310194,0.1919463134565534,-0.7763508002985545,0.45783097755562663,-0.17214882045608296,0.11342750041353049,-0.6665167772446011,0.4769699856251276,-0.14569646988014084,0.2786961191290999,-0.5832714775962049,0.48729115290539565,-0.21170393775572205,0.3152129565396799,-0.5950624754445095,0.5032217832675973,-0.22559145066324005,-0.5848827956669567,-1.808913992325144,0.5848827956669567,1.808913992325144,-0.6860400135663959,-0.8757477588679023,-0.6838714596245904,-0.2287081113802393,-0.7371649137763767,-1.3932069253695383,-0.6936187171393112,-0.9611523267492471,-0.7399673589272285,-1.6123367525975758,-0.6817635003529312,-1.2495066622597384,-0.7350458073438174,-0.8890398499870006,-0.7812599540331711,-0.5359709704506409,-1.4312564532721248,-1.667956616687821,0.9755948315921353,2.2167258580550557,-1.5095746953206992,good
-0.9716757205688991,0.2906909808927153,-0.9715528560914772,0.33566719885882396,-0.9691618384231343,0.3343814151277153,-0.9670690402671875,0.33225626951600346,-0.980368574402439,0.368486759215025,-0.9845152071730849,0.3892239103259743,-0.9916435795869667,0.4126136294414966,-0.9618904015852086,0.3720977981385108,-0.9998576073058055,0.47736827946395133,-0.9661632014034265,0.27155468524421783,-0.977474762368714,0.33019376470199174,-0.930368597480275,0.43302512179186675,-1.0022369609177963,0.49613855193206774,-0.8713304583920594,0.007536638504316797,-1.0540316787711825,0.0036629853409367997,-0.8573707581882246,-0.677918342364131,-1.0882756235631605,-0.7837012651862534,-0.8493979098573644,-0.6775912663009255,-1.083780278330895,-0.8003799480645378,-0.8919679285053828,-0.684379159104621,-1.066498651559075,-0.7775166017969924,-0.896508859622586,-0.6900415162094338,-1.0687431767110982,-0.7717877646895759,1.1041859214240555,-0.11978511458211183,-1.1041859214240555,0.11978511458211183,0.8810307072970802,-0.46966611637367045,0.8785952319890297,-0.5877244196136849,0.9558680942623303,-0.41415722772952324,0.9632102976604466,-0.518523858622454,0.9540398181815265,-0.2465902374747778,0.9631007321318797,-0.31474839389345777,0.9617584015635173,-0.6719556279608438,0.9746713082688311,-0.7261722901618756,0.7595286118758785,0.8042546701549556,-0.9356598640559269,-1.0423325944818953,1.4071642627477605,poor
-0.9985824446548226,0.40721212860213096,-1.0013403618049157,0.43534553804300474,-0.9980988409655275,0.4220992736104548,-0.9952500313232848,0.4089499466078225,-1.0103474257996456,0.4793279758206568,-1.0133193593528553,0.4978999979285084,-1.0164829022080688,0.5172023207187264,-0.9907189911770385,0.43904570955660854,-1.0198878442481603,0.5720085051226785,-0.9880805762292332,0.3824377735436363,-1.000549962001847,0.4461589399139712,-0.9513274063707365,0.4643813812490519,-1.019091672706089,0.5700818940817505,-0.9113107985662219,-0.3065619893628696,-1.0532751090012604,-0.2818439343130755,-0.9734720106905652,-0.9804834439339289,-1.008076393316556,-1.0470772208586585,-0.9780256866376635,-0.9919574390982401,-1.008200525045616,-1.0501602472787182,-0.9760626161739643,-0.997141923964624,-1.0027142840610859,-1.0533379893442818,-0.978156539508798,-0.9959919846737774,-0.9976153792826113,-1.0544794916868603,0.8413518594976236,-0.19369968188804781,-0.8413518594976236,0.19369968188804781,0.9146772609618714,-0.9689765533120432,0.8902064349726079,-1.0438175461804697,0.9878550590982318,-0.8045148185726352,0.9713463447558035,-0.8752109782070961,0.9881089755564708,-0.6513414554283119,0.9693948628164296,-0.6309548827659468,0.994268321679879,-0.9407325917262467,0.9794345361724781,-0.9459071239462404,-0.026609170628341745,0.19254197612314325,-0.3200781169084319,-0.9594030302989475,-0.6649133433317894,excellent
-1.0187487255174472,0.3825481247783846,-1.022872027698281,0.4233535064095985,-1.020601008673708,0.41656154513874233,-1.0178108133832526,0.409904022132961,-1.0285355201983128,0.45832308919728815,-1.0306447275120878,0.4766703569993514,-1.0325941565517989,0.49730175231028073,-1.0074620285009666,0.4491590777923563,-1.0293781728364182,0.5610513036638928,-1.0095545257063123,0.3647526297357942,-1.0181385014044146,0.42275070450467245,-0.9574408104766424,0.4939908430444206,-1.0255268597208658,0.5770974300335553,-0.9519114367893123,-0.22821791282918122,-1.0553835379916134,-0.21924756065387924,-1.0039163712962005,-0.9390258091306819,-1.0155431043959533,-1.0143593204287547,-0.9966476222580418,-0.9436950944500875,-1.0121769284186781,-1.0123958658396555,-1.005387633002581,-0.953626979329472,-1.0020865403147756,-1.0152587856414759,-1.0087050289054356,-0.9538182874621411,-0.999447877140662,-1.0152053785597182,0.8611093847686601,-0.1838423421292994,-0.8611093847686601,0.1838423421292994,0.9119064336774854,-0.9626377557572534,0.8880521397876596,-1.0661539724653526,0.9747623215082722,-0.805730212986166,0.965190406127808,-0.8465400704756707,0.9832765838075936,-0.6303533334565008,0.9630760640714916,-0.619689100967694,0.9829242688409124,-0.900479525475144,0.9669174748117796,-0.948154174912974,0.2619109920391087,0.36063479320468067,-0.711144334672319,-1.1398837514266467,-0.49551786010002785,excellent
-0.04948035201228472,0.5687547393580445,-0.05210479425381762,0.5605134741832439,-0.0559261663134751,0.565710693287741,-0.05964530457810832,0.5712412459272502,-0.04004046954553381,0.5408629534206038,-0.03569378686400035,0.529840744373916,-0.031570139712073265,0.5221838615285856,-0.06486366270806686,0.5542272240688142,-0.02571296728610558,0.4973112144098435,-0.060614341840310136,0.5777441374516854,-0.04982140316178675,0.5515898790651002,-0.09936208268632468,0.767437573302345,-0.014596871118919628,0.512261851927445,0.21189965433805574,1.6099977139758852,0.24276620941066668,1.683707625414534,0.19454289173001146,0.7228362662785134,0.2120792223731186,0.4944987170590829,0.20896497652887738,0.7139145185398889,0.20517284254916163,0.4502738024041589,0.1920235217602387,0.6795366799218372,0.18023289379386548,0.4759232527861249,0.18062076985308806,0.6655811221822782,0.17658484304155592,0.49073771552450995,-0.17395202822574082,1.462121409488207,0.17395202822574082,-1.462121409488207,0.06788295864680158,0.7236119443681852,0.14235516532558118,0.4118242090443098,0.10055641397526098,1.0624086018844876,0.14987426504435572,0.608408846709857,0.1031927468608706,1.185435361553075,0.15875475653857782,0.7749698890770516,0.07678842641302402,0.8259942886984059,0.10161093209383014,0.4991413592633544,0.7124741616340748,0.65048401598344,1.5045805605202762,-0.9351306981401337,0.43164717753165366,poor
0.35786766328350794,0.716845437865138,0.37675334020984663,0.6609726903224037,0.3743791677117588,0.647243777203954,0.37251480717224855,0.6314668754737239,0.39645656691578784,0.663868428557092,0.409486533266997,0.6543537857301303,0.42442898507657145,0.6466919846387721,0.38716371841818936,0.4945222329301148,0.46289959972036815,0.5411834702537522,0.34053292732057394,0.6608758172476259,0.3722699501858361,0.6694320427454149,0.341306277318017,-0.12540213682914692,0.46476088866510096,0.20061217749841428,0.035604584593141024,-0.5989812449341932,0.29490366688428826,-0.3175950696541544,0.06541114119567538,-0.09642367779020208,0.24531784631448075,0.0810102263223736,0.05899516932489177,-0.10770703853177693,0.22483623186591062,0.06695723819049511,0.07036880049150224,-0.1564896309530311,0.2317315610690093,0.054737029465128706,0.08648617665255647,-0.13440592244961813,0.23141233690568705,0.057769493249515545,-1.3559273825776195,-0.9200943234950174,1.3559273825776195,0.9200943234950174,-0.5227574957947386,-0.2804461460369469,-0.3419477125492746,0.10819290676854912,-0.5278716845986673,0.05937966145582253,-0.4643853552966552,0.262272446029361,-0.49934931258988086,0.03091758872936143,-0.42951533364267475,0.2107910592588177,-0.40876075597528055,0.45686364831569903,-0.35158240832916743,0.38883539140518136,-0.6710695970112108,-0.616104143847705,-0.3892331902235744,1.3056532856170862,-1.061161804206448,excellent
-1.0189140650076212,0.17724520203796007,-1.0204710166926612,0.2207492652689686,-1.0157421972374925,0.2147761349624744,-1.0113247001709387,0.20922330882983267,-1.0287267432116824,0.26969835277969906,-1.0310126577964638,0.29536596338432464,-1.0332598748837871,0.3220829632063268,-1.001010542079078,0.2700127277375197,-1.0293736340308637,0.4138483952859564,-1.0037305905927059,0.16850489312306702,-1.016145479152144,0.2366528362556618,-0.9490937017202872,0.4194971839357206,-1.0185168486297629,0.49220788572417945,-1.0048475791575715,0.05963050967255695,-1.0167537040834815,0.03724101009851504,-0.9898247394330841,-0.6989384755694906,-1.0194884745907005,-0.808065603570719,-0.9810699512563662,-0.708393237906284,-1.0212601736230127,-0.8243379862898845,-0.99601993685014,-0.7219901020188134,-1.0094271936213077,-0.814488684922337,-1.0008319605713063,-0.7252625398508882,-1.0086834603420152,-0.8105899759865256,0.7150006881176235,-0.151523295021746,-0.7150006881176235,0.151523295021746,0.8922692479375879,-0.722048756673322,0.9057511684086178,-0.8019409151547863,0.9639938845546636,-0.44226421337268534,0.976802695706605,-0.5383185555024517,0.9608281423477335,-0.2860867599482852,0.9763476452791792,-0.31455606789709994,0.9742160052648974,-0.6447184155493538,0.9854393475378529,-0.7265237020344733,1.0612001467501067,0.9122177089600759,-0.9061119533797999,-1.1892001959393381,0.9389156773937112,excellent
0.3246851951206149,0.6159107865600696,0.33220125152120594,0.5272522154650606,0.3283946763132464,0.5140417191818342,0.3246428852954037,0.49856155615923864,0.34997845776624137,0.5304003071759755,0.3599737620615285,0.5225569369594846,0.3708990957932025,0.5142193242298351,0.3272655573807905,0.4156983623893352,0.3908396863318162,0.4245240020864566,0.3068316229596655,0.585291149684484,0.33187526129627143,0.5881777730906005,0.27290321216891394,-0.01917568681964454,0.3990142181913499,0.3116331192292662,0.018628782424660453,-0.4534943926665604,0.2627260036648084,-0.16914399738619795,0.05594290679655527,-0.09703351222488882,0.2633434894608982,0.05178271061327569,0.06751542996458768,-0.14399445665942137,0.2617976497313451,0.023511338832015043,0.08210606687624093,-0.18746924563117046,0.25050265999608495,0.009571109933452396,0.09212216533884321,-0.15836757547222335,0.24134089443757437,0.02146648811340236,-0.9016786400677473,-1.0512414185002144,0.9016786400677473,1.0512414185002144,-0.47516039475109173,-0.44701624938945894,-0.3328625000970672,-0.013867731938570676,-0.4585848694695688,0.0014598500303158823,-0.38665272276170626,0.21392008657689524,-0.3996831741480627,-0.13542121560055911,-0.33805377898925615,0.1801794229627015,-0.4017944403065774,0.2557701077163289,-0.3077136421322937,0.2334464034769222,-0.637201986872229,-0.6580814360070973,-0.5354409854361367,1.0807932660739334,-1.0758688216451522,excellent
-0.9672834913461562,0.28273001760466543,-0.9681177680963693,0.3250654240849076,-0.9630245616336025,0.3204497779916094,-0.9608926089872536,0.31849654866545624,-0.9772770352720592,0.3657999818207737,-0.981102104347583,0.38682326299273434,-0.98487549008692,0.4081084763859017,-0.9576303364537954,0.3636406043833219,-0.9908808312431678,0.46236112534665275,-0.9568412508492948,0.2509871663251568,-0.9701710991495613,0.3100010354573833,-0.9229693949673246,0.4206168661643914,-0.9956662534590265,0.47724838007960546,-0.8877796486965156,-0.029926099274545034,-1.0251958765151041,-0.05099725809281026,-0.8443438214346326,-0.7368542143366053,-1.0368700714384051,-0.83362654127696,-0.8285550379326238,-0.7478118118890708,-1.0424995349739399,-0.8491340457236827,-0.8530233668861774,-0.7369258313382485,-1.0318099958273381,-0.8331154884538035,-0.86822788134175,-0.7416902353547762,-1.0265434595920286,-0.8273459614818494,0.8262320248364491,-0.1837164107753234,-0.8262320248364491,0.1837164107753234,0.8855433287459911,-0.5976800167584242,0.8891259784736619,-0.6331128961931836,0.9485089637502863,-0.45740752904510346,0.9454683735162124,-0.522056079374721,0.9488166282027887,-0.26228062075612585,0.9464146367906984,-0.2935694238739202,0.9579265890515531,-0.6772435287802953,0.9597765187650571,-0.7275363796023694,0.952747498764022,0.7806555513568618,-0.7228913833915519,-0.8430893234012068,1.4823029609408291,good
-0.26128821404814345,0.8739688916776859,-0.2605434496981393,0.8322853756240203,-0.2645552127596694,0.8203221638682059,-0.2679869910624931,0.8078506071684938,-0.2464885930091092,0.854203820031466,-0.24029089631178674,0.8573737218544737,-0.23305708081704257,0.8603859309222353,-0.27563936897093166,0.7796298508969158,-0.22063338703182586,0.8518895253504813,-0.26864179145808476,0.878321307685068,-0.25176628054159045,0.9046368962401934,-0.3177948381866269,0.5558022710121768,-0.17447881897127412,0.9213443785603259,-0.4589025953837162,-0.9752988706059258,-0.23460881293656577,-0.6736268759267032,-0.5474489259596848,-1.0134160796513116,-0.2698495257841066,-0.7607765557006773,-0.5557496673770551,-0.9851996597164188,-0.2920005555727682,-0.7477322395037052,-0.5153939188046429,-0.9687960586899557,-0.29230193200583754,-0.7626049177855635,-0.5003337675637942,-0.9596532883233239,-0.2806170383924758,-0.7687868874049761,-0.5275653412704623,-0.9838201686520976,0.5275653412704623,0.9838201686520976,0.16035314989676613,-0.9491116939666706,0.25458785875536266,-0.7829804128014407,0.17490680858917965,-0.8448707730980057,0.2130122591444456,-0.7173064273475557,0.18974477431601738,-0.8274779116843732,0.2393219587758879,-0.7027441840380099,0.18854687963843886,-0.6094176321614978,0.24151765481349852,-0.5785022836473848,-2.555635667926764,-2.58321435626639,-0.7798989039547021,1.4286406440509583,-2.2724743209011047,excellent
-0.21897340023278553,0.9248629127374519,-0.2158429522625592,0.8820492130213258,-0.21981856582404333,0.8710510564470301,-0.22299399464848518,0.859244359966351,-0.2007127143981385,0.9013454342646255,-0.19381280343900958,0.9034827033037786,-0.18561223791556328,0.9047633519815137,-0.22612160928179412,0.8189436328390188,-0.16871582724430803,0.8819666533222262,-0.22803562887299883,0.9158614035523431,-0.2095599870186316,0.9437790445637497,-0.2501633813828251,0.558230030246778,-0.11683171530012754,0.9242388003178069,-0.4106764918318471,-0.8983553308753238,-0.1889850958430291,-0.5830443586523408,-0.46487618824798554,-0.9487534711929897,-0.24150807985361816,-0.6805786981954294,-0.48741213838585007,-0.9268660874490047,-0.25619424362624127,-0.6638276547453855,-0.4456809916973818,-0.9152504488599017,-0.25671998919867817,-0.6750062221087443,-0.4351200369805041,-0.9054420558784334,-0.24906735054653195,-0.6820197856966311,-0.5116914649082089,-0.9918454182643772,0.5116914649082089,0.9918454182643772,0.09795798972019545,-0.87735836092628,0.19693786048168602,-0.6687827302400061,0.12879001441616944,-0.7618830398038239,0.15979925713564055,-0.5951552085800976,0.146396992773798,-0.7265864735901953,0.19085454904177143,-0.5392323368692598,0.1991764802396463,-0.5072859396434183,0.2156126970984689,-0.4693400427014033,-2.434424958595456,-2.4051880596351696,-0.896089717836793,1.4638457540934622,-2.1844830053623605,excellent
1.1534516797725747,-0.4000755904640491,1.1551455751061568,-0.5531358424004073,1.1513417391358272,-0.5729000612564261,1.1469215175326215,-0.5920257808877897,1.169617678663203,-0.5656458436895497,1.1771632320610639,-0.5902062096479318,1.1850470373264903,-0.6118319110505778,1.1328290494819215,-0.7302871446946134,1.1916431936432654,-0.7528696232558714,1.1342667082434694,-0.4631698842952637,1.1564624248421187,-0.4859322687044318,0.9876548692549061,-0.773039332168373,1.0683537637808873,-0.804819101388668,1.1971036882306347,1.2179057724757991,1.222978829077666,1.1475160858097413,1.1912418660513238,2.0277000256502995,1.1247426800290001,1.622854885556672,1.1924402749638956,1.9506407878786038,1.1662626323044036,1.575574962071347,1.1496627821037264,1.9182538517586947,1.1590580235667298,1.623679695537594,1.1411138044001432,1.9547685721559855,1.1239529621541327,1.6455189998448905,-1.5409448455686714,-0.10779182714646852,1.5409448455686714,0.10779182714646852,-1.2820425542597573,0.9618431573852523,-1.0510997274626896,1.1074525844335044,-1.3567005754924406,2.06879741728398,-1.256367304577734,2.2197017468168507,-1.2952189469662196,2.1553310516361295,-1.255795135799696,2.2157467784974325,-1.1533893929594154,2.2036694792032447,-1.0550827677414436,1.9463539990887369,0.42627963295631793,0.4538402395928147,-0.6741572692671368,0.06334288186995587,-0.07022567167503074,excellent
0.04982314939146292,1.017023764841575,0.04832397853658115,0.9700259442679157,0.04398916668949651,0.9819091453512275,0.04010454001414029,0.9937851338584648,0.0630299168330809,0.9233926819466705,0.06909643345625134,0.8992447799547226,0.07612622915421154,0.8732160485266509,0.040185574406062685,0.9451562673743497,0.09406362715208925,0.8137019173713174,0.033409975592194684,1.0395784700657487,0.04923451246721065,0.977095802831145,-0.013075319874090984,1.164633523554976,0.09604654387541296,0.9126508982342048,0.3452421055968108,2.3497091093012945,0.36671370871107367,2.5360448570509284,0.3067908464091057,1.2446657072721123,0.3343333838897905,0.987319033780904,0.3017975700117724,1.2060236815573628,0.3298146961634156,0.9313511422721356,0.2862360948635803,1.1648521629568083,0.30326461121417897,0.968333050419498,0.2832691363684881,1.1773555537160594,0.3074225136493154,0.9865159539800511,-0.3628024698486514,1.607778669599274,0.3628024698486514,-1.607778669599274,0.036926220378611686,0.9907723851985027,0.10190239569397393,0.6016330771846269,0.029141246316687575,1.3597867474543321,0.07448949956934982,1.060225563164988,0.02604757423737371,1.467273298053999,0.0786258104682018,1.1508418003840977,0.0008940059091065299,1.0925531213346018,0.023022722146566234,0.8023654334694011,0.7380948779444837,0.6293139861041154,3.1057092270615714,-0.8782537522587298,0.3396067834359718,poor
-0.05429458040713279,1.0958597763945235,-0.04269918919584295,1.0278884203990657,-0.046410278438625184,1.0130396469239729,-0.04933787567372844,0.9958151564254477,-0.027871066357457248,1.0454119989446051,-0.020712965254340278,1.0429934397005385,-0.012012058231543618,1.0388864091296734,-0.049953226880119904,0.919098369089754,0.008890849184054738,0.9838542566633968,-0.06253749727311289,1.1011786103591277,-0.042565564683540225,1.1173918597224353,-0.06892255727961677,0.5808101034943013,0.038112031940079734,0.9471677650038018,-0.229071868607829,-1.1056315685806961,-0.05767671615223623,-0.8453341534436077,-0.3179530144616692,-0.9585815179698354,-0.09783677554076678,-0.62588074338806,-0.32926387111715344,-0.9379947665285949,-0.10657747408223046,-0.5861508565967055,-0.29077322497874025,-0.9308117850844699,-0.10099122283987548,-0.6025461404936399,-0.26544198534817537,-0.9205673512433266,-0.09210693314737464,-0.6190279585680032,-0.4396984004832918,-1.1742362244336448,0.4396984004832918,1.1742362244336448,-0.06264932963838414,-0.9340526757857341,0.045249137677697504,-0.6730034123072222,-0.038512020529266916,-0.8756270181388985,-0.0060010008712540605,-0.6408587713453016,-0.02792565507853544,-0.9150182239892256,0.022253001611627726,-0.6257098773149506,0.0243042882184095,-0.45133396367955986,0.0657628501058253,-0.4073191350870643,-2.579011004937549,-2.5762071642259827,-0.939386386612745,1.4084170583973739,-2.305861938651234,excellent
-1.0060385029780141,0.6728908968272569,-1.000389096559961,0.6908789367968767,-0.9934645083456088,0.6841252166536088,-0.9885765281817638,0.6773313301837027,-1.0160401918661315,0.722901391066247,-1.0188278270814748,0.7371232730744354,-1.0224919199061722,0.7530824355398197,-0.9833674272574559,0.7059098820108821,-1.0294938248476246,0.7935982332986021,-0.9910979943412644,0.6749295471127523,-1.000199394195192,0.7180610847632649,-0.9609968081002922,0.7038375138097632,-1.0286284512061086,0.7505069093883494,-0.8668285794197031,-0.2961647841610582,-1.0872476271926006,-0.33182357269687435,-0.9305389910585095,-0.9922679954751701,-1.017475825745145,-1.0247001747274889,-0.93257015122975,-0.9742116862292274,-1.0192014592140621,-1.020865379746512,-0.9386332489432672,-0.9556734046809947,-1.0121268133093262,-1.0143138825519633,-0.9451971470398302,-0.9560960803569087,-1.0090773368659183,-1.0148032712785546,0.911958812696755,-0.2755762828328403,-0.911958812696755,0.2755762828328403,0.9519248135322251,-1.0226797481739973,0.9071645316495354,-1.0638636259484011,0.976986849243374,-0.87781675807581,0.9825002894057393,-0.9091279792058428,0.9701017720822651,-0.7542574609809776,0.9792012377060235,-0.7159653835047076,0.9882712770373797,-0.9397088186274225,1.009993477631438,-0.9712367682535837,-2.6194007732365856,-2.739649681354517,-0.27205843839315,-0.5202283292393726,-1.8362058766988827,excellent
0.9825169940039862,0.2061770262510506,1.0005835361823063,0.14338950220084506,1.0005739232685873,0.153196971961104,1.0010072772666656,0.16182679046114215,1.0103137150585915,0.07296736348035143,1.017341330658333,0.0327618549902037,1.0245608706320855,-0.012437127652911849,1.0218995173033574,0.10703513646608016,1.0435946587471974,-0.11239545473899114,0.9788978570406248,0.23306669462257276,0.990736057127667,0.13494642434858306,1.0883940773600433,-0.5836016966308618,1.1306554394947919,-0.2703153331481997,0.772334450837935,-1.949517612185632,0.8582539988348725,-2.3047373397979967,0.7868683137990778,-0.5177500390996794,0.9548289242646845,-0.09668161675036352,0.7783775548160958,-0.5380871600712296,0.9037716073651381,-0.027830305824449002,0.7996351673715724,-0.3869575778809892,0.9147054904389523,-0.057639189840435104,0.7963234097887362,-0.421678669337262,0.9372748505118574,-0.08350463680159417,-0.7209694321203866,-1.9900075259490047,0.7209694321203866,1.9900075259490047,-1.0457573763503094,-0.6524184523736668,-1.0381534545611975,-0.026887341501053378,-1.213150958533116,-1.4772039063625482,-1.1516919364558795,-0.9331416247764874,-1.2216346842711068,-1.8745998562121324,-1.1485393334538474,-1.4695913514042291,-1.277548374907889,-0.8399177835096282,-1.2753382976606955,-0.3333309834665438,-1.3976826582717587,-1.703510471205392,1.6147204273776863,1.6808430691794738,-1.22092561178886,good
0.7229306482432829,-2.0082649165816844,0.7099005388308263,-1.9504074652829024,0.7169258304137105,-1.9397711464613643,0.7238510110643418,-1.9235746861535477,0.6770979275340472,-1.9451561224429366,0.6579778061080329,-1.930730833249326,0.6345966856426251,-1.91504876178614,0.7230574899348973,-1.8242706646545734,0.6008372109818767,-1.7964856225687997,0.7497323806402791,-1.9569039321704282,0.6973600145625886,-1.9755844350698952,0.7203966242423788,-1.5620743484838064,0.6117674384080094,-1.7353483992700964,0.5415412412489711,-1.050077327724623,0.6040061918984982,-0.7162883063214388,0.4052408612929126,0.3442129825746752,0.5717946693031661,0.6377208099079053,0.5099332991199874,0.4663288294871416,0.6184224742831025,0.673088902810149,0.6009667497370933,0.532034062064437,0.642739148878181,0.6382787283152868,0.5608656251192747,0.4818178968855563,0.6384861565485891,0.6290538637967492,0.09113283554430388,1.1248076182687292,-0.09113283554430388,-1.1248076182687292,-0.8702445496921957,0.799029723781532,-1.0363150513891621,0.4658952283537608,-0.6714482721760796,0.30965198234307817,-0.6854955373693896,0.06841361949585624,-0.6347405749413264,0.31855912454387436,-0.6421701297732476,0.05592511928343572,-0.7091250716143892,0.13060613068461704,-0.7153516625872554,-0.03934532031834911,0.237232473077981,0.43089024023013905,1.7937231595381928,0.8074412740336998,0.13803873469630495,poor
0.44428818141596466,-0.5649807370258386,0.44122030855267536,-0.543515988320864,0.44048025486336484,-0.5300480865966192,0.4396709460654633,-0.5158295419120625,0.44040526299373595,-0.5756809658672377,0.43810147364451396,-0.5840417257266457,0.43547328722951806,-0.5891850736498201,0.44104571930068504,-0.497237609121294,0.43190030863259743,-0.591307673830795,0.4477068145919291,-0.5424809545625129,0.4489771279854314,-0.572851663555575,0.40819779811035883,-0.39279249425261026,0.4633675201726011,-0.5847670067032453,0.528494174013655,0.4660500961345294,0.5973499224175997,0.3007803029328892,0.6192291532946431,0.7207661973423872,0.5437514647514758,0.5683036992821183,0.6703979442953119,0.6971200632899149,0.5282001474865323,0.536278244061264,0.655054605182434,0.6890552912818434,0.5220957815294434,0.5709215891535699,0.6401331919829305,0.6940446966432711,0.5278712806469158,0.5787226671583109,-0.7768370858630187,0.6725468230088558,0.7768370858630187,-0.6725468230088558,-0.42773576207831626,0.5230111826791153,-0.3985795550225798,0.5052849531108734,-0.4452523329636949,0.15049663252959414,-0.43942816301481163,0.012981703980950079,-0.4541786377268698,0.11824358165344247,-0.4769173223234051,-0.10629221298581577,-0.43372508554936395,0.021240171538187795,-0.41994945116474935,0.1548172948124475,0.28149505072771014,0.44915959809614037,0.8133287532939821,0.1399040971240563,0.42894118512467183,poor
-0.5103308743598647,0.7483624226635135,-0.5157395148723154,0.7595483083282516,-0.5201252737799987,0.7633551807514553,-0.5244219785724225,0.7702168241860109,-0.5026762903321326,0.7736736910735997,-0.49832279161923054,0.7666835066370244,-0.4943029684917907,0.7647652205705464,-0.5287115299012496,0.8134092711042422,-0.48508302091033006,0.763274359404248,-0.5192493272991509,0.757412026914342,-0.5063042050147719,0.7471188927230005,-0.5753874297426032,1.0413378449975466,-0.4396323368618231,0.7718892693324831,-0.7192407420990559,0.9399976227575444,-0.4078013900077922,0.47754161717632565,-0.616909244381115,-0.3763267293801141,-0.3916917296529845,-0.423907254032007,-0.6301011932499493,-0.43106563010643434,-0.38110912573610445,-0.44060598262689105,-0.6017884440480431,-0.4589834308912228,-0.40771622431959587,-0.4314215506344498,-0.5916634715337107,-0.4435204973577646,-0.41087688346556833,-0.427552349834427,-0.8416462658158439,1.1530728493376339,0.8416462658158439,-1.1530728493376339,0.3955046426038565,-0.38739088327081705,0.549380427173504,-0.7882224455734763,0.5477758054782388,-0.1310658572196681,0.6346191363324811,-0.5527746576517405,0.5667708981755464,0.05596187279831539,0.6545354453875707,-0.3105120328205946,0.5037106696692061,-0.4494139154389657,0.5705592700719881,-0.6414187518521126,-0.788241377260181,-0.032920218599178666,1.6670471110507983,0.39535636777275,-0.6269112261813191,poor
-0.9811701241833705,0.19996123132893318,-0.9815060677420789,0.2431333374674332,-0.9788009118373296,0.231033006432022,-0.9764556103382644,0.2165384530304709,-0.9923190582638565,0.29087407478885047,-0.9962786463958366,0.3130685338141708,-1.000104889288637,0.33622659847317105,-0.9733376059542852,0.2555963419976695,-1.0069251789505982,0.40167387323767245,-0.9724273019755962,0.1548839127206188,-0.9852675989788411,0.23041031215919527,-0.936230662630021,0.34517337836100426,-1.0073585675718753,0.42331736414555005,-0.9996761173965345,-0.07025936085208714,-0.9957345793235173,-0.10027403292197584,-0.9919817966811347,-0.7845357844546513,-1.0071243563280716,-0.8735997839506726,-0.9836011708956881,-0.7868108814990504,-1.0108676011436692,-0.8786284770201466,-0.9999540668493548,-0.7980676774577498,-0.9966632285982289,-0.876851862146181,-1.005572147300849,-0.8007700583596691,-0.993355262066513,-0.874508996638475,0.7197272618484153,-0.17063562209539268,-0.7197272618484153,0.17063562209539268,0.8912530076754038,-0.7420985994456547,0.892396802546619,-0.8242795037617772,0.9614123241293304,-0.5458047559689972,0.9712296207603524,-0.6280350552539551,0.9592090904610954,-0.3914709372606802,0.9746959268717026,-0.4049547767333031,0.9718799226758704,-0.7051652399130246,0.9795960076396636,-0.779188268236701,1.0837320539363606,0.9514346051548794,-0.8274029083891887,-0.9835006270822725,1.0531249359462713,excellent
0.8632236038281577,-0.6074577092234784,0.8404650519518495,-0.6283497795863553,0.8353852751007962,-0.6260605593570749,0.8298331201928572,-0.6260374508592126,0.8506403707135276,-0.6221904593101942,0.8541833569084519,-0.6111179353837615,0.8577602238752707,-0.6007918593432926,0.8076431357042552,-0.6100121901824621,0.8553928150356546,-0.5643035373731891,0.858827101815132,-0.5678270395750277,0.871421826772231,-0.5680160010867629,0.7653440103963381,-0.581894998365044,0.897100184708313,-0.4219117897732354,1.089239863301827,0.8171859547472077,1.0595125241513732,1.3812844080998814,1.124456025389227,1.4604145842319904,0.9693145905143501,1.3587503711891131,1.0927387448810564,1.4457125581515926,0.9385003406579561,1.3147358201783457,1.0737486705596193,1.4373152984177726,0.9252951462044615,1.3439617930169325,1.0799549403184323,1.4218365779193962,0.9209532260829713,1.357982745803531,-1.264007468820691,-1.220411973998522,1.264007468820691,1.220411973998522,-0.6614694356329358,1.1575868455909066,-0.66096202675069,1.263309126734275,-0.7255816865007109,1.4549628426845114,-0.8160090815512915,1.8036346712059066,-0.7346217677795905,1.5028060511483208,-0.8703403674712351,1.8142514208218572,-0.6645137617727529,1.138853505486718,-0.7595086865024661,1.7384735503263065,0.4335688556128108,0.44693380970761737,-0.8824500688873941,0.1647196199623277,0.6006616963938505,good
1.0867707445385264,-2.553079501357719,1.0483701011597228,-2.525824548971113,1.047209559351208,-2.5338211645057966,1.0451206069149215,-2.5410935104096013,1.0378860299888935,-2.4636694547601055,1.0298001566342987,-2.4240877553032205,1.0215009523095415,-2.379780677989618,1.0141703568249003,-2.4656472501832813,0.9907418865740947,-2.270081236336097,1.0996138916170413,-2.6034610789576482,1.084087363864412,-2.5111299022290634,1.0919113232626052,-2.148963978014988,0.9873625893190441,-2.3023346838717327,1.0626043200566533,-1.34152452907816,1.0301831267609562,-1.4882644300492598,1.1165696361932465,0.27960425739793204,1.1092499768228774,0.5392947804877835,1.198022231634683,0.3506375811104474,1.0949046615728877,0.5201453334757018,1.1650269021349013,0.3586922258921118,1.112158341187884,0.4955743633168151,1.1563397609391026,0.3343649803127737,1.122019022089875,0.5016290550296053,-0.4383770364148538,-0.7545149732223104,0.4383770364148538,0.7545149732223104,-1.0539358294711687,0.7644593018920898,-1.17495456755246,1.0284277628589504,-0.8734225131750469,-0.18608140370718138,-0.8358272045893815,-0.20694213086350113,-0.8395728262722313,-0.2950984848635857,-0.7888670711421168,-0.5775911777149404,-0.8893671920873572,-0.4042149504707427,-0.8830382685302689,-0.3700851106788893,0.17145789551782456,0.31805886454604604,2.4712213819347038,0.38021134376419374,0.23339575977408014,poor
2.109661188995557,-2.7753930561960614,2.064694967659513,-2.7644414457863657,2.0617479485125436,-2.7561481506152194,2.057346986649683,-2.7501808460589023,2.061130189632121,-2.7401495730658114,2.058209622266863,-2.712324473309974,2.05556859291225,-2.6786099503265053,2.0132545161807025,-2.6311194919413583,2.0329065495921212,-2.5379747010176104,2.1310023651794827,-2.750956354163682,2.1215961172704114,-2.726995917989065,2.0287743294432032,-2.338814181735448,1.9844222843001147,-2.260508488843567,2.4533626527348265,-0.22869251301768595,2.187640757093473,0.5107245014891264,2.521412194055545,2.346607432848722,2.08483713285897,2.2966396612427986,2.5697192642172983,2.323520109737082,2.0784225151288833,2.2954896731684444,2.500205874781934,2.345983158830779,2.0707780551329398,2.29568443191169,2.468090682311333,2.3515753048136387,2.0744024031142203,2.2923499161229857,-1.734644668279191,-1.3926824271767524,1.734644668279191,1.3926824271767524,-2.090989033923775,1.4718394588499852,-1.9934094436644987,1.983297980014719,-2.2256405603640927,2.1112461134110068,-2.2882429414048486,2.6142810524510183,-2.2879164984193787,2.0692222397388504,-2.3828987455806807,2.470997865541438,-2.2468507791096353,2.3081805804035542,-2.193379806466003,2.7739282061763357,0.31448400888211664,0.4420688419839057,0.6624084504491174,0.24238658856819126,0.489559986613499,good
-0.9773306750090649,0.26160374554805393,-0.975549316116813,0.30369786192546333,-0.972731873628008,0.30270244180314365,-0.9697858116046232,0.30191623453691174,-0.9861991958180804,0.34234428874975503,-0.9905561470108962,0.3643751490391943,-0.9956463736961101,0.38796634457121243,-0.9642040704052532,0.34644303107478086,-1.0011573798028115,0.4514372086904953,-0.9696464845315339,0.23808664258845302,-0.9827557894332053,0.2982783266778034,-0.9347992935439204,0.4035262471257846,-1.0056957245021263,0.45483396746910004,-0.8810703283632969,-0.04277109890855423,-1.0569564254381139,-0.09601349602473963,-0.8658785878564403,-0.7003482905838411,-1.0900167489472505,-0.8237757118084119,-0.8622666366812672,-0.6976676771245307,-1.0835205958003271,-0.8227354319168951,-0.9021196716718817,-0.7043471067456121,-1.070377023810834,-0.8079129792880757,-0.9047322915187804,-0.7103182101853699,-1.0717215779321543,-0.8034024536050015,1.0930409152389486,-0.14064821411862047,-1.0930409152389486,0.14064821411862047,0.870306379660668,-0.502746492864472,0.8716999381548788,-0.6150632243495461,0.9501402188464687,-0.4763411204163207,0.9633310691051534,-0.5711774158652705,0.9492519220459582,-0.2805890307827799,0.9640130438335345,-0.3459407341110772,0.9555096890220295,-0.707883368309716,0.9734232242041438,-0.7719328310912377,0.7658810598307393,0.7962715354667854,-0.833850846972566,-1.0561696215333554,1.3997196711745608,poor
-0.7701825512110154,0.2483332558706203,-0.7755615993374753,0.28682718397374113,-0.778883491908448,0.28312038461830835,-0.782115646412999,0.2812085216934446,-0.7694103628782133,0.31927264469625277,-0.7695181121823207,0.335840325539619,-0.7704152208970885,0.35388114089533446,-0.8076721960849033,0.318064567073923,-0.7833162351936638,0.4103615897022647,-0.7814802796547455,0.23985840531229363,-0.7752491260604604,0.2846517639732708,-0.7980926131746889,0.45618990868847176,-0.859753048431477,0.3675756354816882,-0.7522495356688556,0.09235440769885554,-0.8732082860160985,-0.02146724459136926,-0.728439880748666,-0.6491750297048838,-0.867962469479258,-0.7165981913198235,-0.7116542656743499,-0.6389601912192089,-0.888324950952282,-0.7118694005586663,-0.7138582784258132,-0.6343431664974184,-0.8773394575836062,-0.6986087538374683,-0.7291523762688539,-0.6342004137175852,-0.8705408714216796,-0.6987805525756586,1.0544473544485473,-0.17597259531628984,-1.0544473544485473,0.17597259531628984,1.0057066955708436,-0.5965716104276944,0.8003369166913884,-0.5539810080263373,1.0649483874233336,-0.1588538269873706,0.8199407403896332,-0.5182981913854157,1.060047171014737,0.0608340496092116,0.820350720583788,-0.3302950760852204,1.0709066656317323,-0.38653169484509803,0.8219687079373577,-0.6444687123352384,1.0031800782270193,0.6132359466110713,0.0371778368095985,-1.0479349748135331,0.2880664873720333,excellent
-0.09798651767728386,-0.6627327632941781,-0.11144652414741044,-0.6124085356979897,-0.10982742360590467,-0.6090839653856931,-0.1083003531415468,-0.6036045213373944,-0.12359810520102969,-0.5942389966816246,-0.13240642433064476,-0.5764237997011118,-0.14215913671857297,-0.557430737559113,-0.11255547919287351,-0.5283896581300578,-0.16078635613063538,-0.46153261546539087,-0.08257422024083473,-0.6383031325859206,-0.10098672675695025,-0.633581709472093,-0.05269821777333117,-0.26021386123956486,-0.09675747549843458,-0.4679821846741662,-0.27594152217741263,-0.7846677918976551,-0.15734698680777381,-0.8627743190603762,-0.28197924535737906,-0.7129655178706397,-0.08892738078242209,-0.5018017977750833,-0.26055149670485067,-0.6503865994611017,-0.06943584568860799,-0.49660448919940253,-0.21111242208307818,-0.6414012116376762,-0.06888461604725991,-0.5232113390918669,-0.21525099431468991,-0.6476161601928931,-0.07462615049999897,-0.5258461876856189,0.05195916945100052,0.12487178340455748,-0.05195916945100052,-0.12487178340455748,-0.031389971266220035,-0.4051775875986772,-0.015473365268439218,-0.5207539705088858,0.09989327485873598,-0.8999772031583891,0.12539161328476037,-0.8862367108118305,0.11590666825904786,-0.9101579362848761,0.12110479542058154,-0.9538834131063787,0.04876422047311653,-0.9481548439582169,0.07371219266261887,-0.8260028282036113,-0.30954557493356366,0.03469836334407643,2.729729548684071,1.0491138587297633,-0.33839411069906766,poor
0.09018846287190262,0.003535621051635864,0.08824403622183036,0.029962763496450145,0.0847090450369901,0.04627666735854939,0.08130165733249793,0.06344761676281202,0.0965740907237093,-0.009234091501059307,0.09820228317712269,-0.01875023226633018,0.09902167586217836,-0.026997223375844884,0.0869817823481459,0.1038443479063224,0.10720384115162705,-0.00806534641795114,0.08536573289490446,0.04388135307334231,0.09061998943832598,0.0014541567099411823,0.05786316944277222,0.26244778146210945,0.12428429573797684,0.027214843582695006,0.13596113565978257,0.7505808737977473,0.21631552528644013,0.6195038384644143,0.10118922625647757,0.4010562787850808,0.17870566410724903,0.32818035936109397,0.1529279792420637,0.3776754998638855,0.20586910491829302,0.3316341420400774,0.15555735542667243,0.36396492467920344,0.18935014663311084,0.32961862087568533,0.13177428488015108,0.3748679614434412,0.1756659038374502,0.3327825434668705,-0.45796032805704284,1.0195839978867334,0.45796032805704284,-1.0195839978867334,-0.20264229759654073,0.12435093471188889,-0.10352570105761248,0.057855877363484416,-0.2258925263682215,-0.1792978805590507,-0.1353027655229568,-0.23629265707949262,-0.22652797423072024,-0.22357498040950274,-0.13243371382745106,-0.26924995716534816,-0.26179791200307506,-0.1373147153580008,-0.17657564745161133,-0.10356506929176153,0.35895496514808606,0.40593818227765227,0.13876400090264315,0.3795813665567772,0.21973696704321505,poor
0.5195447415908276,0.4491153624367745,0.5244867429606271,0.43317053989508175,0.5225530229216192,0.45594203735704214,0.5206027381084067,0.47801144961056014,0.5315875092540857,0.33708598843331106,0.5343475072283796,0.29851495270862277,0.5367272352111251,0.25526714569830505,0.5256623106992298,0.45895184049785975,0.5394680888468663,0.1801087964984571,0.5153891761332664,0.5063489160986352,0.5227601434948801,0.38880309904532767,0.5092322361462857,0.27473049984295417,0.5849854727942423,0.08655930866724883,0.5578882832126861,1.2189952989548654,0.6482356799546252,1.0970416089870358,0.6273864834633894,0.9576600606427376,0.6252393436920586,0.9635878675668964,0.5705640592628433,0.9697964277627036,0.6304427067657387,0.9313433435106282,0.6002024028052081,1.0157443299201554,0.6263616232218657,0.9722119377068419,0.5976965237909592,0.9335233261636029,0.6233793999620415,0.9837909317817303,-1.1441059542093455,-0.25058756618455724,1.1441059542093455,0.25058756618455724,-0.5250118867657644,0.6118495777633643,-0.4399298881475928,0.47059681929655195,-0.5615213427598419,0.87843127690203,-0.5080117700936196,1.0325460684452645,-0.5798779758216799,0.8937641164136183,-0.5567742200324242,1.1294724905595501,-0.5774816140776415,0.85266526521345,-0.5028785224507812,1.0869997718567177,0.07183246495853175,0.24209467710683402,-0.2667110266647195,0.48824352371942,0.04129719048092976,poor
0.27043245070126337,0.048911213967081056,0.2643330999605946,0.036122669675412555,0.2612975909733142,0.03757323209363702,0.25822156163603044,0.03951840322653737,0.2721358326966658,0.02749941075954662,0.2747887058592452,0.02047245573019309,0.2773359501039619,0.00890579097830161,0.2539118317398428,0.042860849980223326,0.2768705712411353,-0.05187190880599956,0.2629115804696708,0.041828635480240114,0.2712740888066765,0.031166253064615866,0.21886775817241233,0.06995137685124028,0.269847575870109,-0.15558907171261102,0.237559653863012,0.7462366749736203,0.35514724501314326,0.6267760736048409,0.24235291390975996,0.6517450769871352,0.33446509628288457,0.5732066761081439,0.24492053067023295,0.6260391656351944,0.35026780204028646,0.5745969644938864,0.2643934257870184,0.641674832410997,0.33402604080131293,0.5615883529001308,0.2481897579854985,0.648973859043052,0.31694638701490446,0.5644267730678845,-0.504113045175805,1.002994323389422,0.504113045175805,-1.002994323389422,-0.23179254818355308,0.8197960122485966,-0.2280752602344016,0.5624324208049325,-0.143879342356895,-0.04688288789252345,-0.13723737046276197,-0.0332433355108826,-0.1193766778452532,-0.15607590864465976,-0.12000258296793763,-0.09100713647559124,-0.1935170571095607,-0.1742236199485789,-0.18193002451977328,-0.008943278163231795,0.2604328126315922,0.38627777913841616,-0.023864704323918223,0.41312358473320976,0.3167872666953617,poor
-0.935462417613819,0.20482504417793237,-0.9376459050006734,0.26252198875254956,-0.9378797498986341,0.25509666479316717,-0.9319113207167599,0.25346980588955276,-0.9459013619501329,0.3045903713779608,-0.9502391917576626,0.32706400864724067,-0.9555686900640497,0.3493813651291652,-0.9271679969636444,0.2900232202262874,-0.9659574392038094,0.39964385368647615,-0.9292619500508751,0.16118807213892153,-0.9376717511404188,0.22950433673130813,-0.8917756916375857,0.3371431526933383,-0.9687261079723031,0.39993101631603056,-0.873523185068547,-0.23072520593603252,-0.9905547832765502,-0.2614588732352735,-0.8724854593381818,-0.8687305674054354,-1.0239095669840232,-0.9391606358421782,-0.8716955321199021,-0.8570221735276234,-1.0223510640561428,-0.9286829143992108,-0.8837228039083787,-0.8581763188939937,-1.010263852827308,-0.9191966965559423,-0.8838969105935995,-0.8606855936494296,-1.0109933396460966,-0.921573241233831,0.8994224383718353,-0.08001599184029594,-0.8994224383718353,0.08001599184029594,0.8636769568426778,-0.6837184802305796,0.8707638132083564,-0.7843633000553046,0.9309208615486373,-0.597845437757479,0.9478020113515112,-0.6793949289674366,0.9333557583170738,-0.46020934325385876,0.9517325860828285,-0.47816877478713027,0.938279268476891,-0.7579112438197734,0.9509026745589169,-0.8258316273945546,0.911381674079871,0.826738991703478,-0.5745077115935399,-0.6073445685166273,1.2121388537616247,good
2.0121103786327716,-2.4790179782005,1.9766112173077288,-2.4810945156052098,1.9764369679415632,-2.474964514866364,1.975158559585262,-2.4722042418003394,1.967986452107397,-2.485546694231275,1.96453762428341,-2.473106992001355,1.9623837351924507,-2.455741907168413,1.9430563578584101,-2.410942750683467,1.9423185178730311,-2.3808219628804563,2.0327997213644773,-2.4944035308437504,2.021219470391271,-2.4914782351982243,1.973846735407969,-2.108792885749603,1.8988635954850868,-2.1449536504123974,2.3822132413872743,-0.03035972706553525,2.094039033870013,0.5377547049011788,2.399038226830188,2.3532088052463753,1.9857767003004139,2.2176051591683708,2.449737006537499,2.384210441530585,1.977608023008945,2.2218648738742477,2.379757851994747,2.393315343676336,1.9719600830439004,2.237108531452769,2.349907808887236,2.3772242876318104,1.9714876786425957,2.234519604284749,-1.515117635335747,-1.0877523381653544,1.515117635335747,1.0877523381653544,-1.9581214818813817,1.5017069591728778,-1.9015440858000259,1.9468328942457886,-2.1071054248385845,2.138116875959156,-2.134591103040444,2.567532592034731,-2.171223570463515,2.0835084632461074,-2.2583618971703907,2.4059180860753235,-2.068400947904567,2.319929342310108,-1.972520277024448,2.732030485806986,0.32010057138500275,0.4443198626788373,0.4833037221803653,0.30583528930334625,0.4705289986806026,good
-0.9521398603902144,0.24647059491932485,-0.952791677628235,0.29141534443298567,-0.9500819014592554,0.2890579666128743,-0.948194002912857,0.28724945759948156,-0.9613611684347638,0.3291196659955153,-0.9668661068464021,0.3528794675113276,-0.9732183705181574,0.3801276527635879,-0.9484982094163319,0.3546333687678493,-0.9891992415679148,0.4789819119370964,-0.9484015686593222,0.24877592979677526,-0.9587803475817271,0.32271078448673907,-0.9317637756297393,0.4518633743107623,-1.0034962752049448,0.5187941871175132,-0.8298688398900406,-0.10689205577302563,-1.0908151087229152,-0.11454866229677349,-0.8767438151950872,-0.8042759687696893,-1.053298050183924,-0.9007237510224292,-0.8914244434554112,-0.8067837214774158,-1.0395617893290676,-0.9032419942600347,-0.9099646138102997,-0.8189475133703772,-1.0304096289945281,-0.9002670283054961,-0.907690539406636,-0.8170717614774538,-1.0344374307837068,-0.8997577652563881,0.7029315796713793,-0.24318197886701398,-0.7029315796713793,0.24318197886701398,0.8814025070585797,-0.7800167021881358,0.8978916623250361,-0.8881987875037083,0.9540716048286493,-0.5833036052057302,0.9683645346771367,-0.6657396059611789,0.9525745286983301,-0.4103462705355716,0.9679179286210046,-0.43825335713531743,0.9597088838461729,-0.76883759707233,0.9773471961638764,-0.8224228569872719,0.2646499589898328,0.24842094263751888,-0.9187639162461644,-1.110735294948066,1.206900606129925,poor
-0.9461545074005671,0.04976594566782214,-0.9449008633196632,0.10171942256821319,-0.9429301598101287,0.09853945424788393,-0.9417067304018866,0.09791064313145324,-0.9563027278563426,0.14132564750827575,-0.9605095459235891,0.1647727637346649,-0.9640290531048527,0.1924795819689827,-0.9411456610151118,0.18456052203084683,-0.9747494384718765,0.3062793473343055,-0.9414289311314432,0.04852162466670502,-0.9529314144260773,0.10079250023248802,-0.9084225406591662,0.34462401590769276,-0.9813194367753136,0.3753281809896086,-0.8882919309258558,-0.06891206990341285,-1.0177295812213862,-0.1603335061385241,-0.8665442678391914,-0.7669245802011873,-1.0370136128996919,-0.8731311652018272,-0.8567127096300643,-0.7567135110772786,-1.0441296539853606,-0.8840487653792114,-0.8861769636980158,-0.7761021555289569,-1.028970164011003,-0.8714887167458916,-0.8904328573019868,-0.7797775143002744,-1.025455773488423,-0.8683041679020012,1.055016680512194,-0.07455373125574402,-1.055016680512194,0.07455373125574402,0.8962561952443923,-0.6201177907740678,0.854841168983239,-0.7538995063564123,0.9661363919325424,-0.5530757688350172,0.9498034508818423,-0.6723333128310335,0.9656783910371768,-0.38785832945832516,0.9492090169951014,-0.4369233028113959,0.9685711488574191,-0.728771694160807,0.9504468270415166,-0.7922934689931065,0.9820428357850908,0.7826513889311532,-0.8596410001006155,-1.0145736910503007,0.6962571105483716,good
-0.16700001543038606,0.9006979472562319,-0.16510463955281454,0.8592850220958497,-0.16898047974050412,0.8501586530495372,-0.17221880864439282,0.8409951478736721,-0.14968232938611445,0.8738201734946358,-0.14234853790117796,0.8744679071379352,-0.13396446413507204,0.8736123265769091,-0.17507436335536958,0.8007154308713504,-0.11718957660065271,0.8520253793325026,-0.1736770130660954,0.8914482607405353,-0.15444246003816936,0.9124693879503153,-0.19602680051152316,0.4873800974868155,-0.061796502013270437,0.8509679100196769,-0.3662850459960624,-0.8578690291496182,-0.14797477096421702,-0.5837380838325659,-0.4396521310150231,-0.9366895601297487,-0.21225404262570044,-0.6706697141584602,-0.44508073803535564,-0.8936359365372928,-0.22829857685380583,-0.6622046829693229,-0.41870305471100905,-0.8878181239722981,-0.22577384218121618,-0.6882522221465324,-0.40435810813513023,-0.884767622208873,-0.21641800062572591,-0.7000093160106431,-0.3715620051748091,-1.0675659520833123,0.3715620051748091,1.0675659520833123,0.07134773466783281,-0.9388030011655087,0.15580906300096567,-0.6736916723456059,0.11047660084329751,-0.8054858367012919,0.11708700823826085,-0.6669982985367046,0.11247699176943816,-0.8278634384566811,0.14107650236364142,-0.6650830557378873,0.1650746132922352,-0.5137383490286711,0.1855338549089565,-0.47492389773789395,-2.0895487937582473,-2.1856635834798186,-0.6503972554518801,1.5953885594487194,-2.0990854346895524,excellent
-0.04939429513546098,0.5544755134104599,-0.04782882237608939,0.5566106230001406,-0.051734552563142085,0.560956698054336,-0.055127622386199976,0.5619502744557665,-0.035527516615759834,0.5319444866912377,-0.03114332426657903,0.5197708605751187,-0.02614530617200423,0.5063740094442596,-0.05640855279291797,0.5036275736684303,-0.014569146386132412,0.46447594144943255,-0.06448478468600731,0.5606368177974196,-0.05366234493436759,0.5405068406956213,-0.0737761004886772,0.6863814994207207,-0.01233574316525777,0.42848576347988393,0.3302587755188324,1.4985823349345726,0.2941309269734241,1.3138777257397185,0.4407233120468905,0.6410195818905645,0.35908437815789,0.3809697626763198,0.4139964973707123,0.6358504396813327,0.33918500424161513,0.37212248335459963,0.38650219169299893,0.5881885149726304,0.3138303582160275,0.3723008414067055,0.3890946031526451,0.579110715291398,0.316409413697269,0.3766127103766805,2.202003116103409,1.3991618732250468,-2.202003116103409,-1.3991618732250468,0.9877193257833922,1.566746144673802,0.5034588851604612,1.445084358701161,0.5555500306555284,1.111212253983476,0.3402530611019962,0.9833257459981704,0.5385740043757561,0.88603331940808,0.3633677390602335,0.9166872014808041,0.41188002645357913,0.623571596271224,0.19669504483850245,0.5396198033221903,0.5883583893336061,0.5594305934987669,2.2085845039386234,-0.5162710185403858,0.17530078498453966,poor
1.820830681070381,-2.907017003572524,1.8098738392562292,-2.8854155737105254,1.8148531617142343,-2.8726425819143757,1.8185816122668648,-2.8592865232282962,1.7820444337340267,-2.8989171458895426,1.764783366575704,-2.911283975899039,1.747752600137553,-2.9233156070616637,1.8052028894589347,-2.8492807235581776,1.712484751652521,-2.88656617632751,1.8401005298269113,-2.9016273418532386,1.8077975060630138,-2.9119978136319804,1.8052115415437613,-2.82193104766741,1.7337375713042413,-2.8622130291971604,2.0208108038654498,-1.2938418140472117,1.7990915201409863,-0.8475624845249833,2.0860556907799497,1.539411934825827,1.710549744637635,1.7659808755107484,2.133461707253349,1.6479996072592884,1.7428106234344432,1.7606052064112185,2.076996578235841,1.688772200561416,1.7548233030519218,1.7760171217587495,2.080445281871141,1.6632227499349859,1.7606343756953706,1.7716567076359757,-0.9918010648730022,-0.06451122325289255,0.9918010648730022,0.06451122325289255,-1.8424954242208778,1.8133454377943123,-2.012860562777086,1.763829583298211,-1.2341930660003277,0.5660529877827651,-1.096832217395084,0.18865332638214063,-1.1455934736327706,0.29976683491166384,-1.1022135122078058,-0.3404526269307195,-1.194233969422342,0.39595211970945,-1.1950524598461696,0.09463287183573954,0.2656307259210115,0.4152803005292774,1.4876726401179705,0.3740448510008225,0.337917841397568,poor
-0.9976054753253585,0.20397838432989435,-1.0028346600607483,0.2418159165557748,-1.001276248659662,0.23372316335156776,-0.9950034026824012,0.2161574801223512,-1.0108019396883778,0.29215619574040574,-1.0158053996311787,0.3076509145270978,-1.0191811769934855,0.33163271378077613,-0.9948260894032106,0.2706961441004319,-1.0221992392272263,0.4182611056526115,-0.9826497211840329,0.17455675030091422,-0.9979731940325375,0.2402918083286184,-0.9434609729334168,0.4042436339512201,-1.013606040088556,0.47041195725141943,-0.9988459734280885,0.023769002972128132,-1.0237510168587096,0.009912799409747063,-0.9976879737177848,-0.7056817127048747,-1.0420409904369325,-0.8081884163245927,-0.9881304608132517,-0.6959457533572552,-1.0418302100004102,-0.8233942837351413,-1.0049718920521504,-0.7082745633803541,-1.0338730041014221,-0.805283608394257,-1.0093332743695238,-0.7154542188861871,-1.032024712870763,-0.8022071498919494,0.8620580930963502,-0.11588832863088681,-0.8620580930963502,0.11588832863088681,0.8884380693649523,-0.4931869620388687,0.8814126050782974,-0.5841923120306582,0.956516115140527,-0.4745642401986157,0.9584215879512052,-0.5727921040217699,0.9571839885488129,-0.3213016579112346,0.9561335465210254,-0.3437382806099616,0.9582321093985744,-0.6705473535786816,0.9484856493761574,-0.775864753971043,1.0223852966605667,0.9295660034974259,-0.7805602043448533,-0.7633758974708819,0.769515562830398,excellent
2.037858833025771,-3.852042907265887,2.0043891161991456,-3.77163299592792,2.011175067035453,-3.7636879834538215,2.0175845509077193,-3.7504309687892716,1.9690079453487128,-3.7545345940609978,1.9518769536807825,-3.7285930355442862,1.9324904168125863,-3.6935899547482234,2.012344997136966,-3.6743298748358812,1.8854153371820794,-3.5935291537494534,2.0675280893896315,-3.827356313980034,2.0271506892613433,-3.786074244677062,2.0265652711775153,-3.484935332240601,1.930121219672436,-3.493554960636246,2.250055103085981,-1.8697636064022785,2.0205573720397685,-1.094631860825816,2.281364782008831,1.7571300879016518,1.9314549390526838,1.9750660914095424,2.3550153784737877,1.8620872748761323,1.983752024290242,2.003654566503951,2.343281889246099,1.8852814089270034,2.0055038817557342,2.0024691235960987,2.332037005493617,1.8694822794312578,2.0023081093095882,1.9862760392017615,-0.44216104559651426,-0.3375771371988712,0.44216104559651426,0.3375771371988712,-1.9132498204656783,2.5643490645374087,-2.345730630427224,2.089801921006178,-1.747937564770018,1.2352977528426599,-1.7448004668992558,0.6908262044204191,-1.7194675094128171,1.0583875539007757,-1.730610636546706,0.3473886188402191,-1.7849679865534176,0.948692124303939,-1.7173252912264823,0.873722345258643,0.30002249801374287,0.4529638062707481,1.7302532623921523,0.315336089475713,0.3491196380414282,poor
-0.9593783946634125,0.1793821306518495,-0.9623006320782319,0.2360128919474803,-0.9604798461758474,0.23274011128821737,-0.9586054851345825,0.23066429227292093,-0.9692207695983917,0.2757433425452382,-0.9743917882241594,0.2977570160995498,-0.9796651872192709,0.3256073619082446,-0.9602050582015523,0.30696767086167537,-0.9939295128804766,0.4364414183177772,-0.9565741866182248,0.18201698656011306,-0.9666991311410061,0.23965938559673414,-0.9365286796185672,0.4092265416594618,-1.007581352425147,0.4737541925259304,-0.8355458193200572,-0.20946872279583006,-1.0741341677909608,-0.2045796203186023,-0.8717915506381215,-0.8657955654551165,-1.046838243231098,-0.9497338930841795,-0.885414305169933,-0.864242208418191,-1.037799758934516,-0.950625284657565,-0.9023250465199265,-0.8749867130285846,-1.0304988328160831,-0.9467860674469747,-0.9010031788825179,-0.8741810315663344,-1.0329155113105206,-0.9450348954571904,0.7321487219061584,-0.16793801858694982,-0.7321487219061584,0.16793801858694982,0.8812276413236018,-0.8227140932510731,0.8947740605384191,-0.923253063921693,0.9521554639793667,-0.6533370182857019,0.9662697955292895,-0.7232750110908968,0.9582844971760446,-0.4606867757646722,0.967043728665759,-0.5031393455396871,0.9621771767083038,-0.8214069696244486,0.9725270298320373,-0.8630275476451684,0.2506634739229621,0.38665936244173743,-0.8532537923496895,-0.8069845780108424,1.1272843316128704,poor
0.21428858620184385,0.05504168970252945,0.20043569016462176,0.01470265000160852,0.19673917216209671,0.013320806336943576,0.19306212154528138,0.013622444878013593,0.20769194534165053,0.016713198020318447,0.20863570757899244,0.01609935485629166,0.20955325078908163,0.01563760543612691,0.18391014138180428,0.013796672487103931,0.21167796543483658,0.00672282029657896,0.20957494760577136,0.05684840983531231,0.21867737248233224,0.056530325378953666,0.12992177851106448,0.20133802104193696,0.22556347350578415,-0.010671841390538308,0.29684647204696296,0.8441812452702679,0.38683645741053485,0.686470105283421,0.3193947687026255,0.5081739504682831,0.3417233484846613,0.3706779663715651,0.3402058217201459,0.5020888526454405,0.33869205029043875,0.371739583963093,0.3401874251140829,0.49750042703793446,0.31688769542202927,0.3897838388619948,0.31820418767396746,0.496138232308738,0.3128520203840459,0.390962492563833,-0.8330471752024204,1.1371573504412058,0.8330471752024204,-1.1371573504412058,-0.13961375903317522,0.34471061854206847,-0.09438807924181679,0.019645476263719413,-0.17423892154115653,0.4788254626832825,-0.12324180956349712,0.40273189479910926,-0.1834147450793071,0.5404722938995616,-0.1412612852709179,0.5043241258768799,-0.19664665690634722,0.4686527798392303,-0.12844389469016226,0.5248113295924408,0.3757005333108346,0.4582061831392053,-0.8944906910921008,-0.027560582009080254,0.2657667753490071,good
-0.9677605225829381,0.37586091790857024,-0.968391890980233,0.4153065293290447,-0.9655421769242208,0.41492587629384214,-0.9621049712804005,0.4137919959588316,-0.9800684849762702,0.4565324276281633,-0.9847483630167445,0.47894312598446837,-0.9891331028532665,0.49423647332734055,-0.9590798019315199,0.4500482553734147,-0.9926969448368776,0.5453778856909225,-0.963161986286247,0.34749711612260475,-0.971584419956141,0.40739669773571996,-0.9229765283205148,0.5018187254931096,-0.9957630673467821,0.5587745032795138,-0.9124807017371829,0.05421286877351885,-1.0196446273539164,0.07726495545613962,-0.8822937664805074,-0.7075367587531213,-1.0371587864855403,-0.8164722086624264,-0.8868225905608974,-0.7172920765170238,-1.0302542340822853,-0.8290564489256508,-0.9113489655340438,-0.7248098920577248,-1.0243703557712884,-0.8188226558808809,-0.9103495318360807,-0.724447258489282,-1.0249919355434984,-0.814510689382239,0.6091982323681974,-0.14377745272321052,-0.6091982323681974,0.14377745272321052,0.877321157191579,-0.6950921725030687,0.8989759273072614,-0.8126910874719523,0.9460905346980414,-0.4457214608497625,0.9707597295823233,-0.5459244495583203,0.9444247279422147,-0.295825940178594,0.9713885763621464,-0.31309526204869387,0.9526732927123359,-0.65855998450506,0.9834399762840332,-0.7303039973328912,0.9673818534161456,0.8299598942479237,-0.8274592511445459,-1.2166034295822434,1.6842435330748136,poor
-0.8025694934252804,0.25919005064974954,-0.8089577458938542,0.306642106922351,-0.8121176362171154,0.3038908293600158,-0.8151265455497235,0.3027147171290041,-0.8036642696718939,0.33821521268717897,-0.8043379080478928,0.3552249015796153,-0.8056927531165265,0.37387615617295994,-0.8351716724881301,0.3426879784680968,-0.8184750953533456,0.4306530141095706,-0.8137907493400998,0.24456896911912793,-0.8086879962670379,0.2908421727261764,-0.8264039167260837,0.48284285655166026,-0.8791294676950258,0.38034765817901817,-0.7738393443971249,0.06555866148631576,-0.879913276628131,-0.059601031128357476,-0.7329778867488381,-0.6731720682955743,-0.8720331409721286,-0.7680569359805977,-0.7276323304405745,-0.661693444647238,-0.8896956724469433,-0.7677885231811176,-0.7367495140738551,-0.6668824578194058,-0.8828183258855932,-0.7530658923249489,-0.746492561777216,-0.6665362766132095,-0.8765933334322271,-0.7524840123150301,0.8688573414837014,-0.23702967019856794,-0.8688573414837014,0.23702967019856794,0.9080560845081505,-0.6113681634712077,0.8072515187481096,-0.6756060877482986,0.9972473795639969,-0.31382603394626846,0.8485208325879071,-0.5303414481368897,0.9890610503445828,-0.1091278002889608,0.84488457359497,-0.3406280153575754,1.0348134253183918,-0.528983294428604,0.8560659443593375,-0.6810090282266517,1.040570966757952,0.647002515274619,-0.4782658350298719,-1.0079655168499952,0.4369936265141993,excellent
0.7434117081003155,-0.8043041957772318,0.7499363297858155,-0.8233231904931932,0.7492011696371015,-0.8196044376104209,0.7484328675360797,-0.8180973067578601,0.7488698712781064,-0.8572573689305701,0.746405761615737,-0.875067426093973,0.7425097186682768,-0.9017272449505078,0.7465610544286745,-0.8607425194486039,0.7344503019828224,-0.9582371824448075,0.7405376285762093,-0.8172777471003765,0.7429762349896922,-0.8925469119865684,0.7303781003830696,-0.868343087611,0.752905194121716,-1.0349146900680246,0.8112418657242397,0.03114415298709941,0.8158715357223024,-0.4031031945292669,0.9333628398717202,0.7225710242098837,0.7912070886482445,0.6250676022543621,0.9587043313229314,0.773462623093182,0.7686770155108175,0.6179473063085665,0.9229027927044697,0.7644803886853618,0.7676553283371254,0.6475145693626799,0.9199194011454656,0.7477093008106769,0.7762045409596379,0.6503939010818878,-1.0469415266724984,0.13210117007862082,1.0469415266724984,-0.13210117007862082,-0.743522315856079,0.40127469635493784,-0.6968649972090354,0.4147666245757583,-0.8394864759214474,0.3000462954715768,-0.8184504402468619,0.14048338379620778,-0.8518974651969224,0.18916767281300437,-0.8573468298300625,-0.08873660939613481,-0.8303267576844899,0.3721078690069211,-0.8151737451854173,0.4488416057330424,0.16231247010038957,0.2917000915600619,1.2656428941897018,0.33882656800318206,0.22879371018973765,poor
1.562484285859757,-3.3228388915266023,1.5036715629666326,-3.283033006674766,1.504059704589193,-3.2933046171706675,1.5031715755714488,-3.301288161887521,1.4832324071300538,-3.2018075597561353,1.4669923991461509,-3.153258274528771,1.4460335267324655,-3.101833747811482,1.4704236833273339,-3.176139304938716,1.3861798822412987,-2.898447085911654,1.597699069538947,-3.3408635544752756,1.56754516346431,-3.2548897192302637,1.4441973730679452,-2.9906979717849347,1.4702291703064145,-2.6638268287436264,1.5774384325357336,-1.6636389777284422,1.5562064911732008,-0.9905054409916075,1.7062483189094926,1.1235372372768833,1.507351175701836,1.3790716037182833,1.6791012658165252,1.1579657870670896,1.5554149315094543,1.4141586214605337,1.6817935993384763,1.1858726213039041,1.5576294239554176,1.3810806976576322,1.690044619717835,1.2244343402330866,1.5547442114188448,1.3687724947284572,-0.33597442759691665,-0.6584513891126561,0.33597442759691665,0.6584513891126561,-1.3783688394629028,1.693081908290609,-1.8189481385026267,1.6371729118590403,-0.8533537132045679,-0.1692615476298935,-0.8302768493630599,-1.0734834638690507,-0.7421672690939413,-0.4176286269104862,-0.710668506036501,-1.6030371529250564,-0.8643233769449117,-0.5902106450956841,-0.7940350198078515,-1.1551974481477232,0.298404549000599,0.4166019272431163,2.2874796503292685,0.23714917658180948,0.39806175710493497,poor
-0.53513758556615,0.15396557217275098,-0.537249073446517,0.19257137499214372,-0.5396877466668419,0.1968641815596411,-0.5422036866680713,0.20259623080316222,-0.5341740721400671,0.20944991262853746,-0.5355602848487052,0.22319873483488506,-0.5382742280132228,0.2368908951799882,-0.5533228080008799,0.2621997433783298,-0.5515067337119778,0.3023958367279154,-0.5396709663626242,0.15019901541299077,-0.539770452204534,0.17631320822785895,-0.5013249284292237,0.4652767150650651,-0.6079577401707101,0.3911734159209888,-0.42951786202306,0.5222780490237485,-0.44982332655447704,0.49149724902802205,-0.3475833255942129,-0.24511794888969074,-0.3200456189864461,-0.34966065544448605,-0.3146843072723975,-0.19826104768006947,-0.3305803152342957,-0.33742352156810657,-0.33538145255068147,-0.21818733194155387,-0.344192366584408,-0.33630389295249363,-0.33771740350372137,-0.22866782803184604,-0.34551299966619503,-0.33804683441747474,1.8030076676143159,0.3764832751725736,-1.8030076676143159,-0.3764832751725736,1.095740108565564,0.3243204897295873,0.9910436243062706,0.3924433488682863,0.7985637931571609,0.36092387102168566,0.7953971541972367,0.21362688988079093,0.7808155642828084,0.32666845491925345,0.780220040571917,0.25729237443301767,0.7304106958698056,0.00902548305254271,0.7427988849897955,-0.1399450082256863,0.4662393812536337,0.49597941534995155,1.4721602181266844,-0.2498348279468835,0.515776510348291,good
-1.0038599094361245,0.21406648188228736,-1.0065716694509956,0.25725150134210606,-1.0063695612286307,0.24515482784653095,-1.001696928348864,0.23771323558957078,-1.0161894430137655,0.30008950075443236,-1.019472098273603,0.3217653308972089,-1.0226974521965664,0.3474008057109594,-0.9993223183856887,0.29435304707667387,-1.0214735104401325,0.4343826023129109,-0.9884913476916465,0.19828363890084014,-1.004213129134366,0.255903613335974,-0.9455484625341298,0.4356325014288856,-1.015441420418565,0.5087759745546371,-0.9888356684513724,0.08309401589412344,-1.0177887775491734,0.09358240899563838,-0.9844599739099521,-0.6662154062696541,-1.0263164871293635,-0.7741146353961134,-0.971367749656467,-0.6589615148785242,-1.0295698845017813,-0.7925139500864481,-0.9899637413112657,-0.6676068124767748,-1.0170251955791823,-0.7733981328454602,-0.9969501765871656,-0.6731109708795273,-1.0143275637093347,-0.7689992604613071,0.9136686868865814,-0.1344463225533574,-0.9136686868865814,0.1344463225533574,0.9046675237665324,-0.4111684841363478,0.883898189248452,-0.4866616280949488,0.9650417909833456,-0.424878869002308,0.9612132685025997,-0.520894520465124,0.964699641479419,-0.2690922169751922,0.9598019610903378,-0.3160138895789329,0.9802561133460281,-0.6249629012757879,0.9631193742055194,-0.7513702853504205,0.9976612184535124,0.9193037223479926,-0.8672828865569393,-1.083379910127495,0.7302918199348567,excellent
0.42845282342541385,0.4720093438244608,0.4365930179247952,0.3871297201539674,0.43286108234720755,0.36896619449611145,0.4291824692032568,0.34823287722918694,0.45564374471299696,0.38695535894183014,0.46706281171641373,0.37853061930677023,0.47942583872066463,0.3707276166168019,0.42736944715876735,0.2283741085078039,0.5027146610015616,0.27047574619411174,0.41186247299061174,0.41801026107425865,0.4370792545408346,0.42465537174866363,0.3369824742108458,-0.14257260688951534,0.500342451951024,0.10948809243524953,0.1462834338741651,-0.04996234855533009,0.4032809595739241,0.143872567195771,0.1887102298206959,0.3272054159695924,0.3959261343092449,0.3592015337643877,0.19867295255148595,0.3013755570922865,0.38775662190313576,0.3201925871163484,0.20981316231520977,0.2641821427311599,0.37007391630331415,0.315928787638366,0.22414717253178792,0.29117028068691087,0.3592997054161067,0.33967998659517956,-1.3263721583875214,-0.898805649959059,1.3263721583875214,0.898805649959059,-0.5944309649616503,-0.20490875328187552,-0.42852677766646324,0.17646583500538146,-0.5682692508413207,0.41737442131901825,-0.49851519774875364,0.648345915464203,-0.5130220272921638,0.4104268957218332,-0.46499297348971447,0.660941468275538,-0.5069938882028965,0.6242785156321761,-0.4088683382953146,0.5525154575394837,-0.20263903759663607,-0.22553089371354487,-0.6488260026647954,0.8262638771645179,-0.7253400690593863,excellent
0.7944543953917311,0.36058198170058975,0.8096035927612033,0.29694304245308395,0.8104164707575673,0.3026496996479172,0.8118446269337533,0.3087271677814915,0.8168295278492566,0.24665994664522725,0.8219125529151484,0.2143576518344444,0.8266765475802491,0.1804302674284653,0.8318571891336286,0.269808316772674,0.8398969910985914,0.09034411929266106,0.7936307811837207,0.3953420475604366,0.8018650111349773,0.31646891204069943,0.9054390366599882,-0.25156806966955775,0.9002393053025649,0.13427343444462517,0.5125780554758139,-1.2551056972280517,0.579017060829166,-1.049638424151349,0.6361895855549619,-0.28366256244513577,0.6296610807144974,0.11462451474398302,0.6488330338860628,-0.23016752332740684,0.6487121332317444,0.13369584039191817,0.6346774257532241,-0.18357157631350135,0.6645149942359356,0.08500242968326088,0.6629091877229201,-0.1940130171557734,0.6779204443842577,0.0796908054563129,-0.4161619243825447,-2.2548780312705214,0.4161619243825447,2.2548780312705214,-0.9051342918913811,-0.6384684475996744,-0.8752562867710848,0.059771222235015714,-0.9528318369661206,-0.9210325790777332,-0.9581154473539605,-0.44129530355527885,-0.9895538329646394,-1.1838942706486155,-0.9853149135224981,-0.7719825372231678,-0.9555962741887633,-0.381759474294236,-0.9912212350183119,0.09455468309038563,-1.355037951869101,-1.3147899682956046,0.5644869479669976,1.7975895463974385,-1.1835666023336262,good
-0.6992357988338787,0.1969639018379758,-0.7057921702138669,0.24393823855936617,-0.7101329556359477,0.2405460542689692,-0.7144763414509157,0.23760199924297382,-0.6962906839481664,0.2786306897621124,-0.6943953588823782,0.296438395558233,-0.6933353224566521,0.31531823019447447,-0.7409216024839829,0.25519765978797604,-0.704381733090019,0.35604148517017065,-0.7148237659476856,0.18201105330878864,-0.7053335309945347,0.2271586137455236,-0.7524123627465983,0.35912545014211494,-0.8084598009695119,0.24657717161010742,-0.6797772039081059,0.07906809422792807,-0.8715603993327522,-0.15097187094000727,-0.6422338190429043,-0.6354101953776278,-0.9111493355057367,-0.7114295565737366,-0.6329553833420721,-0.6414882074793189,-0.9345965492315342,-0.6956538850353247,-0.6330442447677204,-0.6430199420906658,-0.9062072590944548,-0.6869175821263236,-0.6439605526961328,-0.6351085150163689,-0.8997247077518357,-0.6887801170462382,1.0536899245065814,0.004063930468093124,-1.0536899245065814,-0.004063930468093124,0.8279759003094243,-0.4021912623488287,0.797840764069438,-0.5071891680326633,0.8298861824973895,-0.4424464861903769,0.8124279767359368,-0.5359471946092492,0.8268103808566046,-0.3641170960730789,0.809937183381297,-0.4027047983043086,0.8158907243247204,-0.611765154051061,0.8080035203054493,-0.6857750655238718,0.9237251906894397,0.5820230000800153,0.12646797043377073,-0.2357641746616766,0.9318406212589894,poor
0.4332200906811518,-0.40638501212576006,0.4366382235948369,-0.3716985509142213,0.43619320934227257,-0.35820427873532723,0.4360743808908002,-0.3450156116318087,0.43949306861712967,-0.4134395112710656,0.4408247805023479,-0.4291527984974839,0.442841474847622,-0.4441957937580058,0.44072926351662145,-0.34453759795347544,0.4484314627547996,-0.47578332321994904,0.4279812095140543,-0.4051006059522641,0.4319313300066734,-0.4522157228367333,0.40813377051567606,-0.29376062570188183,0.45395792898539383,-0.49538151989391893,0.7272082526549597,0.8107999083800315,0.6893727649357425,0.6441983416397586,0.6974678597975954,0.8257218471698381,0.6506157719874295,0.6865041796095972,0.8110094201041473,0.8521024029269818,0.6770882905501138,0.6536914314275577,0.8020030668353777,0.8443003415787756,0.6584425881908151,0.6731606505219735,0.7479424895701309,0.8282759375986627,0.6535449327673971,0.6872782445367855,-0.7534728950935463,0.8669904520893488,0.7534728950935463,-0.8669904520893488,-0.4838150195365566,0.7433059075741419,-0.38110301254020945,0.580206559302164,-0.48087882481834787,0.5646059927568324,-0.4969431284481786,0.6517063913938121,-0.4806199560625474,0.5757902250415537,-0.5183592141251924,0.6635729952035186,-0.49082008343779443,0.5025893709531856,-0.504130456867924,0.7525341058090357,0.5504960044079297,0.5407570191076243,0.07234474827385966,-0.2654695759346369,0.4814927050433009,poor
-0.20135530813677652,0.05887077492606305,-0.21727819056821235,0.09413313471765138,-0.22150370314735665,0.09529376074179732,-0.22577979003244136,0.09806457412336014,-0.2081505882081324,0.10133825438893454,-0.20610165936624916,0.1048803275180615,-0.20461399728311813,0.10668405037798971,-0.23626785930316044,0.12066025837998746,-0.2023222989766338,0.11809207856917914,-0.2037501809464898,0.027784956524041532,-0.19260598632496423,0.04188315334490671,-0.27207854632991907,0.28885046385394497,-0.18440956873021888,0.04580551490200043,-0.16159534106200965,0.5335043868967776,-0.051098530299592694,0.08884566529958757,-0.12082015220573152,-0.004501497450554866,-0.03321818024113462,-0.21734716861749706,-0.14044507247325536,-0.02663420197642444,-0.04315556997121465,-0.2107421811565087,-0.13310195203080452,-0.04664332254344662,-0.056422964538001504,-0.18933320848023655,-0.10681281724305697,-0.03525661081207682,-0.06502249318021676,-0.18557204435169233,-0.37074681105151164,1.0352732407310998,0.37074681105151164,-1.0352732407310998,0.21877497995062598,-0.0420098676795865,0.27206446493679826,-0.3251258309574947,0.3372186352914674,-0.04276114376594501,0.25329134606551407,-0.12929515035500047,0.25194174740332337,0.12017780488998599,0.23519953515534656,0.01285177214879349,0.2404866472653748,-0.07618430116972359,0.2556514725801678,-0.06890639123546471,0.4809409177751158,0.43418330484092216,-0.17825589891238505,-0.5165639230722474,0.5812291271960952,good
-0.6777958296437153,0.2158072538663957,-0.6862841100793381,0.2593009419562923,-0.6907883194008716,0.2578071786233812,-0.6954099755486869,0.2571895651882343,-0.6778488900589399,0.285065592453053,-0.677000903696148,0.3007242264238544,-0.6771578803279688,0.31688860223896226,-0.7196409447090419,0.3084871756369801,-0.6905303327610992,0.37955688951246697,-0.6902479344787463,0.2034245381875514,-0.6817789080607,0.24698023265283195,-0.7074338463760604,0.5195883858552609,-0.7654938467364552,0.39285734847323744,-0.5910420809475269,0.2652553364946705,-0.7653594742228097,0.10166933134828712,-0.5335986381802419,-0.5644582247181378,-0.7803389521855455,-0.67474524533701,-0.5326331921511508,-0.5630206741683529,-0.80054561057269,-0.6673196367574983,-0.5501471903508124,-0.5635331487256208,-0.7930865104750506,-0.6522326719911423,-0.557888475841969,-0.5629451222838017,-0.7867678506536995,-0.6516977275024642,0.8511244942167016,0.06744007488159272,-0.8511244942167016,-0.06744007488159272,0.95635031937853,-0.3085519793824925,0.9062358939251972,-0.28866304812604776,0.8247545110987711,-0.27696848112035577,0.8410732411955748,-0.36004617451408466,0.8184800881650489,-0.1656911916483272,0.8296061525716116,-0.25749890387928354,0.8255906712348835,-0.4378622436424216,0.8266189809419833,-0.5718774103750224,0.8430228792178721,0.6027898329118128,-0.361201954083873,-1.1617318724004633,0.5381895903958026,good
0.6527452468708282,-0.3307782247506801,0.6408091428867159,-0.35561493312900727,0.6362516987010934,-0.34165953566376905,0.6312928570216157,-0.33406534048175285,0.6516973350348182,-0.36307003611859245,0.6549113923736389,-0.3576972958402881,0.6574239784879757,-0.35850149879246884,0.6236379034067765,-0.3509494002805172,0.6607066252575085,-0.36416557081693407,0.6401191612063829,-0.26609249202403257,0.653069580853568,-0.2850379966121157,0.6271410284993899,-0.16092685268497348,0.6199071683112347,-0.3793098840186084,1.0778249158514894,1.374288800430022,0.9077767850194426,1.0599754522994789,1.1212385642657325,1.3674822609707034,0.9217660230215631,1.0776885805099345,1.0952653330545727,1.3451173456343364,0.8817064043231749,1.0768027571568877,1.051232620091637,1.3272063063906148,0.8655743609782601,1.109386711882246,1.0577292160322787,1.3645133356546029,0.8677170317590855,1.123446210494266,2.348489646439661,2.1741980388095654,-2.348489646439661,-2.1741980388095654,1.1687057389569442,2.8047173205894627,-0.4081090061937612,1.1762310956366553,0.37413218595405623,2.628853014856932,-0.480412738496605,1.7049897482671745,0.3378317415958496,2.346684338097952,-0.37710878053901037,1.929937720155113,0.05856135837627391,1.911146595049106,-0.6794851278679528,1.3981066645041276,0.5151832661261296,0.5060942731179191,0.9720041141414018,-0.6342007370815056,0.6080587545695665,good
0.5119263324873333,0.6822626211997879,0.5054534208855482,0.5560142637846153,0.49963256756643293,0.5400076364789949,0.4934769347008367,0.5221139604161393,0.5238047665046819,0.5483126606002611,0.5329247019733616,0.5325066704249494,0.5434978187861838,0.517321544335183,0.4767279817918157,0.40935954550238546,0.5520934595591575,0.41109909149421536,0.4917942934481316,0.6597773213281873,0.5137118366613677,0.6445848145517715,0.3636172568056289,0.4370451916620633,0.5068736551772309,0.3109108701646555,0.8412185206391413,2.319627315859819,0.8265894891322878,2.6908003799368214,0.773417857205251,1.838907555534139,0.7382107597923906,1.4722335307600973,0.7365407820408751,1.735944467981359,0.7197278251679579,1.409898782270733,0.723836310552445,1.6939053641796318,0.690080206514957,1.4507647822494798,0.719263111204137,1.7436055195102962,0.6836159898404249,1.4522943432335056,-0.25682210449946097,1.2063881269631966,0.25682210449946097,-1.2063881269631966,-0.3647060989826292,2.1199541193526423,-0.3306505623235185,1.8511796020851503,-0.5297552104600495,2.739259836064655,-0.4728779255615303,2.2755288014219297,-0.5516194823996866,2.798024241605673,-0.4854880932261202,2.293919173616885,-0.42359790749152265,2.128360483512088,-0.36054320095889103,1.722590610836291,0.7618685097881515,0.6641147529994791,1.167792771490174,-0.6789740618314872,0.09433121546841018,excellent
0.9081690383439387,-0.39087077711925533,0.9118636324441345,-0.4875213356369823,0.9075393406568076,-0.5080980413531025,0.9027017346285087,-0.5299111127998177,0.9283302327437732,-0.4797461488866948,0.9367753167858367,-0.4886118520081273,0.945919284198333,-0.49454590873476756,0.8903028426304085,-0.6644351752362985,0.9603857835889812,-0.588359105332641,0.8919351640262992,-0.500755478733401,0.9172688357299618,-0.4916640099772298,0.7329906511489369,-0.7461123611279382,0.8709214481228801,-0.6603739918155099,0.930732821616507,0.8009653813315446,1.0714428475816036,0.9403022942258248,0.7947790082437863,1.584930400223227,0.8486517620827941,1.280941265266149,0.783987056809995,1.5393237892543843,0.8392934573635996,1.2562226212688279,0.7710930936568027,1.5242942552894443,0.8099368490204055,1.3176224995885182,0.7666971448308797,1.5495738529486869,0.7869075983132658,1.3224558103295296,-1.9929183946421143,-0.6230403064930596,1.9929183946421143,0.6230403064930596,-1.078185750421032,0.8007277466144757,-0.8319563987273294,0.9517578851939005,-1.1194680153172374,1.5707830530521416,-1.0053008154212513,1.7479061393039947,-1.070997568344877,1.59834900538651,-0.9616665135247695,1.7551667875315684,-0.9659015555988184,1.742682133621047,-0.8546417892486804,1.526039192502182,0.5338869343122951,0.5746641315909452,-0.434680086411523,0.298831151569228,-0.04123991046798279,excellent
0.09848816284575863,-0.25869976811941453,0.1280288723377344,-0.15664545687466747,0.13229391012877942,-0.13837581441545732,0.1369354693240944,-0.1205399982586179,0.12723089956660893,-0.20674992867619335,0.13031537636277207,-0.22722799644460162,0.13522115676298416,-0.24534677399447646,0.16235863195543943,-0.11539002441080579,0.1718058616971836,-0.2700785851520232,0.0963111572514714,-0.2752393758141482,0.09394139543085454,-0.3315162709022883,0.18077857477777287,-0.09386936832786863,0.09344422297891603,-0.3010068432922145,0.3901982584975458,0.5064877749218851,0.3008039997548276,0.6415790636583792,0.23013610788015879,0.3807994847642126,0.23067971301290172,0.3634421280947405,0.2095691493792882,0.4359865360783683,0.21714960264848737,0.3539815462188148,0.2027490160276528,0.41709950889363806,0.20709127064672184,0.36533997539072033,0.19989893474541653,0.4252441732792073,0.19793740059787124,0.37668902210952043,0.17917389412122478,0.3144974426846978,-0.17917389412122478,-0.3144974426846978,-0.3383457533594519,0.16635370528320378,-0.19644326555322,0.2016183624416007,-0.3969293096157562,0.638727939845762,-0.32044542369272966,0.737588605706499,-0.3628237353495247,0.7274678473175199,-0.290605230214136,0.8411834202801493,-0.2604189713561341,0.7244518651630135,-0.1968771252998528,0.5713593557764346,0.6321795976536035,0.6590938785976685,-0.20182579685389962,-0.1445015540352388,-0.22837887146130376,excellent
-0.9744939183912343,0.11400373776389469,-0.9743883804050196,0.14324892135941708,-0.9721052744419881,0.14341363579800345,-0.969956650126901,0.14482722121060052,-0.9856650909825191,0.2031176934135596,-0.9882621963801992,0.22106151077164946,-0.9921345790254936,0.25407682635160106,-0.9680126682321615,0.22021213822031488,-1.0006603701357184,0.36600346907777515,-0.96794216316677,0.09090045768350927,-0.9800160238478816,0.17791228414649446,-0.9330939364842338,0.3409142887140125,-1.004654605878298,0.41314339330813266,-0.9372701824467204,-0.13488450517820702,-1.0379052717960908,-0.17567679735140831,-0.933537969481529,-0.8292035320377109,-1.0427210841241694,-0.9218503499505469,-0.9305844526484421,-0.8303302947857312,-1.0362620498642325,-0.9259035110253131,-0.9424963751524084,-0.8490071622304513,-1.0278538408638036,-0.9220930622031733,-0.9465820343806843,-0.8490574027282995,-1.0268916002604358,-0.9191646172594864,0.8976385371466318,-0.15935484668765088,-0.8976385371466318,0.15935484668765088,0.8879947782486047,-0.8038952470071656,0.8823407042759219,-0.9149494445511481,0.9616739001690913,-0.5982930303099092,0.9611702803213455,-0.7046185079903179,0.9624002747899305,-0.4320414416162176,0.9612890076337354,-0.4834484197467066,0.9635989437500505,-0.7944618111403987,0.968678746373409,-0.8494845638794869,0.9030989026989231,0.7532031981090712,-0.941452321747982,-0.985949634418115,0.9345059525669189,good
-0.32144951320521,0.6367230695336635,-0.3256458509416456,0.6530818965982598,-0.32980107953865445,0.6638424608688244,-0.3340171698436222,0.6752062292467162,-0.31497449040108394,0.6356480660783254,-0.3125145477702332,0.6325615785039008,-0.310182799031125,0.6291021828373198,-0.33557140247030803,0.7077326209107736,-0.30088917857551706,0.6445144069551674,-0.3294094597421295,0.6701312744748575,-0.31717845710523185,0.6464594766897352,-0.38860984000829524,0.9105855204019134,-0.2653987909714666,0.6499559736537298,-0.3604244127790343,1.1610883204645621,-0.19017601568393394,0.7593898212100482,-0.34177357501735467,0.021456155564652784,-0.20659717648505938,-0.12148102754397433,-0.3167451327850813,-0.004534477228449312,-0.19634779059714594,-0.14862758629907485,-0.3010972724460565,-0.027556561139871975,-0.21104946361629406,-0.1349365362799369,-0.30663642774476774,-0.024145307341692755,-0.2138852785027257,-0.12540002370926678,-0.7130590527190246,1.0455040989963684,0.7130590527190246,-1.0455040989963684,0.22396533290959453,-0.04183511349571132,0.31455271668242313,-0.39069077479204445,0.3615258539399349,0.0979421221927165,0.33472593289338237,-0.21837203901619054,0.37393463553871986,0.2164794775210438,0.34099931169431486,-0.08944544469845979,0.3650122639842619,-0.09973509630315941,0.28465625736835437,-0.23061664702588094,0.3096307915414112,0.3021365157799285,0.9709805497500757,0.13976306901612295,-0.07615995116977806,poor
-0.9627766160155747,0.14926708998509636,-0.9640952080865767,0.19512195966635318,-0.9623663037198488,0.1930976486449584,-0.9611336737962346,0.19340413312796395,-0.9703712936883291,0.23392550216563826,-0.9747359346034408,0.2587100695807567,-0.9789519262587493,0.2863102468555636,-0.9628603754259356,0.2731006608554275,-0.988755099547718,0.38795497731498774,-0.9605170598656418,0.14411822098451904,-0.9691811774754244,0.2021290277760622,-0.9350752730196886,0.4098808715645884,-1.0063704865935579,0.47940112224452336,-0.8879658555999975,-0.20369322978390106,-1.0661126684720628,-0.21264174521945536,-0.9264968872476272,-0.8913237037125029,-1.0364918774593945,-0.9733710148270434,-0.9357680900657664,-0.8975632763122302,-1.0293790509380834,-0.9739381049681799,-0.947443920771034,-0.9182809306425643,-1.019865965738235,-0.9766903965082622,-0.9439429257414111,-0.9182093165868429,-1.0218551835743481,-0.97636898659197,0.871138682571894,-0.17295017343459762,-0.871138682571894,0.17295017343459762,0.8900460327632462,-0.9093644439695375,0.8887989903036498,-0.993840713570087,0.9582156638021779,-0.7393065549804354,0.9649331142432125,-0.812811777839675,0.9539780342290014,-0.5362226213507342,0.9645741896826341,-0.5923807605061864,0.9638903364650644,-0.8531225809529777,0.9738052652258773,-0.91828973047208,0.4389063955068992,0.37783265685772105,-0.948574602746354,-1.1764886816723459,0.30186128189286976,good
0.6677372343396136,-0.10139911742854227,0.6694317345506783,-0.1182872159199618,0.6675955511882853,-0.1066040143443263,0.6659878530333772,-0.09308790715676561,0.6761841184789861,-0.16980226655189135,0.6787588139929395,-0.19358316378761295,0.6810471710757504,-0.220498394332577,0.6739604143546496,-0.09777273694911418,0.683398511412631,-0.29929058978597567,0.6665192021310571,-0.07412485273751954,0.678098348128335,-0.14546207827518265,0.6351109180303283,-0.3076081571038033,0.7018489904518285,-0.4654522537734812,0.5619853803431405,0.4380900210494348,0.7211398613176483,0.015735817601632687,0.7595578765064921,0.6857048803060547,0.8011594823068932,0.6564647994147306,0.7738121373298346,0.6475694525438588,0.82424901385069,0.6399527995504279,0.7877505215056764,0.6197423647670978,0.820309579848037,0.6377117958735905,0.7872212070012095,0.6052285022636268,0.8209469464520448,0.6420557064495154,-0.9986170786007947,0.967671240180488,0.9986170786007947,-0.967671240180488,-0.6827493177744747,0.7856676349317566,-0.5895427145313517,0.7590183662175859,-0.7938237634819846,1.0385374927471476,-0.7203492486202258,0.9741310016356401,-0.7949303229879082,1.0458381377201038,-0.7438541127685447,1.0243230107939634,-0.8108613551279774,0.9858321133010669,-0.7446526502347606,0.9765011933699432,-0.11738021894386289,0.06478251683690323,-0.4271596328557807,0.33821751254804133,-0.05866258137088388,poor
0.4045438951900902,-0.42065201561366183,0.4398912773633542,-0.3577669201209085,0.44452816087060565,-0.33599772791607,0.44955510661297365,-0.3157759173063282,0.43861652299766357,-0.43770304472567806,0.4415327043774054,-0.4746582588577992,0.44498849436602567,-0.5125915140147708,0.47281975109839613,-0.3203937420212753,0.4760784381592759,-0.5467745148061623,0.399172069333903,-0.4428882156375166,0.3922565133876691,-0.5254721308558515,0.49217525719547806,-0.3735142923534418,0.3704973726047794,-0.5744654965879394,0.7219995585520025,0.5155421067552987,0.5781887852116935,0.8015501277982697,0.5735636734791788,0.644206321471398,0.5062081173341569,0.7375074455649545,0.47834639591236233,0.73190370311942,0.4549691743033114,0.7316481206056443,0.4545554849251376,0.738433974440482,0.446874993266481,0.7461276116505373,0.46748914296424804,0.7046497720403717,0.4437740391425375,0.7597125889133631,0.07807467628845527,0.1862855155169918,-0.07807467628845527,-0.1862855155169918,-0.6325637909144527,0.4391235335326837,-0.4643479522469926,0.5921554436529505,-0.725518805203262,0.9867375288663407,-0.6427090863643548,1.1536495881452022,-0.6885138731936684,0.9596672491882017,-0.6069303846269292,1.1839354268809512,-0.5434445234240367,1.2007794413237285,-0.4877817679750453,1.022907823177614,0.5215955789862637,0.6085801285021796,-0.18922608838884725,-0.07681658590408601,-0.2623387823532678,excellent
-0.953948287351985,0.06698532593132547,-0.9549290597652607,0.11826100826433762,-0.9528858641376036,0.11336642931137242,-0.9509099206185138,0.11063931617284084,-0.9646499385554743,0.159977624299896,-0.9693159978473116,0.18468869417528985,-0.9733180513588965,0.2127645410333012,-0.9491493020339582,0.18383169705874353,-0.9823857454649865,0.309528080907867,-0.9489661007298201,0.045668394526497354,-0.9600251855892604,0.1124371177800706,-0.9160285733089673,0.3287439201434746,-0.989280992454066,0.37953601253843766,-0.9153839988200755,-0.11192377860813138,-1.0222352576255738,-0.22969509367174143,-0.8980271116347331,-0.7740352654700876,-1.0473582207839365,-0.868577302686347,-0.8913255851717444,-0.7622560870244351,-1.0493388016840346,-0.8821803450377913,-0.9209592392416668,-0.7877538716885962,-1.0318461734476483,-0.8690297042249676,-0.9247743275874301,-0.7933902877203332,-1.0308773024423408,-0.864454340205049,1.0112047249930725,-0.1188307315603029,-1.0112047249930725,0.1188307315603029,0.8817769402286424,-0.677414106775109,0.8738755695392287,-0.7787666548162846,0.9643550317268159,-0.5393077963658138,0.9514153647907024,-0.6628128280383067,0.9655012589040417,-0.37419328445304423,0.9489888569957298,-0.43506797689134585,0.9680125872215927,-0.7189580715764725,0.9548681701182783,-0.7754733453217223,0.9938791958300475,0.800435490233177,-0.9111439695782075,-0.8387693689961057,0.8918832107066358,good
-0.9731198106606829,0.32751237336714517,-0.9731585709847171,0.3731748035102422,-0.9702221331922564,0.3687043120933797,-0.9676204488121528,0.36468237286543337,-0.9823410725259247,0.4150191867839297,-0.9860909855229895,0.43552717886896736,-0.9903648521545281,0.4541048573028334,-0.9656878001721135,0.39907297918192003,-0.9977223537986671,0.49204739515528045,-0.9661055313120567,0.28752502262978796,-0.9767410214212977,0.35692350272723083,-0.9329909640498871,0.4553111962357358,-1.0045227120602307,0.5319357416010702,-0.9375967379561032,-0.02835139611003507,-1.0185059650916097,-0.033662835363721826,-0.8921047214747571,-0.7656484294540756,-1.0400910256871327,-0.8595837473818774,-0.902914225820404,-0.7699941854168852,-1.033193025922141,-0.8683204284223858,-0.9168451348085049,-0.7775388730507415,-1.0271858815429247,-0.8586297417229618,-0.9151031827751586,-0.7744395090102975,-1.0287006129182399,-0.8551585548826081,0.6548383833100542,-0.25259841536133204,-0.6548383833100542,0.25259841536133204,0.8738371293567918,-0.7160725803168535,0.8951742431252002,-0.8101406973678645,0.9493775733544618,-0.48140006580343464,0.9691623897896317,-0.5703594960279806,0.9451346276745961,-0.3139623741310798,0.9688663180411886,-0.3322032902369015,0.9620450881579713,-0.6983896931765957,0.9786282117541338,-0.7616261068832282,1.0505455692369656,0.8907771238318444,-0.9181183328877506,-1.0352199735878282,1.6873246508876567,poor
-0.0931079998667488,-0.6202506041266274,-0.10669622394423364,-0.5654343807674588,-0.10565836496676798,-0.558684353742583,-0.10459317117494385,-0.5501943083854749,-0.11504466256260536,-0.5570551446057016,-0.12128474067114307,-0.5448680140082318,-0.128795578219633,-0.5271357128614151,-0.10739214844830455,-0.4679601109994885,-0.1430550450286026,-0.42834448646066786,-0.08088658137936638,-0.5967917142247063,-0.09639648896542134,-0.5842188391362393,-0.04490683860316966,-0.18392549582009315,-0.08716411606643006,-0.39600063151256404,-0.31452270161683266,-0.821310859660892,-0.16794274879525709,-0.9173491487611473,-0.46671558967019716,-0.8806250591549533,-0.1262549260331004,-0.5272309374964571,-0.5492418879794536,-0.7808772718709361,-0.12473813665782557,-0.5119683591912446,-0.461534595245558,-0.7790481187341286,-0.12310872518659248,-0.539794519497158,-0.47185884993718213,-0.8100957916843686,-0.12400601927161341,-0.5451534436102498,-0.04549724085325635,0.49405370720627356,0.04549724085325635,-0.49405370720627356,-0.020888367876353203,-0.4549725078926599,-0.022514271993262638,-0.6110302725184998,0.14378968340553164,-0.6700150026602563,0.1372298143815978,-0.7728046124396961,0.07904049940198254,-0.7008359738549597,0.14646166279496634,-0.7261503745014078,0.03565035503429408,-0.7969947032245409,0.08509995563798044,-0.6902007310806806,-0.22872773598566956,-0.04384840163225885,2.1112407903684245,1.6884725348427252,-0.5994459361025786,poor
0.6672686371415496,-1.505489437432104,0.6626835530837158,-1.4879004358379164,0.6690566318271995,-1.4837243378170706,0.6740607621909923,-1.4778202583924094,0.6355210085580254,-1.471567347457847,0.6204338329120637,-1.4551153388314424,0.6034416647650929,-1.436837676817869,0.6709913145286011,-1.4171179660223723,0.5662382234329658,-1.356660231199368,0.6943790943510972,-1.4870191219198021,0.6641703626837716,-1.5047157824228374,0.7754204288839335,-1.241647231117233,0.6455863121551637,-1.423117398576929,0.4536807339549802,-1.663206500854439,0.45494873547675413,-1.6268745445247763,0.36639742152951754,-0.5348849217522996,0.5943666288248696,-0.0657105070914114,0.34859388204433855,-0.4519632349425626,0.594446683198352,-0.05202502021193707,0.4207518447801135,-0.4060471401160777,0.6287685603172081,-0.10321824983245402,0.4417517608580548,-0.4668221299102525,0.6378614740742132,-0.10513751490535107,-0.029398252771313343,-0.8637332093643662,0.029398252771313343,0.8637332093643662,-0.6582170583485544,-0.30241513181690555,-0.7722722554909184,-0.10039845447094627,-0.4883013530959672,-0.9593188138782925,-0.40468780887241107,-1.0547726378627753,-0.45945771309939837,-1.065650197395871,-0.30115412664163477,-1.3518893009534259,-0.5175694550636158,-0.8846414924165305,-0.4523487963312481,-0.6458664733970585,-0.3189376044033932,-0.10342461474170891,2.6590089648964232,1.2828338529218712,-0.42424455587864984,poor
-0.967120839375337,0.12822906179927263,-0.9688616571298971,0.1755360017221573,-0.96723701135296,0.17328966378952435,-0.9653185538749659,0.17151094288821261,-0.9761512339351058,0.2159932450889029,-0.9795004344604299,0.23034976702958934,-0.9826104398045645,0.25916392114576214,-0.9631001861723572,0.24131511842990536,-0.9892432936335736,0.3727086396267959,-0.9613954316389925,0.0992398212818211,-0.9718606231470109,0.17216327789783953,-0.9322079094782483,0.35619753218711697,-1.0038908639665562,0.42931211512535,-0.9188210320547239,-0.09701570822801672,-1.0554375385083365,-0.1430102003926355,-0.9235775185932539,-0.8236032251929044,-1.0432155594692274,-0.9291950386105329,-0.9270199543216273,-0.8365980661940544,-1.0357319016675552,-0.9319751996599132,-0.9419181607045287,-0.8521832409649608,-1.02534424224817,-0.9269898263310948,-0.9415325037363108,-0.8499912404937003,-1.025468975916734,-0.9254635999441996,0.9193133658600017,-0.16010137454137569,-0.9193133658600017,0.16010137454137569,0.880993706818265,-0.8308026824490697,0.8796116777965671,-0.9561459626913008,0.9487497506004785,-0.6497619183470585,0.9572966244036397,-0.7724587096205457,0.9475729607194466,-0.4832776614077309,0.9576308036749447,-0.5513744265242824,0.9571319131481583,-0.8192230074858583,0.9672728148759313,-0.8804320676744707,0.8217377549389783,0.5978838365251721,-0.6894195024282593,-1.0461391910765248,0.8444477683753098,good
-0.9605131778479071,0.33637466673455513,-0.959985403762103,0.35870099489777524,-0.9569053840309315,0.3545942843569356,-0.954872075165357,0.3525671030118366,-0.9715933069770447,0.4004402549831024,-0.9769683340227373,0.42492743026749125,-0.9819926381164386,0.45051139033598914,-0.9543204183725208,0.4259210734005639,-0.9944237608590993,0.5389804693118031,-0.955004422641225,0.358330225589658,-0.968349913002698,0.4117971221766212,-0.9300299854501816,0.5197714486015828,-1.0013912158747165,0.6115284216799779,-0.8410165595657514,-0.40650072226488365,-1.1079012722054267,-0.4655291001433308,-0.9100906481813759,-1.005242094186396,-1.0563716642380212,-1.0846954232325696,-0.9242052060663963,-1.0150939005112354,-1.049434462724712,-1.0785598587916092,-0.9299583843846481,-1.0257229176227964,-1.039323808023694,-1.0764952301349608,-0.9257772241193847,-1.0237055718154817,-1.0403547915834956,-1.0773615541139427,1.0611273877756349,-0.16070008226649424,-1.0611273877756349,0.16070008226649424,1.0268306400765448,-1.0450710618806536,0.856758182379708,-1.1471228538697547,1.0787621578805775,-0.9501715464216947,0.9262235193366385,-0.9170947229523702,1.0718336794929542,-0.8021994403113557,0.9291737812607211,-0.7100555046689324,1.1108935050995181,-1.052454009104078,0.9209887954468353,-0.981931834585129,-1.1620921916711036,-1.556151505986647,0.743746951930861,-0.9580431164010188,-1.1782866851677785,good
-0.6767148691950178,0.12627919567012463,-0.6826475925818873,0.15828707976800263,-0.6841813685082356,0.15984142322732248,-0.6859943062017625,0.16438153463799757,-0.6856639552358846,0.19999381788950452,-0.6894126780445266,0.2297213891251519,-0.6922073637779862,0.25935464179399803,-0.6984917099265907,0.2709784988255756,-0.7005752300428116,0.38310234783361397,-0.6774050094045847,0.14287621529256553,-0.6819165190947872,0.19798933144762473,-0.6404090936526562,0.42997400545536146,-0.7472654875073932,0.5613531188215678,-0.48756048001734853,0.30721770732681236,-0.5762414674578,0.5936328644418793,-0.41172611751294275,-0.48277411995134717,-0.42565822781597,-0.5172708691211715,-0.42108991225911957,-0.4443134363025238,-0.4448638676008904,-0.5099981835788778,-0.4330645493929087,-0.44284780069071095,-0.4573744982652228,-0.5138856299046412,-0.43572819961133774,-0.4538059748135054,-0.45332536933678164,-0.5190155335583777,1.3115815074441692,-0.24624865339258264,-1.3115815074441692,0.24624865339258264,1.1299959921413991,0.019158167533073568,0.9969124238212903,0.21057121818753274,0.8578640833885571,-0.03857317831762938,0.8363116371224979,0.008663659868862158,0.8425767930117427,-0.05061158947595295,0.8213415785495166,0.097401563028686,0.7854770713419069,-0.20878269483058312,0.8065289112882474,-0.2871356319095859,0.762888679224135,0.39222387191235175,0.9407530332765774,1.2671394391961461,0.41952409450387856,good
-0.9608320317895206,0.08343182464031776,-0.9612763084612184,0.13803062482514314,-0.9591638699575278,0.13592344499614886,-0.9576668565471848,0.13710257722275618,-0.968122153396363,0.18030781428716852,-0.9725857256255608,0.2071084122118362,-0.9771248002167495,0.2370753063443208,-0.9577887445514087,0.22724712275995482,-0.9883796046972599,0.34644053200063746,-0.9573207190301193,0.07416114286362457,-0.9668814063899174,0.13550621086934764,-0.9321352652649049,0.3764860049448583,-1.0038148246475067,0.45295110992653803,-0.8869359421462938,-0.19930238687163898,-1.0812310740385649,-0.24556564589568605,-0.9180385022246585,-0.9057899251464925,-1.0443189630907355,-0.9957905047549281,-0.9272133339897877,-0.9151604280613204,-1.0389355584821633,-0.9937599695238515,-0.9400820392136189,-0.9312547702737993,-1.032387763468163,-0.99216265725189,-0.9362057193568892,-0.9288300456400863,-1.0336637108173836,-0.9922528793623249,0.9131855906988507,-0.20205082206616778,-0.9131855906988507,0.20205082206616778,0.8897360787372104,-0.8855681571438457,0.8802700415161762,-1.0151694511992506,0.9641477862028482,-0.7389287696139366,0.9525914490739689,-0.8633415578638866,0.9625668508077001,-0.581493669084376,0.9555062595188084,-0.6418603881556223,0.9768095012884371,-0.8734394932267304,0.9641646735509257,-0.9590104226460712,0.528693645877019,0.2578094316592693,-0.8334279229556616,-1.0806918523999083,0.27884421147198996,good
-1.0155728017762786,0.26325138280196475,-1.019952679532983,0.3089686409750046,-1.01698340231732,0.30238888920456036,-1.0135636098984993,0.2961764436555699,-1.0252176367695516,0.35071899292089226,-1.0268452168537303,0.37493864740135563,-1.0285473659020181,0.4018333965291213,-1.0060892047327976,0.3469484932725714,-1.0226184821634585,0.47528576395477035,-1.0049738017315502,0.24999692172647578,-1.0142181687990723,0.3052993076994111,-0.9519249850865216,0.4111131858995494,-1.0204745172434937,0.5045344670807648,-0.9650195936848328,-0.11835120823767886,-1.0429067948782318,-0.12876874910779737,-1.0012457892301325,-0.8481095045936587,-1.014012751938212,-0.930692119450309,-0.9952286085336173,-0.850281574318462,-1.012414294383497,-0.9351014665164419,-1.0059682156790506,-0.8620912724435542,-0.9998398875196932,-0.9342016640605425,-1.0095392451356369,-0.8641210210337031,-0.9959155727696609,-0.9330496745269026,0.7986594780795566,-0.249967141459896,-0.7986594780795566,0.249967141459896,0.8934221562878824,-0.8502754916586871,0.8974929973200698,-0.9272995395961047,0.9626340206475644,-0.6490281464037017,0.9721919678441611,-0.723198842482649,0.9612869178079744,-0.49678293260988826,0.9739782144027975,-0.5070162136341598,0.9735903699255631,-0.7859355439009843,0.9808229080561237,-0.8508519509303518,0.6690805183853699,0.6200055437587338,-0.8940722009118738,-1.2170826926853027,0.37412330070161237,excellent
1.4972233693623866,-2.968263469098953,1.4685557899751176,-2.8892672637588857,1.47350068013633,-2.879839558945021,1.4781248873631605,-2.8662898309228226,1.441478552563244,-2.8767243187955285,1.4277559184359403,-2.8596919879473393,1.4120206915333133,-2.8357000172610283,1.4739165283821751,-2.7884504737932807,1.3763835296603457,-2.7502921029103704,1.5228405043625939,-2.954252082454142,1.4910764013171274,-2.9247828618013156,1.4939410714413826,-2.596598854507342,1.4121510482273059,-2.700028246507886,1.6050954447598842,-1.518849351374589,1.5176217164281103,-0.9432239309937226,1.6185358661835683,1.1537364631879452,1.441259347733701,1.3544098699062337,1.6444971890612083,1.222217351391468,1.481811331183915,1.3677232411215685,1.678541335821592,1.2698273333169865,1.4932765784437136,1.3663453883965835,1.6647948297792519,1.249187501898646,1.4902042239688102,1.3552411043182198,-0.3122628104640816,-0.20048777404124782,0.3122628104640816,0.20048777404124782,-1.3172980702047066,1.744245481208341,-1.6496615867370983,1.431773704171735,-1.078271616061289,0.864293767148367,-1.1695901447947747,0.4050604088071825,-1.160387641268834,0.7073412376073579,-1.157525491299867,0.20074337915006288,-1.2180605852664055,0.5449561416682948,-1.1360362242218425,0.4812242679034133,0.2525064770164804,0.4584651145958057,1.5615374467136611,0.38068402038968463,0.32476296741907223,poor
0.3685477393990248,-0.2293187566555063,0.3708925159037026,-0.2134032710181603,0.36958875693187065,-0.20154895628008804,0.3682901749023142,-0.18908054800826835,0.37305126320556464,-0.25059145822119766,0.3725952899611265,-0.26439940541225326,0.3726582752333227,-0.27790125355176737,0.37024723495819506,-0.19198445507630818,0.37673518749493834,-0.3047274900079203,0.36310311700537695,-0.21001789991445,0.3673429982846326,-0.251018303094608,0.3326012804758552,-0.07247226972404211,0.38161927659755723,-0.28628948902728407,0.6153766747239804,0.9068012102907101,0.646849447088143,0.9060645435474767,0.5890159518019713,0.7709806907903083,0.5983235088072143,0.7409985445598087,0.546684181653506,0.7594540423525965,0.6060660559253527,0.7242763706349906,0.6121728497439611,0.7947855551340822,0.5847213877596135,0.7218961422263458,0.6058806306123827,0.820790774425158,0.5796891953944449,0.7391009783941528,-0.6758323565867197,1.1437538562387504,0.6758323565867197,-1.1437538562387504,-0.27094474855031214,1.0649276289965361,-0.2880671479039384,0.7414129493408544,-0.19090262574754116,0.4447603321978012,-0.21886268542849657,0.5363744673481079,-0.16819761082253035,0.3982926865331511,-0.20987386214132692,0.5262123228881039,-0.229607164123753,0.23615198407217683,-0.2344955548821869,0.5111244588447177,0.5163670279004824,0.5901817982709551,-0.5362364728739201,-0.3120871144037468,0.4505575018478892,poor
-0.19214685443125284,0.948686242526251,-0.1859704733942361,0.9015882155223534,-0.18950573734265241,0.8888612493734672,-0.19222668299951162,0.874393678102482,-0.17051942164472692,0.9207845428698118,-0.16293519965395947,0.9214709848868204,-0.15410637850607545,0.92137283631395,-0.19222766255583568,0.8222964736634398,-0.13351266977350976,0.8970655044749124,-0.19744811657639183,0.9371770691454939,-0.17735844907961287,0.9616382684354117,-0.20437492205144775,0.49410004096169624,-0.07589508703665204,0.8617594630087437,-0.35177188279067084,-0.9588808568243852,-0.15975508929145413,-0.7251202267033464,-0.4486866477354555,-0.9856387275035153,-0.2178441838744113,-0.7151954290020083,-0.4471874865960323,-0.9366920322938372,-0.22967806811383146,-0.6906994404532136,-0.42292771819992775,-0.935008152203596,-0.23007617802781016,-0.7171826480889149,-0.4041845068494874,-0.9297307653528056,-0.22084216712772528,-0.7323867385936663,-0.41402964215265486,-1.082430042387571,0.41402964215265486,1.082430042387571,0.09543491953881778,-0.9488025132564617,0.17960975047096794,-0.6874691313210475,0.11595654210383867,-0.8443623082624386,0.13984213359808625,-0.6840477340894248,0.11678329101478066,-0.8498989505130861,0.15230389696770155,-0.7043824561967422,0.16817058937400514,-0.5468748963008931,0.20426485719099802,-0.5063366251929738,-2.2673924499172586,-2.384661273319705,-0.6259675291493094,1.5882015501021163,-2.1814978382814205,excellent
0.425496618026412,-0.4295505635385769,0.41357615083746674,-0.3988969073234978,0.41359558707195554,-0.38690196995191267,0.4136890292021558,-0.37455756035905374,0.4119397681471746,-0.42498888304220855,0.4100594362817071,-0.43855726331644923,0.40766186315389397,-0.4525027551315556,0.4161470680645619,-0.36491621362620524,0.40413924023359166,-0.4506168890238886,0.4272537929362238,-0.392048813424227,0.4251600803477196,-0.42652437416494565,0.3887434243635937,-0.26926563294261396,0.42145742995307567,-0.48009314502947376,0.5385364150510067,0.581402780612958,0.5585933988555902,0.40690656741401793,0.568819865553826,0.756821378083328,0.5544784612976581,0.63216554968548,0.5755163672540924,0.7579381664473187,0.5726151493492426,0.6282494720254532,0.5677806009895972,0.7613340986287396,0.5508148515057391,0.6234910851274487,0.5539790080269257,0.7708170115479425,0.5456760286303707,0.633783770602297,-0.7604377519674183,0.6322894811662754,0.7604377519674183,-0.6322894811662754,-0.4290832580629089,0.41542307800416645,-0.37317079929597946,0.5422352573691868,-0.4439337584312478,-0.3900034186877672,-0.48125432296240817,0.09280851578464863,-0.4387339021947621,-0.49494752108747153,-0.5084031049140172,0.005108299732441881,-0.4653850806973202,-0.3648256296610592,-0.4808183005428646,0.24654085550922664,0.3452789399006761,0.41657592206282823,0.948605419258389,0.04888750080678794,0.42463225400820626,poor
0.5702242701828647,0.7727062163705719,0.5858436356987252,0.6453698160735345,0.5829071280300329,0.6236965053604566,0.5813568374365944,0.600065868266799,0.6059622384552202,0.6517122529651317,0.6185926888277847,0.6404027276463882,0.6342851143725942,0.6290854876615016,0.5893695024973312,0.4714831898033615,0.6645828101947959,0.5113889064749697,0.5600277454317193,0.7393311418936541,0.5892248133381629,0.7442211804479614,0.5897254476083804,0.23352511295563666,0.7006151875491298,0.5125640612193579,0.21365574877175741,-0.7793786887993138,0.4665327151815379,-0.4069077155239073,0.11266939501517916,-0.14746863361104096,0.39532824898701935,0.14539101098290905,0.1234140084619646,-0.13894287105107178,0.3961523846850216,0.14660976026973627,0.1503264741561582,-0.15158688144550997,0.4065700486448995,0.1229350991650796,0.17349676178440904,-0.1318475274395714,0.4157893848184379,0.11551127372732799,-0.8001409917337847,-0.982430852582126,0.8001409917337847,0.982430852582126,-0.6908943636137158,-0.3108007565558258,-0.5687172086393526,0.010797664734944043,-0.6708973920736029,-0.19786364051063918,-0.672889387531919,0.21240779774658783,-0.6611349618011512,-0.2883208116185233,-0.6472938898071408,0.009728918293102694,-0.5738617900178626,0.5417502786108983,-0.579227931242007,0.5629130641639416,-1.3467627895264163,-1.2130930941032219,-0.9402721541256976,1.6482190834640358,-1.5549933172594759,excellent
-0.9744566796028364,0.2145214840843277,-0.9745209620606348,0.253906516726526,-0.9718015697243867,0.2506774690979966,-0.9693324084570086,0.24726688857087994,-0.9827090440036776,0.30025910971873976,-0.9861143400835819,0.324621824159071,-0.9898305542604124,0.34860342082370166,-0.9662515359491676,0.3086711802979277,-0.9979332347861878,0.42309030870125147,-0.9680942611915689,0.18019307122047795,-0.9790969072837881,0.2585692412753285,-0.9368469020348377,0.42234836816010257,-1.0074010085376284,0.47140998231839915,-0.9228428496405474,-0.031127347800671095,-1.0424526377796428,-0.0671093201846639,-0.9336168024441523,-0.7633908533638719,-1.0402613678507298,-0.8721410873304167,-0.9324895336600075,-0.7709381725872921,-1.0340917144434625,-0.8781457671245733,-0.9477194001513369,-0.78973079600562,-1.0253807618990889,-0.87340885300673,-0.9482694117946895,-0.790091980615539,-1.0244960019626883,-0.8707377053025931,0.8828274475423998,-0.20967411071068198,-0.8828274475423998,0.20967411071068198,0.8876388105905585,-0.7613258920656666,0.8895126645435364,-0.8557091850404299,0.9579914177928696,-0.5571794720524611,0.9643662342502014,-0.6553335090954456,0.9540328416875608,-0.4077697525363729,0.9645773467447477,-0.43419287707543985,0.9687032420177811,-0.7226836835310396,0.973049617390238,-0.7957692294353165,0.7724074861392078,0.7200522427176586,-0.9252316177219877,-1.1054089655145118,0.9628339650951157,good
-0.9548340019832431,0.058224941975786024,-0.9550084414930646,0.10975178415354668,-0.9529711181116433,0.1037586129415393,-0.9511010715662109,0.09967694578384263,-0.9646752191514621,0.15307883611846365,-0.9692459846939807,0.17827588859770338,-0.9731301261685138,0.20674269968340153,-0.9497193768626561,0.17315595428296462,-0.9815512374612707,0.30690845842326014,-0.9502821495020888,0.03679094232778224,-0.9607650970203263,0.10427499860123018,-0.9156151532772973,0.34101967754056495,-0.9887428729475319,0.38798005640862576,-0.91570493870264,-0.09030208649681387,-1.0207890354917883,-0.1784681499528406,-0.899230705186055,-0.7756882334536247,-1.0465979236171064,-0.8734781762976415,-0.8896258251677575,-0.7684539833666257,-1.0508579074806412,-0.8893587844337851,-0.9161730446590544,-0.7902760695584341,-1.0336699791423865,-0.8755122243501521,-0.9219233131441376,-0.7945046884815701,-1.0311919645499803,-0.870304443200097,1.0157000045677216,-0.07318107827022245,-1.0157000045677216,0.07318107827022245,0.8805786849455588,-0.6704964556816689,0.8649681222395317,-0.7634629183226728,0.9536701889015646,-0.5388029724149839,0.9463194584342267,-0.6741766842249641,0.9540644986196144,-0.3677531534302414,0.9458268113232688,-0.4276724451193305,0.9547490444487313,-0.7284603900268065,0.9466434104766648,-0.7821004880851091,0.9953199210832404,0.8239185661393496,-0.7901670482206699,-0.8271051046624758,0.8087074839962464,good
0.7001200750708129,0.75987382805685,0.7111632750023428,0.6676129072241715,0.7099397912495119,0.6794165352278264,0.7089084320635212,0.6883237854729992,0.7182297473371576,0.5895532263641458,0.7206434745670733,0.5436452835804636,0.7231440738373055,0.4879414407597183,0.7182804291503471,0.5794609463840694,0.7421255313472562,0.3457111419615928,0.6923801718055113,0.8031286236468236,0.7011726733112091,0.6994318358227699,0.714844623336239,0.6689988655087827,0.7280644832052199,0.43655667136304455,1.160147378414151,2.5404566151885173,0.979125800908995,2.5977442705141636,1.0976434730563631,2.1101957972143146,0.9260382154803941,1.8195964594916954,1.103997230108945,2.0202303112880657,0.9217575330652334,1.7640669319694546,1.0741108127311882,2.0188251134153394,0.9097682855208541,1.7881879350397916,1.0573062403814446,2.0375494425521223,0.9053442563677087,1.8076257055123364,0.1097718963000664,1.3137159239462153,-0.1097718963000664,-1.3137159239462153,-0.5061627691294882,1.3321207779080788,-0.4455164739981211,0.9580444736881496,-0.5693205701390974,1.9394632355522006,-0.5810665157457886,1.7808711187912825,-0.5942977184522468,2.0157220621239667,-0.619162606271159,1.8243974064007855,-0.5631096230232323,1.6906053141583806,-0.5563375732476902,1.7014021731238615,0.5329484030588469,0.5009681272152271,1.3285413436734927,-0.21043994329121707,0.3207285298457493,poor
-0.5620543607840839,0.2734281695958133,-0.5686065719103651,0.3002068566149568,-0.5731254250412927,0.2962180252870225,-0.577728285144451,0.29362406963821513,-0.5589251033155805,0.3282801855538268,-0.5570895736525283,0.3418696325914524,-0.5558603191921345,0.35602201354772695,-0.5988314054806378,0.31878305766110326,-0.5647095645382283,0.3894673243307122,-0.5739348314724908,0.2623003965963452,-0.5635141898645363,0.3056326076160743,-0.5920202367817876,0.5201905457807116,-0.6207533317684458,0.3276521828659388,-0.4473745805664896,0.39318328915394224,-0.5986841819061605,0.11790725419744583,-0.3629018869793173,-0.4680681711551196,-0.5533910094134601,-0.5513668843726283,-0.382244660391531,-0.4596002169306237,-0.5503175277407965,-0.5129726555659994,-0.3873922718685351,-0.4772598051699519,-0.5608343223160954,-0.49891254710871213,-0.38473905834601196,-0.47853159157677677,-0.550681556873046,-0.5100989128101653,1.0182469939468521,0.47523212274111015,-1.0182469939468521,-0.47523212274111015,1.0171484090517389,-0.1293625002038467,0.9575794982502739,-0.219089050408317,0.8120853731538262,-0.14292149058507247,0.8196894399219208,-0.23470983207397783,0.795925727606346,-0.0482709936212425,0.8006412741038745,-0.14217802175993535,0.7678225614803482,-0.29068016448743467,0.7630030318773549,-0.4486540497175474,0.594333276238444,0.3715782889958204,0.43741390073882186,-0.9767479378153212,0.38305454970286656,poor
0.31899785419334625,0.09665552815555987,0.3235236797972547,0.09616285692800283,0.3214493540927292,0.10669862308537446,0.3197747072631811,0.11663766828209984,0.3308395417744692,0.05167099049603829,0.33380173078391223,0.03061019684994944,0.33686196211770847,0.0068635588203176355,0.32505311580724044,0.0908010287624725,0.34485568555946805,-0.05657459009240676,0.314918996093172,0.11068990136258648,0.32731671922676414,0.050593710571828855,0.2872079968197882,-0.04719358553340113,0.3832553457329625,-0.23248074418086942,0.11334204615491354,0.12463826231675286,0.3879414496108144,-0.22590889094795355,0.25602579804198977,0.08953331704370274,0.4339202173839963,0.23234006262253515,-0.0016167702455588747,0.03669947440074542,0.44151947279224657,0.22611196749512244,0.08698522810066099,0.05627549118821082,0.4361989667483636,0.2213075601965483,0.13344831085382794,0.03769831707697594,0.43960073040029657,0.22270631728170864,-1.0479628210656142,0.7126807529580038,1.0479628210656142,-0.7126807529580038,-0.4141965756525928,0.18875688074008765,-0.2841048311248042,0.275618061846264,-0.47190409281435464,0.4020681244141359,-0.3998730492230164,0.45398705922727234,-0.4779842494267196,0.42217392483205624,-0.41869900759672,0.5174648023797432,-0.49764764581299675,0.3960845805610407,-0.44733662574804794,0.42231059319004816,-0.31096873332703806,-0.0015401255181244444,-0.14557251910327135,0.6377007731807818,-0.23039135931788568,poor
-0.7692073770989173,0.17932166774826935,-0.7759974708897228,0.2388331529514474,-0.7791178472094147,0.23717374689837947,-0.7819625696931108,0.23707513793613058,-0.7707321341485363,0.26276702729023504,-0.770839106983931,0.27741849024802223,-0.7719502496017127,0.2963395755248417,-0.8020200586648176,0.2917108467095174,-0.7837333520330269,0.3652237836152878,-0.7787319128636296,0.16608179234483114,-0.7763053950029061,0.21545119154569403,-0.7891307049139087,0.47455398865252774,-0.860865960227466,0.41138342796021654,-0.6644699593180372,0.0915994866960047,-0.8681946139057156,0.068135854378097,-0.5951699556151636,-0.6697138899433004,-0.85421720918701,-0.7655866382828957,-0.6014502835066667,-0.6848903402858855,-0.8653687703291019,-0.7676704419524838,-0.6188671954689262,-0.6732075483621606,-0.8598136572582046,-0.7606484076874703,-0.6271115839772907,-0.6635415391802457,-0.8560899699806613,-0.7590545478303428,0.8826149635576878,-0.043630525382863466,-0.8826149635576878,0.043630525382863466,0.822735971577372,-0.5260876598784003,0.8124104583693894,-0.4880899581781727,0.8633218804817488,-0.443221982210382,0.842848155531894,-0.5323333770983655,0.8594215703062272,-0.30395724786275413,0.8450864166009011,-0.3522728261722345,0.877802050785148,-0.6291899081575208,0.8439619867032768,-0.7138035844241116,1.0373896812211116,0.5798690339218923,-0.4019938159982824,-0.4311435080489055,0.7172713292702526,good
-0.9741508687142979,0.2237111285311526,-0.9752826872178282,0.2641315986721423,-0.9728632926385716,0.25923619185963526,-0.9706820207576308,0.2538032719456127,-0.9847467652921509,0.3096728579963555,-0.9887317102088491,0.3342123758242876,-0.9932984197828316,0.3597426151865007,-0.9679319269430098,0.3119502820989268,-1.002484817778006,0.44157278341470374,-0.9675343252545617,0.2015317548496511,-0.9792319580589613,0.2753027878657448,-0.9392829422979668,0.44395441258056123,-1.0099481582092724,0.5059869072933509,-0.9617365525528158,0.040005100279442866,-1.0313177098359294,-0.00407563578315807,-0.9406958391065839,-0.7210786069346458,-1.0452613473934442,-0.8343406237823886,-0.9354870203046984,-0.7298732322092785,-1.0355727188745305,-0.8441881897381865,-0.9518740361847301,-0.7487876051075166,-1.027587922637925,-0.8382619261889562,-0.9573796023232037,-0.7485859876412342,-1.027683355781539,-0.8347438163006703,0.8965275191746299,-0.21453053029923064,-0.8965275191746299,0.21453053029923064,0.8840641391279862,-0.7061477097802702,0.8896527837105176,-0.7964397819476244,0.9544214689172514,-0.46632583896331525,0.9649931236615787,-0.5693704468686438,0.9523479324426948,-0.3194534604581462,0.9656065158105714,-0.3494870598136952,0.9663541491829707,-0.6515693812869475,0.9712969999167007,-0.7346632836373554,1.0115259401525387,0.8523797007029094,-0.8574385823380005,-1.0523033592007542,1.0421375002342792,good
-0.9529143746611444,0.1982616750800043,-0.9555917388789369,0.2460039597437038,-0.953242644440491,0.24336717812873615,-0.95183745391938,0.2413224783817351,-0.9637821336562189,0.2860560196560027,-0.9689606340031091,0.30946269456487874,-0.9748389895231069,0.3388842317745651,-0.9547245441150192,0.3176599887807853,-0.9912306211821095,0.44123863968697796,-0.9506918064719122,0.2076054395441726,-0.9594297789853957,0.2671600383117424,-0.9343085725041944,0.4230363981305771,-1.0057108546791083,0.4939192632758877,-0.8276073520073643,-0.19836279416971922,-1.0791558786017146,-0.1836230208093045,-0.8732914704722905,-0.8584495919570484,-1.0449491172821508,-0.9414723087380557,-0.8879717736119537,-0.8560273851527842,-1.033237308603087,-0.9425328275021136,-0.9039248088802234,-0.8697935031948912,-1.0238758120020541,-0.9400395144953222,-0.9017920046913657,-0.8700903330213071,-1.0277370086662903,-0.9388086721669161,0.7120120505752913,-0.17906979684834626,-0.7120120505752913,0.17906979684834626,0.8817518721567633,-0.8317807493098778,0.8982154594676625,-0.9172297953919634,0.9523917574670709,-0.6501837598761091,0.9683479848448341,-0.7174961250787008,0.9532620441444328,-0.4656881703339766,0.9673636429029621,-0.49479860477522225,0.9576875188053345,-0.8246154222800121,0.9768542864329814,-0.8629981789778155,0.1842590739049271,0.30261673525795213,-0.9171019263805237,-0.8640649298171502,1.0989254435409965,poor
1.83979201647581,-1.894873279076063,1.8425944645684682,-1.975365541931228,1.8465795105795657,-1.9747393177951302,1.8502628666228702,-1.9732149184117158,1.8229621487521062,-2.0077844049884725,1.8118127177723908,-2.0388410328361086,1.8013868118758547,-2.072162314880318,1.8386200403707995,-2.046123800139473,1.7689956344032112,-2.1742735054210733,1.8500956593667819,-1.89815656569645,1.8296653978305562,-1.9214027296855631,1.827651471912727,-2.0905395668406714,1.7708623876597962,-2.129865600159648,2.085756652234498,-0.2025687290907892,1.832593892443911,0.37325838576451303,2.094066983975398,2.0770570033470275,1.7285326105434735,2.1967285244191816,2.1252006561660153,2.164967645392598,1.7437316095760353,2.1551294136275185,2.070391816812702,2.1952396610843796,1.7538636738970985,2.1928849441832434,2.0682109269539724,2.1686695418563273,1.7584651461934213,2.2009015133273397,-0.30603281428115076,1.6937200154458836,0.30603281428115076,-1.6937200154458836,-1.6060413849470334,2.1661735397556865,-1.8859244973624252,1.5728578361585606,-1.2153683556582466,0.9952528024632277,-1.0315331722848051,-0.046171776378377695,-1.1250888611511676,0.7303664957833381,-1.0695120574413295,-0.48407609018276515,-1.172644500542317,0.7342839294538585,-1.1324022956296742,0.05543440195987527,0.28172465407855046,0.40317726857490577,0.8508815954232916,0.46466703354370587,0.33174771258853847,poor
-0.3003663374285747,0.839110610545802,-0.2997259283987574,0.8011758400863891,-0.30380895092474575,0.7895995880552082,-0.3073415045080316,0.7789017705983489,-0.2854612380827683,0.8271313396390818,-0.27930528086623313,0.8327432366857612,-0.2722846843831022,0.8388689816156452,-0.3143820801591999,0.7600537798312014,-0.2600303202554954,0.8365543763855157,-0.3083055314817588,0.8384590131390613,-0.29179291598242346,0.8699724213788337,-0.3563726698467689,0.5407684414926552,-0.21671156336229389,0.9118062483661532,-0.5185875781922707,-0.9628423808361753,-0.277466745823053,-0.6579372812133477,-0.5875172148231271,-1.0296230026807471,-0.32720601846864555,-0.7876775583910617,-0.5916834568885593,-1.0023607117996152,-0.3341135229247141,-0.7862979092923462,-0.552069818933432,-0.9890988377459301,-0.3387956377463837,-0.799411051566989,-0.5465719045493374,-0.978514797374241,-0.3324188477877546,-0.8036433337884694,-0.5772848686350271,-0.9743012503005443,0.5772848686350271,0.9743012503005443,0.16816993367096425,-0.9673663336928022,0.27885786858577777,-0.7984202668964127,0.20599619607081482,-0.8357965151540003,0.24460839317767577,-0.7450964765965519,0.21000814870307244,-0.8238451406072627,0.25395791922617067,-0.7152809554647882,0.23078570291815437,-0.6551169611959138,0.2759174555129028,-0.6336531587942951,-2.532634582439047,-2.544771882143577,-0.6950111822481301,1.5260112540223665,-2.2645745640549872,excellent
-0.9786668498035228,0.2413945787475197,-0.9770641606150615,0.27829373763401055,-0.9738537509209714,0.26076274596545657,-0.9716716503373155,0.2551692426619816,-0.9869594973998931,0.32202656533366286,-0.9899977705187518,0.33636199806717565,-0.9934161537305022,0.358293873781858,-0.9688916364744418,0.31450054144112755,-1.0002065256604935,0.4221898661627244,-0.9699117143056967,0.21064389558915628,-0.9823959264374664,0.2813748214295546,-0.9326853933553457,0.3844117529020936,-1.0036225529988232,0.4314120045493955,-0.9200906445607686,-0.08512897567221622,-1.0406185808875998,-0.13588326086474872,-0.9206243141939854,-0.7900823206627371,-1.0393709244083715,-0.892760880613691,-0.9213797426592532,-0.7965039385971283,-1.027155467673497,-0.8992610222037659,-0.9398345784651718,-0.8185954001458361,-1.016291828391827,-0.8930442158256976,-0.9419582815498627,-0.817620381658456,-1.0173317831001893,-0.8902226330574362,0.8782962534273591,-0.12966273940016215,-0.8782962534273591,0.12966273940016215,0.8876142921089135,-0.7693317538379769,0.8807026759706968,-0.8661736790531753,0.9603868937598383,-0.5745181306340005,0.9613460576798254,-0.6790560383728571,0.9604887063563111,-0.41390558585957515,0.961010658600878,-0.4526690218676944,0.9690731690711777,-0.7610385802364045,0.971362684861723,-0.8127313871878267,0.8318673310239771,0.7110145527523053,-0.9481460007916751,-1.1232257747766625,0.9259091803222897,good
-0.963222478342863,0.08794770488200115,-0.9651864891939037,0.14470595803018504,-0.9633958685624735,0.1444537245124738,-0.9616306568424563,0.14555767189524693,-0.9716436518072936,0.18446144780016988,-0.9754216700545235,0.21217792489580667,-0.9790689115873977,0.2430090706396983,-0.961126768909465,0.23316590554513478,-0.9889261575249422,0.3534625462418907,-0.9586820744154464,0.07817374972633735,-0.968479911211704,0.14123420299009662,-0.9326848049317894,0.35999059821085677,-1.0042606249506802,0.439962687707219,-0.9086440554764774,-0.1380364059569124,-1.066877500614747,-0.1848071320764965,-0.9199806670755739,-0.8633065955658817,-1.044168697779804,-0.9606271249393923,-0.9276756223625665,-0.8743805739102194,-1.0386582384476308,-0.9603680283290181,-0.9404733614494737,-0.8901966892877101,-1.031371104657783,-0.9573548742146486,-0.9370482775517713,-0.8878588770565906,-1.0318073309889364,-0.9566077479608568,0.9176460265926465,-0.18693990378764386,-0.9176460265926465,0.18693990378764386,0.8859694439618152,-0.8581994602159302,0.8793243423679737,-0.9967838448765255,0.9582645259755104,-0.7103605941347547,0.9562210932602346,-0.8438526491329132,0.9555783178644124,-0.5431759643151962,0.9564383572553606,-0.629476776235492,0.9642165526004339,-0.8620793769464452,0.9655140899390677,-0.928358137667655,0.73918220808998,0.46550408642019075,-0.8016542998412163,-1.0789689073560083,0.5916975798783592,good
0.5470318925872879,-0.6466891937808232,0.546388648401432,-0.638628226295613,0.5472598950003245,-0.624601718625909,0.548235807609057,-0.6103074454504948,0.5424033621165073,-0.6672257848216551,0.5394719911698462,-0.6696802706653429,0.5359990303194374,-0.6691191398943052,0.5566451972790186,-0.6053086619401545,0.533321124569358,-0.6813581986984336,0.5513519144604897,-0.6083036756652845,0.5473095017286397,-0.6342822949314411,0.5355987084726441,-0.5785478578982582,0.579724257382142,-0.7593390755819533,0.48055632066863135,0.024784002698913232,0.6170710885409936,-0.12078383843834828,0.5574559385593273,0.471658621391136,0.5835210617945819,0.49254029343328337,0.5464457456481865,0.4433274726055815,0.5666648383820403,0.48820200299993216,0.555124657565302,0.43970609008414824,0.5701617780497773,0.5111565640396099,0.5642010659175409,0.44993008194899237,0.5818526557021921,0.5073167499339511,-0.9840505869538047,0.38445987639880885,0.9840505869538047,-0.38445987639880885,-0.6725839009349233,0.4359957455344204,-0.5597149391437447,0.5140192095466517,-0.7425624207941318,0.1354012238601221,-0.6844950777457169,0.06406722463467264,-0.7548002309013091,-0.020046335030951015,-0.7197850729363444,-0.17780982524948058,-0.7296854609942482,0.12518107239186405,-0.692159916361772,0.2587381663701987,0.06687475829794441,0.2950140554067645,1.2209353907281533,0.6731553944911676,0.19659858561524246,poor
-0.27601354991164173,0.9599794925867716,-0.27323818493271185,0.9256396615175034,-0.2766660177059568,0.9135539132659851,-0.2795612105767054,0.8996544190042423,-0.25909080743813506,0.9488881493601179,-0.2524965394457521,0.9537781753389598,-0.24504494076221878,0.9577741167270486,-0.2823149925991665,0.8566037549698836,-0.2273176541406708,0.9408747337117246,-0.28143053074666663,0.960013827391047,-0.26455166904149546,0.9848539518654347,-0.30903776715462217,0.5847685916689833,-0.1717665951334327,0.9520317263162338,-0.46187113941488683,-0.838853821419696,-0.248819435473725,-0.6109639978078046,-0.5429170641217973,-0.969698767439352,-0.2944751076945861,-0.7444963792644747,-0.5562666700433826,-0.9569967759294785,-0.30842333778255215,-0.7296649471067148,-0.52025298007707,-0.9484365386928775,-0.3017602572225793,-0.7519553000503004,-0.5123251588898535,-0.9343494839651731,-0.29342439355865646,-0.761123412793993,-0.5163633515515841,-0.9434868149137978,0.5163633515515841,0.9434868149137978,0.15199031943499927,-0.9344335985898586,0.2585058118704703,-0.7276923196753192,0.1804112132698901,-0.8323924890943063,0.22200569135593248,-0.6422770358337976,0.18820231913237653,-0.8292818656962914,0.23434420266351286,-0.5716637942785364,0.23893255118306575,-0.5826838189457784,0.28522630127107623,-0.5480612523107641,-2.3984850317439013,-2.520181296350183,-0.9031156313992635,1.6037239405313513,-2.25680169573353,excellent
-0.1675001484424475,1.0110969015177735,-0.15851116498175966,0.95606978723646,-0.1617490111655034,0.9420934536943075,-0.1641975366876546,0.9267287714366654,-0.14371440427644072,0.9777942765370286,-0.13637040319414795,0.979386660398951,-0.12771707441328228,0.9804794739998908,-0.16251427690644993,0.8682746551705551,-0.10548312403026704,0.9481137182184579,-0.17463244614376308,1.0035166089948857,-0.1553840411449058,1.0294357424735028,-0.17961170624796893,0.537577036431245,-0.0598504429594021,0.9067233794407513,-0.3457982740781958,-1.055281798897398,-0.14030707470750686,-0.7911216795160116,-0.42628760060885434,-0.9709571014839766,-0.2044466679842533,-0.6845551119244337,-0.43881659775073495,-0.9271774772985863,-0.21451321058109316,-0.6581193772808285,-0.4016906108586638,-0.9150203223763146,-0.2134134540911339,-0.6734807394523489,-0.3872010212441729,-0.9070194774896111,-0.20535609888648435,-0.6846599185566115,-0.42095249227867376,-1.066560725224183,0.42095249227867376,1.066560725224183,0.026690214457511546,-0.8949602712951383,0.12893710774590064,-0.6742547602408163,0.038223729941221536,-0.8107552234614956,0.07957999503896727,-0.6629406862569419,0.05069569912323066,-0.846316956451072,0.09665670176959908,-0.7186952326420812,0.06780003278520698,-0.5281582602855289,0.10511118179218246,-0.4866145644047795,-2.5069608972888013,-2.507776889756957,-0.8240513728255605,1.5013251360963196,-2.24330250964377,excellent
-0.9642911520133719,0.11981771540657501,-0.9658701915141231,0.17301375616347445,-0.9642353630281632,0.17114059406602258,-0.9628663145125705,0.17144825294728752,-0.9714613094785245,0.21434098970442067,-0.9751689099087326,0.2419487777737068,-0.978981832569496,0.27246850860119204,-0.9631815806817773,0.2597084641281005,-0.9893151677115616,0.3836860549577171,-0.9616373626151199,0.11736293149685337,-0.9694451517569765,0.17935855712538665,-0.9339698655307938,0.3997582768521005,-1.0054063209774602,0.46848572292979934,-0.9019781304475285,-0.28780562833004314,-1.0711232692625123,-0.34941356489258335,-0.9297884113001715,-0.9576394985788034,-1.0370207706135601,-1.044481055408949,-0.9322583285583294,-0.9601241508463438,-1.0251742608140375,-1.0339506606360287,-0.9363394695153956,-0.9775326281233946,-1.0179407163629415,-1.03869415862521,-0.9344939053836855,-0.9755126695346135,-1.0186967858445997,-1.0387554266701509,0.9415289376524674,-0.122624489739297,-0.9415289376524674,0.122624489739297,0.8998804028940698,-0.9726837691542095,0.8797762887126728,-1.0742575307920335,0.966539751451528,-0.8321017782159117,0.9540638005296759,-0.9256175314885795,0.9661542559744962,-0.6738687131774083,0.9565934605887731,-0.6989065262615872,0.9742720173892676,-0.9509918069319244,0.9540599136149484,-0.9979872553252855,0.4735759035517638,0.18876279500179152,-0.8843622179572436,-1.1078878057193402,-0.023073338159518487,good
-0.9676297799933127,0.37505018156800873,-0.9694854032688206,0.40061528829731413,-0.9668362894959196,0.4110437374243136,-0.9629826721413928,0.4130264487861675,-0.9816381986544344,0.44827611664800526,-0.9869253877512002,0.47353357797797496,-0.9912611491764436,0.4912823148194317,-0.9591688566304446,0.4476546712967785,-0.9954727117213542,0.540548426003318,-0.9622397664782848,0.3449600669913617,-0.972780794843329,0.4059302907822859,-0.9238715295366988,0.495185577463414,-0.9965071067087415,0.5511233604866839,-0.9128342784427945,0.049533833766715996,-1.0238510294842882,0.070129676300094,-0.8838318469299395,-0.7127748727629114,-1.0417410674037098,-0.8170075496587302,-0.8872642332294682,-0.7200940627382907,-1.0340478793809542,-0.8303149178144301,-0.9119023422706843,-0.7273999450925913,-1.026178782994323,-0.8226117461666675,-0.9115473705747026,-0.7275740683628654,-1.0277476947347663,-0.816444199021434,0.6795601084358055,-0.13633895038041974,-0.6795601084358055,0.13633895038041974,0.873889903494371,-0.676934880030488,0.89479731401883,-0.7939990301046439,0.9431952965103473,-0.4486800707519913,0.9680234976996805,-0.5504105477542371,0.9402403686233417,-0.3009756461109326,0.968033371149279,-0.31938695015285934,0.9506863373810259,-0.6681503433895167,0.9814271049704645,-0.736155563688904,0.9612810626356139,0.8213760382624038,-0.9225769856871191,-1.1911583169764126,1.6688306608682386,poor
-0.9600966489640888,0.21752134310579416,-0.9614034875138621,0.2527633432889877,-0.9597130711021276,0.25094416018438886,-0.9581781519439169,0.25110036642209504,-0.9716163113331293,0.29334928964940715,-0.9773441912772968,0.31777737439275927,-0.9826007191308713,0.3453541096227798,-0.9582504395154826,0.32413654377758105,-0.9941077498279383,0.4424020653318737,-0.9545281865576708,0.19950408654735757,-0.9674639632299639,0.2742131767787604,-0.937435154795717,0.4327285412085598,-1.0084194210865551,0.5034403540219806,-0.8450715245772715,-0.11024691700271565,-1.068770074972749,-0.09822790905606484,-0.8790496665935545,-0.8126774117033154,-1.0456138539263033,-0.9072550605229345,-0.8911331307614498,-0.8111336835459024,-1.0340626564712552,-0.9086759425093632,-0.907878735189329,-0.8245422247239508,-1.0252883472573446,-0.9039050925270423,-0.9061232076067345,-0.8231236293155997,-1.0286620239047646,-0.9018050771377887,0.7270292900949895,-0.26536751057932656,-0.7270292900949895,0.26536751057932656,0.8842259980396417,-0.7589364149200226,0.8984666627250993,-0.8502563135538176,0.9546317559907915,-0.5734277299879825,0.968762531373062,-0.6489410085215785,0.9554038804884737,-0.4194754125385619,0.9740209128155566,-0.4193489705526917,0.9630825277769933,-0.773508837250252,0.9769802611940571,-0.8184957998438467,0.3595310186362973,0.4720188553803594,-0.9297888233272081,-0.830889810905187,1.3859615289120248,poor
-1.028872937865477,0.518343942598077,-1.0196666700035741,0.5454755787430035,-1.0179629199577356,0.5408386419990248,-1.0158922382510684,0.5379799048150006,-1.0315027208746037,0.5668657295025222,-1.0325578223076617,0.5831618974352982,-1.0335547554982187,0.6020211377937729,-1.0086876314115372,0.5559974476388464,-1.0299704130584122,0.6602233511767693,-1.011004676688488,0.4937375158422602,-1.017790382000132,0.5481570350322669,-0.9581148443073778,0.5519860732215015,-1.0263338352381963,0.6185077028862574,-0.9241143536105673,-0.3729390642693007,-1.0649510431008877,-0.3849906219165417,-0.987350302759324,-1.0288694242434793,-1.0245314912324925,-1.0781251885091245,-0.9908585391993588,-1.014867509788484,-1.020369648324698,-1.0723892075146149,-0.9953571897162398,-1.0281101439539897,-1.0180258393990345,-1.0700029188678373,-0.997488284450753,-1.032178448727417,-1.0179477540524755,-1.0717238428146758,0.9040616208045608,-0.17353218345752178,-0.9040616208045608,0.17353218345752178,0.9152181909671914,-1.0111757635384913,0.8832264539592966,-1.1085772545323225,0.9819830173693941,-0.8169650563940527,0.9611240987726508,-0.8766722398991296,0.9819296925041939,-0.6903460788601631,0.9628779679121745,-0.69582440989374,0.987603412214813,-0.9716466999172744,0.9749074688689259,-0.9531712739124149,-1.2155191711216145,-0.5664962945502496,-0.6459880754121576,-1.0862155824405832,-1.2928671225345283,excellent
-0.9364381315449629,0.1963395614059169,-0.9359914835106794,0.24562891185192978,-0.9336715134398939,0.24371736313403974,-0.931002462880154,0.24220932225964484,-0.9417667021732791,0.28010135287337734,-0.945157239671086,0.3017257875740542,-0.9482842930020857,0.32570276498526024,-0.9253695142948059,0.3121943157770302,-0.954392575624572,0.4101747260269451,-0.9328190662250052,0.1988695897393815,-0.9408218439373514,0.24694629501021959,-0.8941644210395954,0.44683283905144977,-0.9677238518283554,0.46173953502436904,-0.9281871158185118,0.01452597215678806,-0.9738708441307941,-0.0417591753359403,-0.9378852249265733,-0.741086427048122,-0.9782116561505025,-0.8407526831281437,-0.9397068744288115,-0.7489149007219437,-0.9831797620283885,-0.8556322260439138,-0.9544621218521804,-0.7637070596547239,-0.9710104095664077,-0.8471093338887248,-0.9573970397516136,-0.7635000338565895,-0.9676093474420172,-0.8435123568856903,0.7663634258762027,-0.07090948392158802,-0.7663634258762027,0.07090948392158802,0.8748697535408684,-0.6110395601301163,0.8585838838997536,-0.7274132563201425,0.9392972266128385,-0.553737505421234,0.9298683282138175,-0.6231786810443725,0.9357701204330898,-0.4305501645518159,0.930496355056803,-0.440254467124739,0.9420765590732584,-0.720105869535546,0.9420358968881362,-0.7989639106185478,1.0408639738571466,0.7901475050990147,-0.6719049579134256,-0.6946634388390719,0.7496550685571304,excellent
0.3410163495292042,-0.35491012238487774,0.3381046676821205,-0.34761675435023864,0.3402347449847096,-0.33575541539705706,0.34230941006190235,-0.32524226573684506,0.32796473102347484,-0.3813004625532467,0.3210543217946986,-0.3979637073644291,0.31147042283492393,-0.4147981882774559,0.33360153663180114,-0.3081890168703037,0.30325868300065134,-0.4221081633326213,0.3508185168997161,-0.301200961814346,0.3351112516218587,-0.3953300999131382,0.3104700471411592,-0.12953462926341533,0.31486497980909933,-0.3579414375511333,0.20093045274068705,0.1487616305128007,0.2989671479564896,0.04148952250229926,0.2599421031306597,0.24383577726086395,0.3103211398120822,0.2977821534186838,0.28216497625478537,0.24522606551524548,0.3267342385681861,0.2713202092552823,0.29742013099363757,0.22264942545169986,0.3179210326324001,0.26526338697584384,0.2924084291290278,0.20888322552621127,0.31898071259597915,0.2685415135674677,-0.2040792188756325,1.415848744570589,0.2040792188756325,-1.415848744570589,-0.4189798778639116,0.25057588430999544,-0.36662725196090307,-0.011297513478397503,-0.46226754012081717,0.14098387411780844,-0.454724369758982,0.18310230965959162,-0.459985152689823,0.2366793729986277,-0.48005873355718476,0.1929465886865109,-0.4991478370524244,0.2355768558601341,-0.49214748098086386,0.41820198043129203,-0.07680697147653467,0.18888880188712026,0.5242682824942716,0.8220066880162443,0.062343156233607824,good
-0.9734260408162495,0.31749479268509007,-0.9727430852114516,0.37757403739053835,-0.9697525721435848,0.36747048807930444,-0.9675496582277608,0.364692858491873,-0.9839642145728791,0.40150944629833885,-0.9885564258608504,0.43032720303447064,-0.9927959193598277,0.44238992308689656,-0.9659546333379413,0.40496364510190325,-1.0008573308685684,0.5010178770615294,-0.9648442802473097,0.29304096217778197,-0.9777141160961573,0.3491938295178861,-0.9288527692833359,0.4617033660190988,-1.0009845907004273,0.5316214776864014,-0.9203631021778426,-0.017009696627960254,-1.0236877644327023,-0.009820606103221167,-0.8866088911419377,-0.7601489555504267,-1.038802015731196,-0.8556312372551071,-0.893256319151375,-0.7668337890101323,-1.0335604905555003,-0.8641429214556161,-0.9104547927412786,-0.7709918630111372,-1.0288219181862701,-0.8540950133175292,-0.9099396771049042,-0.7703182763537785,-1.0297691859779003,-0.851429960796248,0.6057834061254298,-0.22371987538004365,-0.6057834061254298,0.22371987538004365,0.8757639733140663,-0.7262482993880428,0.8970019763626219,-0.8265645694466379,0.9502209874728464,-0.48591622097989523,0.9692161438564042,-0.5768375292107999,0.9449718049021277,-0.3235322693270663,0.96855431757953,-0.34452057731674557,0.9589181456124621,-0.6976518151884515,0.9779492563479697,-0.7591707558719434,0.9719610393396148,0.8228908958460471,-0.9061029476887557,-1.0916901076194243,1.6722512976131862,poor
-0.9731663776591709,0.2025057670611391,-0.972586131094553,0.24164809428848805,-0.9709474503659924,0.2345302478787775,-0.9686890763840971,0.22904810337137851,-0.9822717688323499,0.286411640060455,-0.9862119446049593,0.30814607161909285,-0.9899566044680504,0.33012290047901544,-0.9658165540918661,0.27258474725539766,-0.9993509941541904,0.3854465763261427,-0.9660551540283431,0.1675803704750825,-0.9785720822823679,0.23827401149545754,-0.9332511176881227,0.33468063447321633,-1.004444369280222,0.3907848538746903,-0.9447876762649238,-0.10950068895779591,-1.025985249360873,-0.17156988732619458,-0.9293005963766082,-0.8195315477290612,-1.037450119678132,-0.915371441695201,-0.9247732579991682,-0.8285628546613463,-1.0297841080242138,-0.920962656507317,-0.9363219745171595,-0.8399459080388917,-1.0221726298748874,-0.9154823807894749,-0.9398207750321048,-0.8374872947884804,-1.0220060272266784,-0.9126864698707172,0.8919476442356467,-0.14044638199513348,-0.8919476442356467,0.14044638199513348,0.8844987016968059,-0.7969137877846778,0.8837382875760537,-0.9080930734524255,0.9566508131989764,-0.5881677023188039,0.9623962196985142,-0.724407378076779,0.9536229387190446,-0.4246912710160171,0.9620979231306772,-0.5081362752749218,0.9625065123316102,-0.7990739457845855,0.9712424105440925,-0.8534100194231876,0.979632705202963,0.8391119204334532,-0.9000681932547985,-1.0859858306054062,1.0858472604290537,good
0.7005718089210922,-1.144148440382116,0.6878858089465006,-1.1083342087605585,0.6850065507844995,-1.1040951039335054,0.6818346113832533,-1.1009323687774781,0.6949366527557912,-1.1017215602206798,0.6975225790533123,-1.090834690177937,0.6997895366945771,-1.0826272403426527,0.6688113000198868,-1.0959560393515118,0.6920643623504673,-1.0812132418053602,0.6983506990264595,-1.1665947398864673,0.703881758568725,-1.1524615574625277,0.6239579042059842,-1.1104774391510583,0.712971174952262,-1.2112973275720829,0.7218841492544981,-0.20557495163207018,0.8504302987427035,-0.3003826901544043,0.9117804930357546,0.6846656443088862,0.8640554810208588,0.5951538826109278,0.874069905511621,0.6584696552359396,0.8436455012801493,0.6084265701131758,0.863039118057264,0.6807139218768931,0.8356996614575396,0.6074517936609586,0.8609323833885609,0.6841121747515584,0.8361861629563828,0.6065928539489827,-0.7989655206440043,1.1932390861929116,0.7989655206440043,-1.1932390861929116,-0.7672625168750565,0.7196802459777079,-0.7220846894684984,0.47107303436567227,-0.875149960463606,0.8774507941025487,-0.8700646085274844,0.9044028767774864,-0.8899537008544681,0.8692956599082214,-0.9202851647357431,0.8499376441472214,-0.9090440823730678,0.8934006485597374,-0.8436379615509882,1.0688862232752465,0.2202962551623693,0.3867424120500436,1.2187844199666409,-0.015558470120181408,0.5649507437812803,good
0.7071129427404552,0.19852293283920147,0.7223819753061413,0.1679927513882384,0.7242163234744117,0.17567071864496536,0.726380603231197,0.18496441271576244,0.7246752903661442,0.12015721145483399,0.7277231824910386,0.092598590023101,0.7312256040443186,0.06476449141357285,0.7487484245481917,0.1655275552041529,0.7513051796979172,0.0004988179014912428,0.7098077765358484,0.22726260452330208,0.7137456056292579,0.1566201362771913,0.8209335356318628,-0.32966759327121864,0.8299577936498169,0.056920054662748576,0.44639730382577153,-1.0969560428676024,0.5322241254825466,-0.9496270659455697,0.5798779045067559,-0.1878924954907719,0.5829587759107382,0.09639589865614584,0.579354675567351,-0.15325442338988712,0.5955838259974671,0.10988874426467192,0.5689885545215886,-0.1345237489564193,0.6111797537768964,0.08468321049294072,0.601012103597827,-0.13832308235081373,0.6216286801313614,0.08079413875527477,-0.46514440573400756,-2.0061415869110313,0.46514440573400756,2.0061415869110313,-0.8471909462047917,-0.6587597144823936,-0.8088210051731101,0.0021031969792115334,-0.8735969188833589,-0.7818620069336523,-0.8620501088014418,-0.3586635317378698,-0.9045761508231748,-1.0225863650007931,-0.8892279288983017,-0.676298560197297,-0.86797014736871,-0.267826913686325,-0.8911026491682676,0.09298409648000357,-1.1180886594236958,-1.136453641201159,0.658026195397611,1.7451286400056618,-1.009259517292527,good
-0.971871171844395,0.32038584459282576,-0.9722077761926137,0.3573493044017991,-0.9692064835572177,0.35524814374751323,-0.9665776996417338,0.3466814641640052,-0.9815211097430254,0.4032487115829498,-0.9854955014554793,0.4238541452066013,-0.989663079265148,0.4446418634376745,-0.9667384610986529,0.3901165626175443,-0.9998512923332125,0.4946963750743698,-0.9641111154846418,0.2688824330154208,-0.9754822952479254,0.342216284257827,-0.9354805592410284,0.4318491697265149,-1.0067238969119576,0.5041348387512002,-0.9174093289317015,-0.06552345665053809,-1.0352395513427435,-0.07370063673040267,-0.8931110851431682,-0.8049452835960771,-1.0427828430010173,-0.8944504651886427,-0.9041890418429042,-0.8041090336069866,-1.0316755843056156,-0.8991388300121181,-0.9193360620283626,-0.8199910677910163,-1.0259088835697878,-0.8925282277046565,-0.9169424616294308,-0.818129702093975,-1.028756085944362,-0.8881382523142142,0.6795332354492316,-0.2253726590939986,-0.6795332354492316,0.2253726590939986,0.8729416040657006,-0.7327768237707929,0.8935441372321021,-0.8337515960283965,0.9478274742568574,-0.5369611331250678,0.966477966909267,-0.6170778178613192,0.9447803475566571,-0.3698578250992346,0.9665300914480218,-0.37954168358257534,0.9567963927060951,-0.7555901767636981,0.9736066968180876,-0.7979194324728653,0.8858208722998079,0.7704639511128779,-0.8031034740324446,-1.0015489316589565,1.6147792120177002,poor
-0.9604496045672407,0.3358271313248862,-0.960959542880027,0.3580014295001994,-0.9584248197514862,0.3531822673018935,-0.9565039482666771,0.35050232832350536,-0.9700015665491578,0.40265400587769395,-0.974797850526731,0.4279370861348086,-0.9795846299232235,0.4538388756628164,-0.9554759704681559,0.42198964176972475,-0.9919885794661517,0.5403596309616765,-0.9564999930259337,0.35058078116947605,-0.966768738871394,0.40690583027572447,-0.9302217179358648,0.5352925944295608,-1.0017450307912914,0.622421168018192,-0.8519369313812387,-0.38068324314493657,-1.093275308934171,-0.4250384197995806,-0.9171827366793968,-1.0022916738887337,-1.0429168703484806,-1.0807381620500007,-0.925902648904397,-1.01325539649941,-1.0366178474510095,-1.074893928052283,-0.9308848521529307,-1.0246357313320071,-1.028549000246108,-1.0779205094585067,-0.9281338986629372,-1.0227164080213547,-1.029536755740347,-1.0791956568361787,0.9942260011847022,-0.16741200177388924,-0.9942260011847022,0.16741200177388924,0.9810066035458507,-1.0856296285113012,0.8618282193296048,-1.1756291340872767,1.0052550513565564,-0.9275008921867924,0.9384693515660387,-0.9490415479139159,0.9944539306013928,-0.7787212315532808,0.94216308235677,-0.7402088944205779,1.0171973688995033,-1.0103251408481457,0.9390734465989967,-0.987284785673416,-1.109665558352135,-1.4197634273273014,-0.5084392002013831,-1.048010913025497,-1.1118180139366762,good
-0.95965756826668,0.13206804130181832,-0.9598385532955065,0.18182295446489055,-0.9577452003051664,0.17853704960325223,-0.956298783155879,0.1775862371932488,-0.9686879242591191,0.22601175329793619,-0.9737333843024012,0.25298963725614115,-0.9786463174083282,0.2825759544194381,-0.9568195979485067,0.26697193261782043,-0.9903558711759648,0.39290950400847674,-0.9562785488395118,0.1425202646424084,-0.966847687116383,0.20693623490746935,-0.9340854689803498,0.4335984741608762,-1.0054947211469183,0.5090268332009267,-0.8881292764584933,-0.21056570248029982,-1.0903495984704104,-0.27143877526598437,-0.9283453250937072,-0.9279123580040449,-1.043935752376207,-1.0203821396734971,-0.9319905185039679,-0.9400574686737647,-1.036900541296882,-1.017149715925585,-0.9447187081042386,-0.9548211933275075,-1.0293664884868863,-1.0162407289201294,-0.9416838681181565,-0.9523250447032084,-1.0313504764627988,-1.0156410421725353,0.8905745796924662,-0.21149259074709026,-0.8905745796924662,0.21149259074709026,0.8902234890489779,-0.8915954023405401,0.8842394593875169,-1.0009814494612754,0.9603241095467852,-0.7556607622766824,0.9587725798276913,-0.8664412272001132,0.9591573992286977,-0.5938424682260623,0.9594706719440509,-0.6579104490997983,0.9711494591782447,-0.8887789417202364,0.9686881821178979,-0.9578610321312351,0.36984364032103284,0.010537766285454043,-0.8741182150485725,-1.0416983554360522,-0.11990960057501292,good
0.8421242222077956,0.0033660337394538094,0.8475843750275994,-0.10579946206433366,0.8437871239429153,-0.12330951984617487,0.8392056095976103,-0.143565286101956,0.8594894690041146,-0.11549475616734506,0.8654291354279805,-0.1320406979050164,0.8715188633290878,-0.15235561036864267,0.8119880410573889,-0.34213513773629556,0.8642070907174357,-0.2917835657852916,0.813558578844814,-0.009033321456271582,0.828863553563534,-0.010435419366012458,0.7745214772994082,-0.13892108692702784,0.7297549513773786,-0.3640972644718865,1.5508546506734842,2.057694583901287,1.2662104997159913,2.495861951643344,1.6821071062618163,2.0267534301983487,1.3982425632036655,1.6855488560093175,1.5811624610741835,2.0501814776142986,1.3621159314408222,1.6224874010576091,1.5143186415184753,2.011104808993425,1.3379437908785274,1.6751983917934299,1.5151889241480951,2.0278148353151013,1.322748260450735,1.642117535823315,2.2396323820407678,2.4356827896367155,-2.2396323820407678,-2.4356827896367155,0.6860002416212176,3.8033964786546384,-0.2653657506130284,3.384161133087168,-0.18685757171099782,3.1431450051327396,-0.598534499851562,2.2875689203064162,-0.22257831676177503,2.91574873442741,-0.7653823006536326,1.9678886224489929,-0.28677346516616803,2.4316745583203048,-0.5905415539361661,1.922038993640707,0.6442923926488994,0.5958043070818566,0.4720306831713593,-0.7634297516109994,-0.03593001414520975,excellent
-0.998983229539624,0.24966373885379997,-1.0008292246832722,0.29697811522697937,-0.998359988373915,0.2861296356265866,-0.997042842352596,0.27552992473700116,-1.0105925291346805,0.3421644573014017,-1.0137038278197206,0.36277574213908165,-1.0172828174542539,0.3834062588060411,-0.9973709770869151,0.30405917530382115,-1.018446951886241,0.4417313696816233,-0.986765987604058,0.21674910655791474,-1.0030176529815809,0.2791435063228595,-0.9463381855907528,0.3842913612917463,-1.0161027143299193,0.45157538909044703,-0.9739636769570504,-0.02647640965620319,-1.026793870025946,-0.06468857433510038,-0.9875401879100616,-0.76725723476002,-1.0145796137554524,-0.8669893960155881,-0.9853176750005797,-0.7741957992886568,-1.0151942705017385,-0.8779021118456588,-1.0002573285046692,-0.7878845021170067,-1.006134433027505,-0.8721726759772325,-1.0044370095427992,-0.789733696125856,-1.0025234091446737,-0.8698294265037927,0.7859569671106317,-0.16103235954361883,-0.7859569671106317,0.16103235954361883,0.8908194143244127,-0.724070079276476,0.8890819183313552,-0.8264199817749386,0.9632968972385046,-0.505527123962145,0.9667448294039972,-0.5966549472705555,0.9618831464605992,-0.33303498747056404,0.9646648522756331,-0.3190344500481131,0.973699701631209,-0.6898831379834666,0.9725865431691479,-0.7710651820321555,0.8730073952479807,0.7903642398667913,-0.9284906173939907,-1.1943504339579039,0.8833968683299165,excellent
-0.16446323220333617,0.935776223520618,-0.16153195259145,0.8670657560457391,-0.16540328365330775,0.8531882593315626,-0.16869073957262656,0.8379935751249171,-0.14718391353378651,0.8916643412619525,-0.1405049919707791,0.8953799800090724,-0.13259234136447112,0.8985084230500796,-0.17492633725574647,0.7927792392153341,-0.11796188735892686,0.8808166887652774,-0.1699501533288925,0.9410159951737704,-0.1514502611244263,0.9692954128082187,-0.20572980446551173,0.5450696727867824,-0.07436040672068141,0.909161119669788,-0.35291607005335796,-1.0017817275036864,-0.15688844414477776,-0.7275481036638614,-0.4163888743901459,-1.0000957475875867,-0.18210804446378717,-0.702179020728244,-0.4314346057725532,-0.9510949362607634,-0.20044710804833504,-0.6784093037909844,-0.4032048373617839,-0.9347546600638144,-0.19925131516969677,-0.698226929489108,-0.37886084968443434,-0.9284787751825021,-0.18607995483525733,-0.7104476397562177,-0.3788326536484261,-1.0585652790778384,0.3788326536484261,1.0585652790778384,0.08486127136080068,-0.9291980622774322,0.1657316465799204,-0.7296321651885272,0.10973424810713792,-0.8136998619793491,0.11853432730633201,-0.7171663064000667,0.11464015806166555,-0.8270653145914122,0.13514014447882872,-0.7339627694917,0.1505306268130352,-0.5497532522543552,0.17181091646999522,-0.5289497744746203,-2.5287271807058214,-2.5308146195479257,-0.7968311575049145,1.3168642453180732,-2.27023395161248,excellent
0.5312238771295438,-0.5427297762735859,0.5709792015186512,-0.4168375106520034,0.5761638312155059,-0.3843659684060512,0.5822738586173976,-0.35197029230763915,0.5695494685469873,-0.5194875101494049,0.5738895886711192,-0.5580735994064115,0.5793473717086227,-0.5967318706600824,0.6199662766301214,-0.34386111298405775,0.6233859303622914,-0.6643261839443132,0.521940393484131,-0.5344313496487315,0.5167760321029993,-0.6610996401064723,0.6071705463670521,-0.42156088766343053,0.5100469306484146,-0.6367506483123606,0.7953063635423352,0.5741811914828696,0.7900276004094084,0.9024749373916497,0.6236879542326363,1.0904208835486269,0.6355628338464773,0.9566811685282365,0.5668852818600189,1.0404045417918364,0.6219266987398631,0.9373449618800741,0.5579646649095112,1.0223599559341072,0.5882629717505876,0.9691860158553748,0.5633215930390408,1.045597595230611,0.5768102988316706,0.9694152295183361,-0.2886465040106926,0.09664893032716868,0.2886465040106926,-0.09664893032716868,-0.729448652866625,0.685143713843069,-0.6045020463675026,0.7610465116050276,-0.827086925196434,1.1419129378365378,-0.7341039751746085,1.376178386837693,-0.7734728991910633,1.072224959420326,-0.6965441339121161,1.2715384544050938,-0.6579978825304466,1.4165690898838321,-0.5712863724140896,1.1986742795470724,0.47855688035322186,0.6975436357629532,-0.33663019017806656,0.08529754880443653,-0.10271615568428265,excellent
-0.9722826642315048,0.3062621434609678,-0.9727218845479235,0.3667896264876749,-0.9693532081824342,0.36458889876237055,-0.9666843892839788,0.36211214503747313,-0.9850160976786313,0.40052557767776004,-0.9890876800484593,0.4190749660178711,-0.9935200552838572,0.43591047559867635,-0.9646018857413363,0.39601291323083415,-1.000510809144791,0.49019947339155073,-0.965484636897478,0.2788017815987255,-0.979091837411926,0.3460050260894508,-0.9292573701903735,0.4427522653888861,-1.0013051393742132,0.5077753007809599,-0.9197784229855854,-0.06420534845419863,-1.0242033168889737,-0.06031509167710135,-0.8854876671239293,-0.7885665765213069,-1.038655564656639,-0.8788229448177101,-0.8970851600491534,-0.7905501072372695,-1.0305532303725091,-0.8837905641949828,-0.9124516201094774,-0.7978214537480867,-1.0246855133079062,-0.8759528607585967,-0.9104580792796798,-0.7956329629074332,-1.0268432273767212,-0.8733743628030947,0.6125738288750302,-0.21975795159604117,-0.6125738288750302,0.21975795159604117,0.8725636496695554,-0.7283876742792008,0.8972133595838347,-0.8329006000121891,0.949113300551527,-0.5092984179015105,0.9699394546962932,-0.5909825892613295,0.9457085094376514,-0.34522558587671565,0.969743122210664,-0.3521161872644693,0.9589842353933755,-0.7215500225576819,0.9783714931000211,-0.7744677475747973,0.963058401789569,0.8173303090927876,-0.9254962405913709,-1.0622907838334623,1.6578123745122013,poor
-0.9732534884130963,0.15358391890758688,-0.9731646209269315,0.1930847393697184,-0.9714075031003475,0.18831928871469356,-0.9694729516597058,0.18602514684012617,-0.9804416616220694,0.23948807386566134,-0.9835660947818246,0.26585361160558857,-0.9871746024154932,0.2950754749125143,-0.9679913664471939,0.23807274239640688,-0.9945940370111692,0.3789121777674338,-0.9681406727376342,0.12267896558082683,-0.9777675347533744,0.19067505019642392,-0.9342365268992844,0.3394985441052337,-1.005648104628846,0.4131421658097142,-0.9283616419032358,-0.12920823467496514,-1.0489127602754287,-0.15696713207411556,-0.9254047636850882,-0.8325392087830792,-1.0437697775130361,-0.9332411670613975,-0.9257709535014279,-0.8475333045871408,-1.0351281786870619,-0.9360490135332545,-0.9408892109762915,-0.8602567205078461,-1.026838037641713,-0.9296735684994456,-0.9401973730970424,-0.8582736843285218,-1.028318719538879,-0.9286342587275628,0.9381171062695529,-0.14842212715145459,-0.9381171062695529,0.14842212715145459,0.8900230477934428,-0.8371203508998755,0.8862532810874607,-0.9562830330591064,0.9502023545041746,-0.6466599220412675,0.959727676700163,-0.7695499629302239,0.9495780209614793,-0.46939937830801726,0.9598201338731844,-0.5267800584199486,0.9561108238373479,-0.7822314017132452,0.9634082535041175,-0.8726384810440407,0.8696321083589021,0.674434504186931,-0.7411979033181447,-1.077462153752292,0.8726881839981386,good
-0.9729166312930374,0.3395652650616677,-0.9726146168157502,0.39426692432743354,-0.9696263236728817,0.38936336826964235,-0.96742232743542,0.3864397922085901,-0.981984426860435,0.4127312130422294,-0.9883736903769111,0.44955815861429393,-0.9926400441911681,0.4667583885280967,-0.9658247174400453,0.41634730176288476,-1.000691204062221,0.5211483623932024,-0.9645746578246329,0.3098681992237586,-0.9760890682431203,0.366994780451981,-0.928194712166668,0.46557158843983126,-1.0004104937093745,0.5331249451673779,-0.9110656588171956,-0.013663597158165123,-1.0275473262530415,-0.008015004526261749,-0.8862560708020625,-0.7585897155283913,-1.038562160857039,-0.8549122405500452,-0.8930724811814306,-0.7653536291693899,-1.033102207841472,-0.8634267939105637,-0.9099988325040533,-0.7697281329766499,-1.0283730897132046,-0.8534137176690069,-0.9093062392612021,-0.7693713097800826,-1.02954653396483,-0.8507422317432445,0.6057093797078967,-0.21297383883997134,-0.6057093797078967,0.21297383883997134,0.8749408604559491,-0.7229173349811262,0.8971286927629084,-0.8248241321097053,0.9500636288908489,-0.4858936023318002,0.969072986354897,-0.57549011554574,0.9451048158955973,-0.3233709230439634,0.968533129040061,-0.3438237530741001,0.9568552335439428,-0.6993526063465298,0.9774960270881322,-0.7619694192629813,0.9075806738955234,0.7829670588226508,-0.8998932431237116,-1.1060133716913692,1.6647310360583456,poor
-0.9974453781391082,0.1764120700957907,-1.0065381460781377,0.19793226009570297,-1.0016400312152445,0.2043050036682019,-0.999777988598665,0.18746169918159866,-1.0216645276458844,0.24328507036207905,-1.0250393660092647,0.27066942373635966,-1.027778782684423,0.3000663310723992,-0.9926606769450735,0.24882833052511366,-1.0209311192924997,0.3943902882230724,-0.987922993897938,0.1574694047784147,-0.9967978013979932,0.2216107641637444,-0.9412060413452796,0.41082780579612155,-1.0116219595193572,0.47456965594505984,-0.9929984735965185,0.04287449434704066,-1.013808197555358,0.031168097799827574,-0.9919236307489664,-0.7021624081141485,-1.0322011017405872,-0.8033368160173926,-0.9826845685045271,-0.6956314232389632,-1.0368011653841094,-0.8234141692390522,-0.9969359823208563,-0.7094069309380832,-1.0258957944614477,-0.8040241280498922,-1.001579370857302,-0.7158815212968784,-1.0236867160419612,-0.7993617220303993,0.768913075456483,-0.13953388559153462,-0.768913075456483,0.13953388559153462,0.8831676998451341,-0.6454895346172181,0.8946366805245358,-0.698611965590291,0.9583137135056414,-0.43620560227176686,0.9679757211007896,-0.5372934454971137,0.9595135388498781,-0.2964317306887437,0.9670085403206049,-0.3272619360484456,0.9635245095474718,-0.6393463378198163,0.9775885254270417,-0.7084814931306205,1.0169062786093963,0.9557324473104357,-0.9218056700958871,-0.8551673735020697,0.8136934859059933,excellent
-0.9635923723005723,0.27656947720340314,-0.9625062310708933,0.32743462226670655,-0.9594125755385395,0.31424797656190484,-0.9572116333394363,0.30930175077747707,-0.9710768847252538,0.3683909449550031,-0.9748777805554859,0.3912464979250118,-0.9791811509486542,0.41667214791264295,-0.9589102846797203,0.35785721078646304,-0.9956317620447214,0.466482938267601,-0.9579418522483233,0.24840832601332388,-0.9698284717304582,0.3105992926588203,-0.9302753978069795,0.40055001760098613,-1.0022113073174335,0.4701768383742827,-0.8895947923111454,-0.03717387462610893,-1.0458996631473878,-0.04156170863768925,-0.8610565450234914,-0.7389045304145115,-1.0734491980536927,-0.8259445966674145,-0.8481151217299594,-0.744392026007868,-1.0718838585971993,-0.8413820576849821,-0.8907297168480911,-0.7433227769206292,-1.0565793439400564,-0.8195647967149206,-0.8950460903436728,-0.7441217836848403,-1.056887797698276,-0.8142104484036001,0.9929915381662889,-0.15976660219614966,-0.9929915381662889,0.15976660219614966,0.89921320209861,-0.5431165217481428,0.8871868434273059,-0.6339876983532178,0.9596307397209581,-0.5354447376726221,0.9619672701867127,-0.582525494594358,0.959543105072344,-0.34721780516484113,0.9582033627502018,-0.4318674390848252,0.9746871055651414,-0.6646377081365992,0.9812134060446335,-0.760540684895286,0.8737510177913392,0.8148825671334714,-0.9199021654320124,-1.1879476028817872,1.402855481029087,poor
-0.9603895530019577,0.25927217131115,-0.9595791936002229,0.3164946458005862,-0.9579469413832936,0.3122623453773636,-0.9566612346493635,0.3097043291465698,-0.9705852063713969,0.3342279638294977,-0.9744158067861493,0.3591784261475323,-0.9785759724661938,0.3857979807479287,-0.9557806587349602,0.36481538678793196,-0.9853496765188478,0.45699682379751644,-0.9506595266750907,0.23521873669471322,-0.9660391104374458,0.29609828981288977,-0.92196219932089,0.4056556459331127,-0.9950107724484295,0.4753161068253724,-0.8936013970797371,-0.12132928060642363,-1.0254635993256596,-0.11419456418367327,-0.8676082896458591,-0.8151698718790009,-1.0329616215437567,-0.9003515642137353,-0.8784958289944065,-0.8142574793958387,-1.0263618053358814,-0.9022251528695181,-0.8974379673206639,-0.8195483645104654,-1.0202065883990534,-0.8941716317475228,-0.8963636903377441,-0.8189827030350327,-1.0217206835380581,-0.8929808581382106,0.6422281625587398,-0.1333517344880366,-0.6422281625587398,0.1333517344880366,0.8662216753533861,-0.7694919755741693,0.8918041212950253,-0.8794198284587735,0.9402637553098904,-0.5631055412084671,0.9624970282674722,-0.639869106587352,0.939328787702441,-0.3973889041822627,0.9613795957239422,-0.40906674669423426,0.9544037534102071,-0.7526614423907414,0.9723565387748898,-0.7997197245968746,0.8859283097647795,0.7392114571778478,-0.7617181494752449,-1.020412022254827,1.5851546756513832,poor
-1.010334199010296,0.3011869049354491,-1.0086963084611134,0.3497270538025948,-1.0063149193764378,0.34108590477391015,-1.0059291308528258,0.33221836016899403,-1.0218585219432854,0.3779499396058376,-1.0243855467305825,0.39585134838441816,-1.027058820399268,0.41693848191495675,-1.0040031966648448,0.3604876695585945,-1.0307592927725477,0.48740504623005554,-0.9978696926862262,0.2829909304864349,-1.0072423416905345,0.3365828315342445,-0.9627849298205204,0.4113450007571456,-1.0288830796396042,0.520764597901666,-0.9443548733331321,-0.06624597521575697,-1.0642850498082217,-0.05098617269171297,-0.9890008550204318,-0.8234734127449321,-1.0257917590817984,-0.9084669133775867,-0.9883289268674813,-0.8287468725492505,-1.025224908362404,-0.9167847066704158,-0.9943865113627678,-0.8394561067860884,-1.014961410872448,-0.911573240792204,-0.9964581720955904,-0.8385993577906444,-1.0121787158878106,-0.9102800755506771,0.7706301062643285,-0.2275955500761287,-0.7706301062643285,0.2275955500761287,0.9061481189664415,-0.7865592103880882,0.8970202524764035,-0.8734990844425115,0.9821834156978327,-0.5743859545610176,0.9738713713652994,-0.6396525099871632,0.9824441499118669,-0.4059618076457282,0.9731437573565511,-0.40236168526658894,0.9909299487644464,-0.7548454540890972,0.972684411006082,-0.8217680556580674,0.5183306418566969,0.5380678687811363,-0.7791484747357579,-1.0217343544866306,0.32261099182403924,excellent
1.5162986311855204,-0.81811940675679,1.508129036918177,-0.9050082474673973,1.5100104262961285,-0.8971156060657093,1.5123356245919555,-0.886003904690087,1.499914954444776,-0.9433295144551942,1.4971157679160159,-0.9636266948730423,1.4945496762731278,-0.9859098740285218,1.5246959386401602,-0.8751090204951063,1.4764481700041963,-1.0454494552630527,1.5239035625673578,-0.7421385608734299,1.5250632888544968,-0.79503688681616,1.4630713735347143,-1.2369594589351878,1.4927273149499143,-1.2074463198078873,1.3504674058230846,0.1179634780257742,1.49587094981236,-0.07770789194604702,1.6467269344531288,1.34143576810469,1.5591470142687556,1.5768383439833844,1.5298955868837536,1.3163904552492696,1.6157087830057233,1.6237854188360925,1.60834117237076,1.4124268109940388,1.604365569613016,1.5927956057676214,1.5835676031939507,1.3878564403961946,1.6012286578588621,1.5909611478613659,-1.4134013908325103,0.2694075379426856,1.4134013908325103,-0.2694075379426856,-1.5123351221596557,1.22703133530655,-1.417401925252646,1.5516050222986455,-1.578019148661323,0.15745128344438045,-1.6001687031818659,0.5486748548089609,-1.5698208506925704,-0.1600035994987088,-1.6100592091313957,0.15308648535735628,-1.629541128978518,0.4723429776616753,-1.654126503715885,1.0080309203183846,-0.12751267915845133,0.11149227937723664,0.9107060106636744,0.45089277174907316,-0.017735056256268072,poor
0.8028502675591399,0.31945643730078455,0.8087265035276816,0.23441165146629667,0.8092467906252632,0.23733909848869203,0.8106229322597348,0.24172711661308158,0.8104337529843725,0.20043084189812052,0.8123761500696015,0.1793742622177847,0.815934690179578,0.1573861427538417,0.8175836984583958,0.23007900601288706,0.8234212917634282,0.09986696736133523,0.7995502790591791,0.38442463945713284,0.8040865929892472,0.3203825260057015,0.8756073481172997,-0.1514189379006873,0.8931675124019565,0.21514479367472225,0.5175575856626877,-1.2981281771751443,0.5872883648106056,-1.1618006871904234,0.3823511442274666,-0.6141225976431877,0.6229128339537555,-0.0034630300523339906,0.35152506215863305,-0.5108360088242189,0.6665229859738647,0.03665490379289176,0.3818144282118471,-0.4383945408334979,0.6609778615056994,-0.041086154306395256,0.4125001431185011,-0.43879520310515546,0.6688703052326321,-0.058511478295230464,-0.5632329405725928,-2.0993080212138806,0.5632329405725928,2.0993080212138806,-0.8836002004043383,-0.7087098137098087,-0.8477867321485886,-0.023936694016815776,-0.9588416318489484,-1.068424351642219,-0.9491636716781998,-0.5411965514777545,-0.9905674313701182,-1.3514699395617675,-0.9619550573372349,-0.8601934876936792,-0.9504204484297492,-0.42233403294463867,-0.9918698044426211,0.024319390907891227,-1.2794283700229967,-1.4913195282901315,0.5577314306073925,2.1667073725215533,-1.4278500195646076,good
-0.9599448361084153,0.18111113706489845,-0.9636633690876568,0.23371525095308668,-0.9622873711842972,0.23203406857260186,-0.9605908485127344,0.23136247727110293,-0.9687686669587043,0.2715420723431622,-0.9734285598522668,0.2962704450915663,-0.9786781325673591,0.3237336653297816,-0.9615575513192168,0.30125895036601125,-0.993674731865378,0.4271391868450919,-0.9575194041849213,0.16589544947422022,-0.9669255419073687,0.22195898050851867,-0.9361588321883252,0.40398384730335707,-1.0072851114689407,0.4705836308519402,-0.8360434636758961,-0.21495214337990212,-1.0699134080867738,-0.20569844968376863,-0.8711224599743242,-0.866907603248161,-1.0468383105492591,-0.9428509447237929,-0.883348591803194,-0.8630314490294505,-1.0392843695995941,-0.9454717113296288,-0.9008322782300936,-0.8745631988275996,-1.0318665586289557,-0.9412748115040136,-0.8999155741798573,-0.8755121300875202,-1.0337119730319877,-0.9397257721279633,0.7185117993515938,-0.19568731939731868,-0.7185117993515938,0.19568731939731868,0.8790838460582142,-0.8217661028627457,0.8953172833437384,-0.9221323505887469,0.9505474464703919,-0.6502306774018595,0.9668525805984133,-0.7176597051935691,0.9531438573939766,-0.4603300964844412,0.965825215879819,-0.49760999834735953,0.9598236126731596,-0.8192861222043951,0.9743175399945077,-0.8610590957593517,0.26434264013320086,0.43148201960546223,-0.8389233391943618,-0.812946115089882,1.1601274442104736,poor
0.6092640599909984,0.07836848794280084,0.6161393273977378,0.025533701581711435,0.6141013976537497,0.027563735640731387,0.6125617557127924,0.027632921820518436,0.6251820477077326,-0.01829995148291843,0.6295382046622393,-0.04340286687609511,0.6342751691341724,-0.07292848920805545,0.6206311153942764,-0.048191926838858964,0.6436540576159917,-0.17891056697887578,0.6052195793163713,0.08353705048614128,0.6195634336583928,0.04050356489732341,0.5771758361336744,-0.23967765646548478,0.6524271208384631,-0.3991950220586508,0.40704197190351804,0.1354386889994887,0.6523957591016889,-0.11009866820526643,0.6017430735763578,0.4010193318232674,0.7297008280342351,0.6087640743688877,0.591120771044128,0.3495112729854099,0.7704813423505905,0.6158823343582195,0.633069471586639,0.35563341502411894,0.7635468078985166,0.5933869724490436,0.6443862273845534,0.3393604079083937,0.7534768283184975,0.6030375444900503,-0.8407651804206715,1.551148964299142,0.8407651804206715,-1.551148964299142,-0.6509663722575739,0.7514420835364377,-0.5899096737923226,0.6212166425216215,-0.750277934891526,0.7861093256872947,-0.6829509316090576,0.7872377343488062,-0.7543882411839751,0.7167911700423554,-0.7110870292880739,0.7966411405397198,-0.8125656687864977,0.7874637720855583,-0.7475179900157316,0.8970665829054849,-0.31973899771926356,0.00604428317764538,-0.31061411213758344,0.49776447076434865,-0.2218891309759518,poor
-0.9201702401284542,0.29523998249810757,-0.9198961230626446,0.31673578934448016,-0.9185490224815938,0.33530291577751203,-0.9168338342054414,0.33823737926082453,-0.9258259468512533,0.36306911956764787,-0.9289210380046138,0.38279537566805555,-0.9324907136616694,0.40491203937793707,-0.9143796508207992,0.3695525664837482,-0.941478036920714,0.455409876452462,-0.9182417384185242,0.2640541617839053,-0.9260981163581615,0.3147269245285515,-0.882142192824651,0.4336995836665593,-0.9571767224078142,0.4479777296177725,-0.8655804518910202,0.02842784621947668,-0.9905824197131763,-0.022975769781249482,-0.8647910439139808,-0.7131478033545903,-1.002610718776128,-0.8355500955151086,-0.8596109863372741,-0.72483274532945,-0.9993188307702415,-0.8454671241508055,-0.8817655954978472,-0.7359311114250668,-0.9868963165853669,-0.83967130303685,-0.8865149317041389,-0.7353292838021815,-0.9854702686392428,-0.8357254096367438,0.89657322407823,-0.10473329587208202,-0.89657322407823,0.10473329587208202,0.8514935045561395,-0.6387213967648537,0.8796162693551615,-0.7805172681862507,0.9296281530802925,-0.5146230578110759,0.9425441144917586,-0.6197943971003234,0.931920911352098,-0.3537472513166634,0.94116274959985,-0.40391801110761005,0.941885763400577,-0.6864901121741089,0.9505997635281109,-0.7445847223225566,0.967647646458858,0.7226406530119943,-0.8394478752895306,-0.7165599897950086,1.0215876098498913,good
1.2104467651635398,-1.0368276492189752,1.1964318892919885,-1.078153331815913,1.1985238428491976,-1.0700496379894142,1.2002644365703112,-1.0650299086801214,1.1814643649948036,-1.1211252628090786,1.1732845910306702,-1.139245236483684,1.1607191104022487,-1.1691930251632112,1.190126222308019,-1.0595308515406583,1.1434208615078092,-1.214964818650895,1.2257579281150814,-0.9455169497969688,1.1977393062289594,-1.0744108802171384,1.1932270596928365,-0.9529150427954985,1.146777519822076,-1.1215597560268638,1.1504203125511214,0.1956002067393689,1.1197743692175133,0.3729754785894921,1.191441692746203,1.1586381413807294,1.1046649011469132,1.4001819303716725,1.2518269661666126,1.1501222482829716,1.1407421408119172,1.3819076455849426,1.2468575674104492,1.1696488706339752,1.1378066722437887,1.376559339743195,1.220415855895733,1.1467875032682882,1.1487757275513364,1.374387153621664,0.13225169473134796,1.5459845176186748,-0.13225169473134796,-1.5459845176186748,-1.2119084047494737,1.2085645356249721,-1.2028139236519062,1.1156974127290533,-1.3167996032359348,0.9909029711713668,-1.3807561436224711,1.4044793477896271,-1.3240018810325314,0.8891238405007527,-1.445293363894916,1.1883313577529449,-1.3846563980269169,1.2610290307107472,-1.427673432585564,1.9241609237636799,0.049554261922826845,0.2598850127699552,0.3312575249661819,0.8278539303374807,0.20324026365504436,good
0.9646110185451133,-1.150070996331973,0.9537802171424241,-1.1324572991246036,0.9516598861295208,-1.1333071178717435,0.9491428447566629,-1.1354539545417588,0.957610411898687,-1.125881898452916,0.9588831990572644,-1.1230443787296693,0.9602736835637673,-1.1216471924819558,0.9268825912570049,-1.1437350394129022,0.9415149112906208,-1.1552611861410986,0.9676106905482108,-1.1632676974318386,0.9700533461093893,-1.168407947855861,0.8704525502116331,-1.174890802003889,0.9599906292788366,-1.209856619884456,0.8807407785472808,0.09762002695925719,1.0688325448839653,-0.0552716856636181,1.1369395640330153,1.0396732022102688,1.0978647237073749,0.971020561066035,1.0904221072405147,1.033703398181102,1.087522487143721,0.9824965865878925,1.0881965192859848,1.073040508787161,1.0851069007595822,0.988658269230492,1.0923331534598506,1.0783395436453989,1.078378148161353,0.9880482560249447,-1.6343291053349798,0.061818733145088574,1.6343291053349798,-0.061818733145088574,-1.0285331953000734,0.8684788586081175,-0.9616049354905382,0.8863099842583937,-1.1798364352065547,0.8109696894609709,-1.1506723419741647,1.009239616446222,-1.1992343082552217,0.6207131698968864,-1.205625749089064,0.7081429322437393,-1.2038600526618704,1.0289541869092271,-1.1593907790575666,1.1648438511942658,0.11797906263815255,0.3218559908768966,1.0894698387274904,0.17121621148382862,0.5333864762830788,good
-0.9843143451823868,0.2203695078580259,-0.9848170727345329,0.2688964108121111,-0.9817957799859952,0.2527305103028805,-0.9797083013588342,0.24230837417699314,-0.9962485299901734,0.3158743107631744,-1.0001146973547255,0.33112733326698823,-1.0042115466775152,0.3521967558769169,-0.9787176128992906,0.2739080125889498,-1.0108107804740896,0.41262653569020336,-0.9741171146481582,0.1761194466897362,-0.9883521846853993,0.2525004018052131,-0.9407672919445825,0.35309181728239886,-1.0112118155121503,0.41733649292859104,-0.9983547153029579,-0.049783428343883294,-0.9970006191061416,-0.10207913227534125,-0.9853771886959101,-0.760609158190872,-1.00783397362135,-0.8633139753334617,-0.9803676060643455,-0.7649472299097617,-1.0099939785373035,-0.8719693708590286,-0.994895561076909,-0.7770331009089453,-0.9968081377730046,-0.8660639182776877,-0.9992138709362742,-0.7805422372534296,-0.9912100871368752,-0.863820096776765,0.6988590193851076,-0.16199801809496328,-0.6988590193851076,0.16199801809496328,0.8950799077288414,-0.722316347777958,0.8952614846795862,-0.8035300404117506,0.9658526973133944,-0.5231857159289649,0.9738724476785289,-0.6127487267234263,0.9638608186223786,-0.37140258335442133,0.9763384058196274,-0.39178422508617927,0.9777313193103333,-0.6830950477485432,0.9834294736965575,-0.7715191461125267,1.078349152916552,0.9379095225282665,-0.7783504671179808,-1.1489246604888022,1.1032773514222902,excellent
0.17994953739822703,0.2241137906387511,0.17322663297833762,0.24249963854471904,0.17112008524490938,0.25911493613567604,0.16893311610863035,0.2748493430542934,0.17772458601529645,0.19130455745443287,0.17884773459794945,0.17308888479566373,0.18016788703257047,0.1566785986906188,0.16495868927840293,0.29615852822732747,0.18563805588932544,0.15370730795993054,0.17401385199364688,0.2709564873918444,0.176207503022477,0.20184730015958188,0.14355978282231407,0.4770153609784943,0.20021007217921313,0.23438995536076643,0.45642958963421887,1.4118216642946515,0.4247079131967705,1.736522793638808,0.3424026055382809,0.9476926226012111,0.351484635431969,0.8118546937666262,0.35394647258424594,0.8980735624344027,0.35043142756337353,0.7730905546993133,0.3449865689916706,0.8865035566765711,0.3379414736334801,0.7980468974753203,0.3310691801401146,0.8827722014761884,0.33960897979720645,0.8025407710164276,0.27311564683578265,1.7468117961990401,-0.27311564683578265,-1.7468117961990401,-0.09639949263104595,1.153228664694136,-0.11405754093994444,0.6991160411376972,-0.16376613721387884,0.6596233617301641,-0.1675543868655457,0.09766716697340677,-0.16026684413442818,0.5313137814704479,-0.1653841629437703,-0.03506567350512061,-0.2365560091550794,0.40321617218034106,-0.23050552498580854,0.10476405543455787,0.697842084006434,0.6355477416758837,-0.4424941427492897,-0.1841017818150939,0.4895510725452438,poor
-0.9737288267475632,0.3642918645861158,-0.9728089984865993,0.4097577298077532,-0.9695354703202951,0.4028343893560166,-0.9666186772339778,0.39138097440964353,-0.9844170747115045,0.4482303006986271,-0.9881891559249375,0.46606071960085116,-0.9923817380752458,0.48298533595524934,-0.9634736053371409,0.4117737506326967,-1.0020671490973527,0.5210294623622631,-0.9635231612916412,0.3181785448980161,-0.9772043326871146,0.3891812678838028,-0.9305584239479223,0.4684052916537921,-1.0024619319030383,0.5383691171553306,-0.911480817725626,-0.007850971874732708,-1.0313918500919275,0.01881759765174367,-0.8824078037776248,-0.7483174947523,-1.038723509285333,-0.8466799109606894,-0.8956642164050522,-0.751683474758921,-1.0293814802996193,-0.8542836429739841,-0.9147824672953023,-0.7631049989261216,-1.0235685210358496,-0.8484026939144491,-0.9125339048319017,-0.7617459124824761,-1.0259532542252605,-0.8457680095095256,0.6038108331674131,-0.21987288268776847,-0.6038108331674131,0.21987288268776847,0.8764003560154751,-0.7143135993381634,0.9007324700147774,-0.8079279652436971,0.9504747493195803,-0.47749777839164703,0.9704289690507343,-0.5615683944711439,0.9456153983511318,-0.30545888701431734,0.9702466790606729,-0.32583131489567263,0.9595328940514251,-0.6900634741453238,0.977575512000315,-0.7497092416928565,0.9102551132088214,0.768291448099133,-0.9063577199943882,-0.9856350332542637,1.7123442368625033,poor
-0.9834793538004579,0.19202463143226053,-0.982670942270274,0.23744195940516755,-0.9776053478303655,0.23340490478970258,-0.9739428261457884,0.23114835876068254,-0.991092231055353,0.27853089803073366,-0.9928622597044947,0.30238520717916695,-0.9954991973598774,0.32778069960653977,-0.9674350836569477,0.3026180047282083,-0.99456794239193,0.4145768280979273,-0.9697031386435926,0.19045847578796773,-0.9836654513459084,0.24097666437377502,-0.9198732850105259,0.44470637666393875,-0.9918979090853395,0.4796315474391957,-0.9554490226373362,0.06280289382643252,-1.0025412257061423,0.027239589171121174,-0.9776154033462179,-0.7204074558947409,-1.0034867790257747,-0.8282512260211513,-0.9778431779345318,-0.7265092672128565,-1.0023001907022082,-0.8337394482047062,-0.989396467569213,-0.7409585050598907,-0.9916487573749464,-0.8276387507583005,-0.992004851878334,-0.7403474229797388,-0.9888926943701318,-0.8253938533346661,0.8055123945485293,-0.04781033194438361,-0.8055123945485293,0.04781033194438361,0.8543703164553205,-0.5955488948986931,0.8743617990914344,-0.7087334496241984,0.939186346462217,-0.549369103459986,0.9515655237889541,-0.6229390287345523,0.9429086441277923,-0.3936192894330441,0.9515309515660397,-0.41817096980015356,0.9465635135214626,-0.7057435496451874,0.9625068341135435,-0.7820602033670637,0.9247096977226524,0.8110834227073942,-0.6986698247842463,-0.7240371915944747,0.8951538769680614,excellent
-0.25279340818602786,0.9480630732453712,-0.24842651139437727,0.9132379588181879,-0.25178066721598763,0.8995889820966552,-0.2546519095222842,0.8844115961263906,-0.23416309977698535,0.9376722269050278,-0.22721996183023155,0.9418440102051688,-0.21935959811925418,0.9453306518145163,-0.2569809363772156,0.8381152832738687,-0.2003639408378281,0.9293083787403301,-0.25824289592935945,0.9470179186630877,-0.24056552928266417,0.9728598859346674,-0.2799462006636468,0.5576546627882147,-0.14657482702258992,0.9259403829502947,-0.4288440495625496,-0.9306025448384466,-0.21574582307094742,-0.6862841661531908,-0.4942161698509127,-0.9835642416895721,-0.27483057774982705,-0.754579061786082,-0.5216671737271651,-0.9474647394509919,-0.29302590856268046,-0.7316253250546134,-0.49439352958021804,-0.9387359868335345,-0.28742953039036173,-0.7538283078064701,-0.46812945100853753,-0.9367488201571292,-0.27719001768637347,-0.7676485325753826,-0.46776769156845904,-0.9279500615624073,0.46776769156845904,0.9279500615624073,0.15386098053877711,-0.9540126214192582,0.2517434628388739,-0.7554701913438463,0.17552424751346402,-0.8200166186222211,0.20325488975824563,-0.7155474910968502,0.18309944765269445,-0.811171187696457,0.2170974026801739,-0.7300901955000072,0.18621110182808157,-0.5799692375039307,0.24711703655708922,-0.5792222345272067,-2.499068215505225,-2.5213440189641187,-0.8331463420299129,1.5148064933590908,-2.263645309788833,excellent
-0.9719744148260971,0.20970237500138553,-0.9719476277442186,0.25000758653920524,-0.970715094761532,0.2442214581726018,-0.9680347286143769,0.2454416306743811,-0.9811029001893987,0.28599220502395356,-0.9847918880063398,0.3128494931635009,-0.9881589798236174,0.3407652197459444,-0.9661075031170878,0.30053175511736535,-0.9950766248165299,0.40844172046587135,-0.9647734543133624,0.18595707273921208,-0.9768018152154879,0.25363806209647016,-0.9325959239812477,0.36002336415631625,-1.0041692857717774,0.426055295791206,-0.9321277215674647,-0.07883991561954877,-1.0404279767956395,-0.11312171541225022,-0.9227366085267322,-0.7996908962962813,-1.0380625801054058,-0.8998535875502514,-0.924446417310796,-0.8092633420750847,-1.0309148378266846,-0.9079408163549133,-0.9394690910555228,-0.8233416242072276,-1.0220659696551766,-0.90054622969633,-0.9387379805065927,-0.8217243916563742,-1.022294763218126,-0.8977648608222885,0.9115449408640119,-0.18180023470428106,-0.9115449408640119,0.18180023470428106,0.8849889168693168,-0.7894574681365173,0.8839745454060232,-0.8968950991450074,0.955760520762676,-0.5799414587303382,0.9619576411553412,-0.7312839922041705,0.9519401284636954,-0.40800447533310896,0.9615526143952252,-0.5119050370434035,0.9622296324234659,-0.7927714361237995,0.9692386939427755,-0.8489113504569515,0.9206270708265317,0.718861591368095,-0.885574824535374,-1.1252586717061304,1.0247514317904147,good
-0.0908165820428186,1.099495843090829,-0.07935058893706674,1.0408758920804224,-0.08288434437791682,1.0306699997636393,-0.08588051626280956,1.0190635543355524,-0.0643109866348779,1.0496726113693626,-0.05687778033743049,1.0462892451854469,-0.04845208405500981,1.0397660921739211,-0.0867248108270338,0.9414592585428065,-0.02840162974251914,0.9863577983340415,-0.09693574162459373,1.1041061746853753,-0.07733663442163147,1.1118700115408515,-0.10333799136164605,0.6029091681603429,0.009939462726025661,0.9674890354906672,-0.27427631727027546,-0.9006597193405518,-0.10380603188028736,-0.6445467023874873,-0.36289937008174283,-0.8974803112093043,-0.14273394700955763,-0.5999516392119761,-0.3714526948713522,-0.8765133901266113,-0.1519038128459567,-0.5667998823212653,-0.33085498333461044,-0.8746004767794535,-0.14855453229927038,-0.5896136141336913,-0.3159831788611049,-0.875401691000175,-0.14370161023249284,-0.6059869167590549,-0.3509727420961105,-1.1739449451016801,0.3509727420961105,1.1739449451016801,-0.027938132931567182,-0.8764110190616675,0.07495513139612676,-0.5948617050209313,-0.0007840075761425964,-0.8448329034081709,0.019723819518807147,-0.6095517013698867,0.0054250688328781995,-0.9186508049448953,0.043276368537108464,-0.6849565170134909,0.05420736522071857,-0.4367288216045946,0.09315376235103388,-0.37966139346653016,-2.3733729877996326,-2.43260279002786,-0.8408610133295965,1.5196254702999559,-2.2467388580565086,excellent
-0.08378589184540154,0.35838139470980684,-0.09647651111212921,0.36630019057537866,-0.10064984186971879,0.37335161419904517,-0.10483966368589272,0.3803720630683479,-0.08622380770098811,0.3533857818109512,-0.08311459214641674,0.3516144511766354,-0.07959951261852555,0.3522453455120029,-0.11201816944945359,0.3766705108535525,-0.07512903521494886,0.35744679636190396,-0.088137174794813,0.37763889852925825,-0.0778182773494399,0.36907176032936345,-0.15936468027938255,0.6287266550146585,-0.07931835074060405,0.37473554172769263,0.08139946550174883,1.2071297467456343,0.14133419730425148,1.1685994714291053,0.031670243002197195,0.49671512303255105,0.09102533657427692,0.3087603799777564,0.04906713722888553,0.47980214538200344,0.08763494484544375,0.282336134128024,0.04827367717825086,0.4698338395768947,0.06489820145282274,0.2967480032389634,0.0362849931257455,0.46822568907392836,0.06211159387806731,0.3089972743509907,-0.2823434179538963,1.3798422514085773,0.2823434179538963,-1.3798422514085773,0.09736204111392335,0.26663017100005487,0.14530086832923234,0.2020179040720167,0.07016486976780938,0.6514801709534757,0.12904398792393068,0.5552523312676684,0.059746028106142324,0.7705931126981612,0.11261609547892526,0.6887918103240314,0.0634349675804383,0.532981816200381,0.1198931843384467,0.44146381798307577,0.7154508429647056,0.6617048649965593,0.5791763442296277,-0.5514187874840596,0.5149871422147,good
1.9095278293638145,1.9129467293649336,1.9584277666356318,1.817994854128757,1.9611031243861563,1.8760663349206999,1.965029628786391,1.9295660409333772,1.9728093866422065,1.5254866350352514,1.9880985029130165,1.3847910890302169,2.0080120654728364,1.253658882269986,2.010611404815429,1.7612576598158065,2.0901701231142145,1.0272994694750897,1.8862157035015543,2.1208896278789897,1.9062905801033296,1.7215530281459108,2.2290681763345486,0.5995387700049236,2.01975020722768,0.9700342208665246,1.6262856861407335,-2.398719237201149,1.2810783808703228,-2.1329449415997037,0.9223345108372688,-0.3427210707633092,1.414680581543831,0.6968226667068389,1.0822406679542935,-0.26515766717731115,1.3659576472192994,0.814667702475337,0.9899103783018511,-0.0036677592520561737,1.465206054752663,0.768326396352381,1.0181639876965993,-0.027045523956094334,1.5020856772397457,0.7130684779941472,0.5243442847908476,-3.238693639024907,-0.5243442847908476,3.238693639024907,-2.0318693026741443,-0.518415781274317,-2.0048273297147237,0.7070885633293187,-2.192295570004271,-0.20742746836824016,-2.2639454110799098,0.402007473623249,-2.159859209958265,-1.1734765897269912,-2.2082437615891353,-0.2235403492008638,-2.085101394009421,1.2494441228121802,-2.108879100599277,1.2110876977200358,-2.090712838900371,-2.343024335384168,-0.5190581407966519,1.9626458993797133,-2.2743597210359705,excellent
1.0655355856055466,-0.7429423351365808,1.0693958494888907,-0.7970396735822655,1.068552324613519,-0.796795205512601,1.0676665034321635,-0.7996438281712807,1.0709872704567134,-0.8383299975122825,1.0708228926681727,-0.8650390745876672,1.070226866052388,-0.8969219521267066,1.0679651119347333,-0.8878140049837107,1.0640491172061963,-1.001678682369363,1.0639924657829511,-0.7730520674367423,1.07137948521922,-0.8457832193976355,1.06509255291983,-0.9967350711270292,1.0831296007804778,-1.1181783627399917,1.1412336458148635,0.13413804212070046,1.098505196203572,-0.18068141418136932,1.2934306720309345,1.1754598478971428,1.0958600865064074,1.068247601259794,1.3009116958236222,1.222254505086551,1.0765941768655425,1.0607918107132863,1.27073815747188,1.199646223085286,1.0809775010521132,1.0938564299491325,1.2651791704857789,1.2013494183741393,1.0911448730131246,1.0977473240715534,-1.4830542595250873,-0.3171560731525974,1.4830542595250873,0.3171560731525974,-1.0139826157535112,0.5877458716334348,-0.9775096300372604,0.9546381050445275,-1.0293181609104836,0.31106575853548524,-1.00990078037816,0.02558583121257159,-1.0272720927783394,0.16000515319030464,-1.0224648137142138,-0.3240560994262924,-1.0070569270860101,0.33715715158941373,-1.0215827006202165,0.2615169097866438,0.096426801016394,0.21012181013188594,1.0487140187321176,0.44864639545842055,0.205212513706318,poor
-0.9564277186266524,0.308458107508834,-0.9574018787806219,0.3388910853175508,-0.9553938668250982,0.3352324688782324,-0.9542516655995632,0.3335127065693266,-0.9663300739954769,0.38258898004002423,-0.9716928752534437,0.4081264005272488,-0.9767147648716529,0.4351043902123389,-0.9559693478811067,0.40892974287658823,-0.9890406845603683,0.5272838150691306,-0.9534921882810455,0.3276460646018485,-0.9634823723176621,0.3876138137316323,-0.9325928232869864,0.5225577278040936,-1.004127115454943,0.5996317424728282,-0.8389372083688589,-0.3557988134624491,-1.1017365231221632,-0.39116040171268246,-0.9039912322307048,-0.9888289784987419,-1.0486515484900745,-1.061065850993703,-0.9048532090589483,-0.9987894473162825,-1.0381598522896684,-1.0564036052451378,-0.9225536293545951,-1.0093906624335838,-1.0323025596343158,-1.0579236942231212,-0.9222575467537665,-1.006078653553547,-1.035281176898769,-1.058293482470796,0.9231139819577292,-0.21969040162449496,-0.9231139819577292,0.21969040162449496,0.9376017703721415,-1.0067745993789996,0.884968808167677,-1.0809181634203473,1.0131136887791243,-0.8752983202675689,0.9557015740562571,-0.9649905850089241,1.0056926544946563,-0.7338888895088466,0.9578994540106119,-0.7639834899771786,1.020697846762298,-0.9600258789605998,0.9631322744575748,-1.012362117889577,-0.8616317041978708,-0.98119133210415,0.03294073774703942,-1.1671157366527758,-0.9805093066041771,good
0.6420683539716244,-0.33378067829617125,0.6259254224799249,-0.3798436280641627,0.6208464719011643,-0.3686297912072385,0.6152990332245479,-0.36285521885540745,0.6362591215131818,-0.3946569005685964,0.6392444801236028,-0.39164254863186215,0.6419381978273119,-0.39278847466323713,0.6010105696747021,-0.37729138547499647,0.6401833315979669,-0.3815465240901095,0.6304215692568785,-0.30904719096623773,0.6438530287184753,-0.32893391251142956,0.6000517735048578,-0.17575660199120532,0.6476638002637648,-0.3620835187086072,0.9646712020066425,1.1016646574708606,0.8879762490860783,1.101743106204118,0.9949371003649945,1.2162996000737327,0.8473012692544937,1.106059248566608,1.0184513067253624,1.2343325870000819,0.8162656087602977,1.085817149859644,0.9707186034748991,1.2289507631873413,0.8025392746919805,1.1232207102724876,0.9701082206588248,1.2647536105474069,0.8018317100028552,1.1449133937559492,0.03620644507547314,2.0462107913789227,-0.03620644507547314,-2.0462107913789227,-0.0336887913857804,2.1600148136946156,-0.25897361889230597,0.8454707203779737,-0.22085856196801643,1.9964085367325857,-0.37201362425659945,1.4729600799077762,-0.35158360461056803,1.9634374062077595,-0.380765585781676,1.5385779345612567,-0.3606073060529362,1.3737278580925187,-0.46439332967861496,1.1768091040064017,0.453372202809812,0.5045415122000113,0.09456801216542123,-0.26285590665958647,0.5410236167105166,good
1.7594291234539627,-0.4249996184414348,1.7839424649788074,-0.44287038654446215,1.7853637385093946,-0.4274304301780868,1.7878333706043539,-0.4108021784078992,1.7928046501659611,-0.5350510587427608,1.8009585407773772,-0.5888609440695316,1.8104347753058265,-0.6448928895079631,1.8267114591072044,-0.44779936461398384,1.8358072209941976,-0.8277788577623846,1.7577298545311735,-0.39335021752710275,1.7652642797238132,-0.5177569651916527,1.9357217577269865,-1.2985944026878413,1.913018123057231,-1.1369374548335414,1.530514998302503,-2.780274945233379,1.6296803780964015,-2.8879615115150434,1.4039820831360172,-0.4929873764042539,1.6841084586732904,0.4624695990023943,1.5564894182006324,-0.008539945748174191,1.6384451037431784,0.5162304879621784,1.5782990890430029,0.0532715534983859,1.6568997296342105,0.45983795802237964,1.5843766313632959,0.06176060766297246,1.6913352781567292,0.4438711703691522,-0.5933123743756175,-2.457778394085023,0.5933123743756175,2.457778394085023,-1.7648592580960192,-0.40184060426639756,-1.8140685896346138,0.5391033751279065,-1.8669666421920739,-1.303169794035477,-1.9407083860480319,-0.7738086664109118,-1.8713039613329256,-1.8893251934897795,-1.9367988914848844,-1.6581270555860477,-1.9825984513694535,-0.6525958345113634,-2.101781141697989,-0.006680742743641492,-1.2178610367241904,-1.1165057973139871,1.6807436838918666,1.7124511875899635,-1.1078362639846604,good
-0.012498772443877156,0.6015419083563993,-0.011682341593445283,0.5841862062933598,-0.015712336076099866,0.5822247837886351,-0.019345452754146557,0.5765321050494701,0.0017492092542589527,0.5634352150283285,0.007418871513355097,0.5524638635573947,0.013628054665728261,0.5389968489473697,-0.02023414011354623,0.4954218482536731,0.02814027612313499,0.47686516675853274,-0.030528477142408816,0.5837909269532195,-0.018069340611055366,0.5633098519276465,-0.03502870720455258,0.6718920971584771,0.020857912674211335,0.41445932108865513,0.3705871338211428,1.5435712756715518,0.32223929931129053,1.35109478712899,0.4707665332384323,0.7137306898836918,0.3746805015228787,0.42643726948593325,0.4457510126949959,0.7004615768249451,0.34465864647875516,0.4196907453682681,0.4182896084075214,0.6547236337222535,0.31826150495557654,0.42111915475427675,0.42578037478366954,0.6472771643858403,0.32873702514773645,0.42448611068908204,2.2993015028729715,1.4573185341372963,-2.2993015028729715,-1.4573185341372963,0.9753495697974157,1.6528670725479746,0.5056592701496309,1.5414175005894113,0.5358065759823251,1.172723786006687,0.3920251852552216,1.0518863397209803,0.5171887538527397,0.9297428683007791,0.4148263858554362,0.977013998179611,0.4349722997451336,0.6247375966005085,0.249212082826037,0.5982294312751376,0.5919037758497439,0.5617523826009854,2.297555330747064,-0.6892202962886445,0.1810791927829814,poor
-0.9739482318328342,0.3433604616464361,-0.9736254976951247,0.38645649717065533,-0.9708540220749604,0.37835620906448153,-0.9681034563257238,0.3701123497497074,-0.9827415884733876,0.4284367680088014,-0.9863094498711383,0.4471856426485719,-0.9902497689455482,0.4638841030701312,-0.965011857258548,0.40914903399250135,-1.000270428950034,0.5109879808010828,-0.9665614979501014,0.29582758029797973,-0.9774352145486302,0.3671808854482743,-0.9347470682902803,0.44728570823266117,-1.0058825485872174,0.5316477257878797,-0.9370195198072149,-0.03906071803846612,-1.0202469739249762,-0.038263981168137666,-0.8948007874239788,-0.7787154094860892,-1.0415308087260422,-0.8716065835812715,-0.9057331301221271,-0.7824532602896772,-1.0334638371283873,-0.8791639861890379,-0.9192411643937661,-0.7924379007182435,-1.0269541110978588,-0.8699124531998096,-0.9174425202056015,-0.7887738120943014,-1.027986917433477,-0.865253719122234,0.6804249393021713,-0.2438776240008619,-0.6804249393021713,0.2438776240008619,0.8721277178881314,-0.7174821950034977,0.8938491956024273,-0.8155605046352917,0.9481118095838249,-0.499500101501123,0.9673188875772728,-0.588018469078788,0.9449034878500513,-0.3314539527504432,0.9671888240039146,-0.3497269391376237,0.9599324891687829,-0.7263267298164272,0.9767723429285097,-0.7780076085885695,1.0278202048522598,0.8926450306769895,-0.8423128033212607,-1.0314048533163458,1.6390121563686597,poor
2.1962426976130414,-0.6526141253344258,2.2210969764316624,-0.7290814729049256,2.225103154672098,-0.7206545219469483,2.2300415356649625,-0.7129898024593788,2.223234355699146,-0.8470155341194013,2.2291001780276622,-0.918649857342296,2.235851298385236,-0.9978653992700415,2.2659282653533235,-0.8292719137593048,2.252431322645746,-1.2143184946387753,2.1979748551090657,-0.6307489124875871,2.2015249514674733,-0.7576916023818813,2.384188898939689,-1.4948010551726465,2.284842988867948,-1.4783041823596512,1.860665343291953,-2.712229435014522,1.8449189567477027,-3.1703372268171965,1.9553071206610977,0.31085312236919166,2.149531136838342,0.7761609010239314,1.9047505002809717,0.3116599492825133,2.1068767404901854,0.8783530595783335,1.9536046911909277,0.3099188712229942,2.1228696145709436,0.8413957560471794,2.0010635033169297,0.3296787756870477,2.152033228887929,0.8070216983189271,-0.6002842789157783,-2.6780661697011525,0.6002842789157783,2.6780661697011525,-2.1220703967139665,-0.25968827907006403,-2.1738619258041925,0.6976150736503569,-2.412981131427802,-1.1583302055918718,-2.39430976168541,-0.4506858399224467,-2.4348115585361048,-1.8005431424071179,-2.4007736329669034,-1.339243977040229,-2.533882659000883,-0.21960468654668502,-2.5909331328546075,0.5362982973239456,-1.1963190357202178,-1.1357996914900472,1.5722830118262585,1.4748505957905467,-0.8868209552643597,good
-0.9745469233093498,0.2390734271826123,-0.9748148861061019,0.280671288349984,-0.9723711819463522,0.27765758551747793,-0.9698258236257536,0.26566949908388854,-0.9851939952637132,0.32442241833944957,-0.9896827933540236,0.347603530379912,-0.9944398886128929,0.3711645348270292,-0.9666617429571099,0.31928939393345396,-1.0042716041839994,0.4453322100924977,-0.9676951437655548,0.21393228827536945,-0.980518788461166,0.2874395035030627,-0.9386573580450993,0.44465780841226216,-1.0094268788476346,0.5079573479027509,-0.9596600879742382,0.042653238330670924,-1.03139027728187,0.006868195576980745,-0.9395285635963577,-0.720784548710195,-1.0439858046783292,-0.8339458028585959,-0.9344298020159921,-0.730445376364185,-1.0370553449996796,-0.8448170858072077,-0.9507644188003839,-0.7494657063069585,-1.028554164725194,-0.838873767839785,-0.9555280552860773,-0.7492864978289112,-1.027959943308483,-0.8353667943020343,0.8872467492131595,-0.2215299343324627,-0.8872467492131595,0.2215299343324627,0.8846607976701193,-0.7007231769254544,0.8905562383326658,-0.7874039567639364,0.9549470237814086,-0.45478034542568596,0.9651739905028985,-0.5633402621831256,0.9512758818964836,-0.31477377066002477,0.9656639340855367,-0.34423967057754157,0.9663812502428302,-0.651175616312345,0.9712667826082887,-0.7303254576004508,1.0057126951000332,0.8452404131490839,-0.8725877548728179,-1.0616154761627814,1.0491602173425418,good
0.4738504475830529,0.5565789111813031,0.48867511095322996,0.45452953630841997,0.4861423225046084,0.4363277528814189,0.4853629644466663,0.4165645469469448,0.5074849427232412,0.4651152448949021,0.5192690655315325,0.46015064530529526,0.5338836172062282,0.4547819768768834,0.49107919788191823,0.3251532157384326,0.562946352458287,0.3547650065672031,0.4631617957858697,0.5271550550449913,0.4920134387047039,0.5339321149704593,0.4505838182132361,0.15659866488708374,0.6214922954851849,0.31109201194022046,-0.007521935013426886,-0.2020055337109442,0.3709690935936346,-0.16605155032888796,-0.0074895778754775775,0.20671567226723528,0.30509481105483593,0.32434273199958674,0.0079689143116492,0.1490961681758554,0.3122325965348382,0.31988638393096197,0.043155096527340266,0.11559897830071923,0.31926165652180954,0.3028855838888166,0.056251106138182884,0.15038134278039075,0.32673583803034234,0.3004957822752778,-1.4314372045047525,-0.2640510974478154,1.4314372045047525,0.2640510974478154,-0.6672143768692805,-0.014679724079529966,-0.514675860714503,0.18188466371837742,-0.6690385822667945,0.2237127590725658,-0.6247327914096206,0.4964927028086342,-0.6533759036348736,0.11241913036989333,-0.6171365831125933,0.3153919768219954,-0.5982605161842057,0.759114227744654,-0.538778499179892,0.7305100767944602,-0.8088840362219304,-0.7390825820104275,-0.9208071851305125,1.66846436574961,-1.125891086744719,excellent
0.5436352250567317,-1.005513687553032,0.5347712822237668,-0.9881011190200877,0.5370810723717453,-0.9795933637618773,0.539024063235616,-0.9677617965997253,0.5195280680566291,-1.0079714941580045,0.5094092640153061,-1.0156406950221573,0.4974899997525959,-1.0207498472239465,0.5364441786884271,-0.9184193835371773,0.47672919893481164,-0.981503631450824,0.5564084689454728,-0.9708480899060883,0.5344493810678519,-1.0023660945889579,0.5693756042697515,-0.8262922228257141,0.5111365280322031,-1.0308130402156486,0.15813736006901713,-1.4301949031666275,0.18278266939973098,-1.5874103847065781,-0.02276914181786836,-0.6873821985027094,0.30953601476225323,-0.157840975546832,-0.13139804997930846,-0.4886051046865321,0.3135555405364606,-0.11087602945423652,-0.06925030863246674,-0.45553712472047647,0.35811858161086774,-0.16190211264189208,-0.0375530260955215,-0.526961441665945,0.3562735784910653,-0.17504668121134215,-0.7064766378426159,-0.24139924931279616,0.7064766378426159,0.24139924931279616,-0.579785625894741,-0.45117421059648793,-0.5694770383521214,-0.10696351996545868,-0.5271259569294425,-0.5984046981210347,-0.492077675495861,-0.42357971046921883,-0.5201989567711569,-0.8380406118638244,-0.4982785287779514,-0.5919303661807593,-0.5536085591946573,-0.5101414088539552,-0.5287843725338565,-0.2619068183715033,-0.4066398731260591,-0.3764965070326267,1.8538040194610719,1.7388203442546435,-0.7634636964140054,poor
2.415600282640862,-0.6822630313776876,2.434573201518095,-0.7728765356622322,2.4386108013913774,-0.7385811787551906,2.443303388720345,-0.6971149914514501,2.4274845733682917,-0.8716243793541596,2.424737488563577,-0.9307805506482772,2.4242968381868804,-0.9806002542967521,2.4670328215439055,-0.7348375698907593,2.4204871482153947,-1.1801859112582807,2.411529256469834,-0.489673439149031,2.411850472189293,-0.7058285248601598,2.626520223722252,-1.0357859878859021,2.480323199782724,-1.0782286359235993,1.8701655349770334,-1.7830956333258798,1.8224963412014656,-1.9267666874693448,1.7679897479829751,0.7996668247133684,1.919219249992649,1.2921316348072343,1.586613179453417,0.6855943437936386,1.9989230864770848,1.4212814111679597,1.8974671823306108,0.6211439150587661,2.0250997107664364,1.2499702567046258,1.8694357858225974,0.6562134749220044,2.044861984191611,1.1923305231362982,-0.5298717536314371,-2.6772822126222278,0.5298717536314371,2.6772822126222278,-2.400090717229562,-0.13709424969077205,-2.541152469138666,1.150459780592025,-2.1253117132741677,-1.7038345882432515,-2.5746507728151005,-0.49851464348676566,-2.4859307152555536,-2.248602387480783,-2.579655404195994,-1.375030748033245,-2.5145474555779126,-0.3006902647396226,-2.7151268830173385,0.5512873687243455,-1.0922860811387456,-0.9358563836876099,1.054538797089819,2.161311110193818,-0.9760503801045574,good
-0.023730965417247354,-0.8136745414655582,-0.041821199017030894,-0.7596357893609627,-0.04077455946541275,-0.7572212697102961,-0.03968455128872774,-0.7528762490164029,-0.051938969710375614,-0.7410268877249614,-0.05973504091777204,-0.7235985832370683,-0.06906184829799966,-0.7035902870419453,-0.046575609095444684,-0.6819594758195486,-0.08998018285011536,-0.6019863471257006,-0.007363108168338007,-0.800548025170711,-0.024125600246372024,-0.7806353019276562,0.024558578013289506,-0.41527923897308644,-0.02301543625603363,-0.6205845451131005,-0.2048955247077223,-0.9311150421059088,-0.076888871989217,-0.9428693876864588,-0.2060922446252484,-0.6824671638178489,-0.013021284873873157,-0.4216256463414861,-0.17521430435134783,-0.6080355985003827,0.005212718835697398,-0.41177593796337864,-0.11041430240667163,-0.581230494663487,0.003472863029985391,-0.4391236118472672,-0.12272625282721566,-0.589589743732604,0.00048006026375833064,-0.4428133582001773,0.09536379499828931,0.13374828274923758,-0.09536379499828931,-0.13374828274923758,-0.08479589087179813,-0.1561595328343909,-0.050205092595010534,-0.38049311419973747,0.10221960649474958,-0.8941095291260239,0.1810235735441777,-0.8161070634366507,0.13525233718342114,-0.9105341073983668,0.16477490794627161,-1.0706615560540378,0.07239899031714728,-1.0081986092571575,0.12495843520996114,-0.9033017613073522,-0.2918622601965114,0.09296122836434823,2.5697619895360977,1.0221356466099427,-0.23412207118010073,poor
-0.9706473879926338,0.17213728978127096,-0.9703211031190019,0.21216825224006033,-0.9682956421528153,0.20702006816565277,-0.9664113692957427,0.20398414604001827,-0.9807170266173604,0.24307077521735818,-0.9855233695631749,0.2773680456705564,-0.9900776944876312,0.30328307263475707,-0.9641202625609124,0.25660265253602227,-1.0002463000861817,0.3755251183461744,-0.9637289538935199,0.1468429700928202,-0.9771671718513764,0.21776915092734758,-0.9316527086101422,0.328859112392974,-1.0032766699149531,0.39220007388096095,-0.9413022702440148,-0.1379423149808438,-1.0306217442923897,-0.19198660269232504,-0.9324418383363356,-0.8373793184874407,-1.0386688468040481,-0.9268709576285491,-0.9306951126044448,-0.8443453532457572,-1.0289885931756542,-0.9334093799574225,-0.9440862275215836,-0.8564477786816727,-1.0193468555500234,-0.9299097175099738,-0.947967236254348,-0.8545637050238633,-1.019758505583289,-0.9262606671357413,0.9231616692809632,-0.12090472680592373,-0.9231616692809632,0.12090472680592373,0.8824513150259781,-0.8022351806901433,0.881636508665337,-0.9234656030200863,0.95468949712277,-0.606099884798059,0.9599635414143683,-0.7128346547810127,0.9527450599078827,-0.436262065989448,0.9599959922554241,-0.4995129631830146,0.9601295060914932,-0.8097789286364078,0.9679740782325306,-0.8551008484845354,0.94720906921816,0.7941295007923141,-0.8410015201477333,-1.0035649749546467,1.0046268271205474,good
0.8897917954279183,-1.2047036948008518,0.8702854843616967,-1.1742851848688707,0.8665722498904542,-1.1717935955967176,0.8624315959676669,-1.1707247937762948,0.8759402034048985,-1.1599451378624754,0.8773666065237825,-1.1473331591317242,0.8784574942975677,-1.1381737916629546,0.8433914836735522,-1.1511581272239806,0.8655270473518062,-1.129054201129656,0.8896982419040451,-1.2113038147512374,0.8908899897689054,-1.19300067530272,0.7741385830381852,-1.1985162541035903,0.883913567490634,-1.2128068259661913,0.8812383335095133,-0.09877638760317742,0.9949160630321237,-0.19233377312013766,1.0946713848344458,0.93301036313156,1.017895570113799,0.8488943907270525,1.0769086336970315,0.8929683779192213,1.0014210707200961,0.8540495030190758,1.0658154793987056,0.9002492000732543,0.9898853621830692,0.8483883006876172,1.0548771392196143,0.9406363407490299,0.9877668027684384,0.8507417278267215,-1.1994463931751351,0.3348684015993528,1.1994463931751351,-0.3348684015993528,-0.9323575725852709,0.8248513022205236,-0.8270998603094161,0.7889563038585692,-1.0870877076718366,0.8041381264175049,-1.027428543642035,1.1294918418780573,-1.1265731814266915,0.7597336785277167,-1.1027923662236612,1.0227496022393248,-1.0655643747704617,1.020030084466865,-1.0010068134392982,1.3178566093123543,0.20821571469717318,0.3315413002465564,1.087137691143146,0.04963913412928984,0.5448924966306868,good
-0.9652313647150523,0.13875070276552937,-0.9669681081961045,0.19238202185774977,-0.9650243285335973,0.1899682210310937,-0.9634790800457924,0.189092832186811,-0.9730846765222596,0.2347671414024375,-0.9770693307087901,0.2598219258920692,-0.9809574376158594,0.28640960066896537,-0.9636737712701963,0.26578991982854094,-0.990062636250203,0.3826015292890685,-0.9618815201304126,0.12131585124762602,-0.9710687308802861,0.18567072838418297,-0.9349231901511108,0.4073949315862283,-1.0061500910603787,0.4696491136030012,-0.9001024317404612,-0.15432779667912316,-1.0546203696842842,-0.17335387324266194,-0.927935560821397,-0.848810812541496,-1.037605024225702,-0.9381475454408319,-0.9351217965943392,-0.8526163723193679,-1.0314182120239972,-0.9404172480761426,-0.9479858497630664,-0.872341656398239,-1.0213118170529227,-0.9399982282105928,-0.9458490917160469,-0.8728994487305167,-1.0213545907722799,-0.9384590589467653,0.863147251821304,-0.17736973590235985,-0.863147251821304,0.17736973590235985,0.8901792669963166,-0.874710054499417,0.8892140792514043,-0.9641629812035498,0.9589634643459409,-0.6824663659910345,0.9649215856381564,-0.7727495887971227,0.9552483548492874,-0.4949517206387529,0.9645177454993921,-0.551107958390693,0.9699178478775667,-0.8221640044061256,0.9737499891816542,-0.8791529967642853,0.5820869558617622,0.541388061704055,-0.935490706153637,-1.1446589476636753,0.5476836457791008,good
0.770901698598184,0.22861623702570386,0.7818672532694223,0.1819748457158612,0.7800034919730675,0.1967992333452531,0.7784499576867397,0.21193539890766727,0.7884003185772771,0.11935919334407553,0.7907334581105899,0.08856362926902013,0.7934901330139632,0.04997758838580516,0.7922949212337626,0.19247266886169126,0.8061753687061061,-0.03263848951970451,0.7590527671096143,0.3193840637229367,0.7694889292192615,0.2371070072010607,0.7761371151351765,-0.1238428090515128,0.899614610372728,0.06265350861630616,0.3122972680347158,-0.17221527008225487,0.7038991822520793,-0.3044294493396571,0.5134157599956393,0.21526655986586093,0.7215774221839119,0.5521381716527618,0.4522255770409879,0.1828637052266363,0.7494588696565736,0.5788068091611684,0.5045060318494992,0.1559644219295944,0.7342400968077136,0.5630420553097103,0.5377346610529843,0.17789764037040945,0.7247062493912472,0.5512929364426504,-1.0211503429560285,-0.3456554462610193,1.0211503429560285,0.3456554462610193,-0.8825729146591706,0.2717616727329913,-0.7861613481274834,0.551228416400334,-0.8839955308570842,0.150205255077659,-0.8462942613838599,0.21836251325919293,-0.9116811926257927,0.054502608289607485,-0.881269924728121,0.04687212240241315,-0.9144340786017517,0.5522304255011291,-0.8969554196677084,0.6757914657326721,-0.8314828327429966,-0.6575333604842631,-0.371590832749308,1.5275532646530663,-0.7586817718881115,good
0.4099355325046331,-0.4862514210420742,0.4016126939094351,-0.4653406363302982,0.4015508099822245,-0.45256994187847577,0.4013168622675247,-0.4380152224618211,0.3991941012517941,-0.4933877096807641,0.39761383802288547,-0.4983412349760264,0.39573990042221796,-0.4996260508219278,0.4064501349569557,-0.4122875623233045,0.39293474515978766,-0.49758352745978246,0.41044218812757444,-0.4480414201600432,0.40653671984095197,-0.47540290572168237,0.3816159490044326,-0.27704503252117135,0.41247616155116673,-0.4888524573849237,0.6564429832339059,0.7397492350881865,0.5855161539125021,0.54753176445988,0.5910100840210931,0.8354373185421383,0.5526360015370401,0.6658388286438887,0.6815448403607436,0.8223625288551545,0.586605798304905,0.6504950546420136,0.6665683382413141,0.8057099890730853,0.5667411908846002,0.6442555485067513,0.6460704399382797,0.8235092788498591,0.5576326026673892,0.6556311847144501,-0.6294444494359924,0.8693061553318152,0.6294444494359924,-0.8693061553318152,-0.4687972651091956,0.6313302004734587,-0.3743814011759697,0.46328254676081054,-0.3864910266219766,-0.24546750655584276,-0.47205559672129044,0.016218897323372675,-0.37126781733140957,-0.36478630104144505,-0.4971009695947048,-0.09206244010798306,-0.4174398338894821,-0.23694735046424864,-0.4740931614953263,0.3161376792204246,0.5581366604400063,0.49297470287615897,0.8951165695470809,-0.029130488309481124,0.4996206331229048,poor
-0.9727076289942679,0.24388673864317914,-0.9738142623203748,0.3068884328076802,-0.9720172760713138,0.29806829421771086,-0.9699258047404141,0.2814071756207293,-0.9798187796096764,0.35227279712899306,-0.9817938848030079,0.37259485433810635,-0.9844002041369374,0.39539944950967354,-0.968048398360324,0.3293066990339675,-0.9927701886708828,0.4442532204282206,-0.9678743435203572,0.19970407518892658,-0.9739362301555109,0.24263179686158723,-0.9335866119718925,0.34689634576082956,-1.0049210782791242,0.40831895167013044,-0.9328651703648503,-0.14280770507152415,-1.0462759049874968,-0.18260844122050418,-0.9336550615410564,-0.8349740522547352,-1.0429158634358107,-0.9260803185167178,-0.9311703676940959,-0.8352467618108604,-1.0358893918228391,-0.9288060565601943,-0.9423880299283044,-0.8550307554151828,-1.0271557257711093,-0.9265588538576567,-0.9457917217220305,-0.8551689499701459,-1.0264771500498073,-0.9238173691543913,0.9104213485218919,-0.14799008637616579,-0.9104213485218919,0.14799008637616579,0.8964324664203399,-0.8260566425009943,0.8814767450019446,-0.9273419193115205,0.971925098625848,-0.6502159862334259,0.9600658725756896,-0.7214973704106181,0.9712027032213709,-0.4812662466170316,0.9593401262464673,-0.49281211449039447,0.9673764319290099,-0.80721492279875,0.9661764922573943,-0.8611836086167746,0.8638605729379351,0.6845698928046278,-0.8052174260702528,-0.9929130909672524,0.9055773609149377,good
0.19997841791459647,0.7963802661486952,0.20734552504382098,0.7085456002708032,0.20401326133394632,0.6913024084015762,0.20125903946181256,0.67008969631603,0.2251792750327516,0.7169520031942637,0.23554344421476933,0.7097363200746634,0.24750244508851224,0.7003231249268203,0.20899693746824702,0.5749644129011328,0.2743583250264643,0.6166056905027454,0.18695030410469216,0.7537636117577493,0.21246212565797615,0.7690360031393608,0.18475014766239295,0.18531703260805066,0.2815644480607418,0.5504781777263503,-0.1134153855581344,-0.6838270175012992,0.13630693095863505,-0.38441296919821993,-0.09526302370313598,-0.3983108554296014,0.10997268021413052,-0.19100318837988087,-0.07867998600602587,-0.41589556049087417,0.09880234578418433,-0.2030531250119243,-0.05902149075316194,-0.42852942107330383,0.11308543227147382,-0.23023891315855752,-0.053494427679758656,-0.4137368051333864,0.10985752141969896,-0.2314354179507703,-0.5801048732858067,-1.1787768190687216,0.5801048732858067,1.1787768190687216,-0.3737606697196192,-0.6040140170391495,-0.24092143384365766,-0.14871249175632853,-0.35886539730603456,-0.3077530738023216,-0.29313281175165296,-0.08607323735666371,-0.3095622601077923,-0.42986572758370123,-0.24948655929010558,-0.15392345191557505,-0.3035958022683862,0.007311601521276193,-0.22118851743100024,0.02531532107654777,-1.1894365186268354,-1.226536259669674,-0.6475078785838674,1.3491263622071108,-1.448827660727084,excellent
0.8563716420669794,-0.3933955014599345,0.8587586255735224,-0.428796282560246,0.8575190210209463,-0.41675139445499043,0.8562611089689294,-0.4080395477692814,0.8614303340215693,-0.4877036932304284,0.8615812806054879,-0.5167884739307457,0.8612733315802238,-0.5538401715473988,0.85589990425744,-0.4827226127330749,0.8565365901667427,-0.6496344323692219,0.8533267629626322,-0.3946911032784999,0.8602840454904488,-0.48082953943998824,0.8486577273049708,-0.6244006109533827,0.8846457587854449,-0.772823076146086,0.9130906130970038,0.34716562822523434,0.9183094608506793,0.1285231289410331,1.0460197947496082,1.0464181593065514,0.9032653589166378,0.9366720589843059,1.039344948597941,1.074295652225154,0.8911734439503998,0.922594542479484,1.0239410020823967,1.0563101573996359,0.8943466226123151,0.9556628648836759,1.0235516036087169,1.063034944816994,0.8994826417885796,0.9605272778171755,-1.2872218806734972,0.359074150799816,1.2872218806734972,-0.359074150799816,-0.8069476571376305,0.5705545940867799,-0.7708198038788705,0.7431807865995123,-0.8165236655193955,0.19987350710634588,-0.7969615658291365,0.042773550723658835,-0.8126778694698963,0.04903584950653747,-0.8130638859099232,-0.22482996076703984,-0.8233263435261969,0.17868341202395155,-0.8206449154335347,0.2433492400771585,0.08528522961794677,0.23028147586774628,0.7213696608991512,0.4480288163264267,0.1787029711021771,poor
-0.6501898467015891,0.09908582778374435,-0.6583643961362013,0.13266475862885632,-0.662903864133696,0.1279986173930155,-0.6676159218396989,0.1250326989565924,-0.6511562740370498,0.1655870912698265,-0.6510886821067551,0.18224579450783143,-0.6518828010064793,0.2013454974087858,-0.6975560662253791,0.148643468046517,-0.6698020450310603,0.25044122187138546,-0.6648465274238825,0.10066696678245118,-0.6569908550111034,0.1383245294592799,-0.68420460028753,0.3260981667859792,-0.7591421488878524,0.2373202463585223,-0.5990299748950916,0.12622805793813727,-0.7733364324962838,0.029351466950842984,-0.5509527984077547,-0.6148719335017144,-0.8474183858229338,-0.5874286657337359,-0.531671697403293,-0.5795457168044947,-0.8797943093293256,-0.5660616359352683,-0.5171566594603945,-0.5776139117555429,-0.8558065803856553,-0.5405968106087706,-0.5225634785235822,-0.5838206830119906,-0.8447159586671011,-0.5463264464490911,1.2084789728441694,-0.08909594098230281,-1.2084789728441694,0.08909594098230281,0.8360711834280466,-0.3774561516309169,0.7766859939561803,-0.2420291881299931,0.7998921825460469,-0.10228097588862906,0.7717754134291516,-0.34096829126335804,0.7938690477356068,-0.023617382179295838,0.7648555156858373,-0.1934039757290889,0.82406776111755,-0.31985320962689967,0.7748347905687448,-0.4949224868620989,0.779047460169565,0.7813407674098238,-0.7539347561838292,-0.5110649891824178,0.034184959195635356,excellent
0.40048396549512766,-0.20188254838241532,0.38821865134061617,-0.18432762411467835,0.38667301402158805,-0.16990248069244268,0.3848907620376526,-0.1552148612959891,0.3900173218016084,-0.2229586478274369,0.38984028483149247,-0.23119148780227375,0.3898283822974838,-0.23436292896736255,0.3792347460801719,-0.14478946798521683,0.39233056876201483,-0.23171775241312975,0.3961745121924762,-0.17544517373055127,0.39807177148603595,-0.22325182023916593,0.3635139968669343,0.019616950549149522,0.39097820781436865,-0.2057600408500253,0.721109474470862,1.1639328190885632,0.6651577110880182,1.3585945861282718,0.5687011802316746,1.0356176998127766,0.5561767096253963,0.9205445533302536,0.5722003858622571,0.9879905895339939,0.5575024650377135,0.8958706438508326,0.5662782734055797,0.9774632352284667,0.5428680843390519,0.9121529160730922,0.5358838223224633,0.9870026809223222,0.5426047394082525,0.9153734544019366,-0.23826875896986477,1.2389026952198507,0.23826875896986477,-1.2389026952198507,-0.3447752869785804,0.5698290038716889,-0.31351539795515915,0.5916537670662881,-0.35819724421507704,0.21372287614426366,-0.3490429472009651,0.064212486277492,-0.35548455551502545,0.1732582392793458,-0.3434108145048942,-0.11566801042319935,-0.42568212655557736,0.17831194044595924,-0.4104301579893896,0.21247604872147208,0.6998086893719528,0.6732569275753426,-0.10040949512935882,-0.09837761394389558,0.5106634705160917,poor
0.47440603796832337,-0.3032071492414603,0.46447238037361055,-0.31284746169417177,0.46256563823223945,-0.30860773216255305,0.460552786305318,-0.3036786767878637,0.46679493560547725,-0.3338019156786778,0.4662470008527444,-0.34501030510933445,0.465413974729293,-0.35870400764908417,0.45282722608200754,-0.3037604893962573,0.46059584281977484,-0.3701773651525026,0.4756669677186145,-0.29859137432130456,0.4813424888773969,-0.32404424374071195,0.40597695775088155,-0.28395652510339225,0.4769381689487066,-0.46840707886587857,0.3842516837209056,0.4682339041002407,0.5349891875440478,0.2215667707033779,0.5251077714337388,0.6129247226256713,0.5530704516408752,0.5753929524039203,0.5778020058717552,0.569021029913396,0.5904456083806364,0.5686487159069702,0.5761316334748064,0.564841038589886,0.5751591891554201,0.5541797399734033,0.5685044699705589,0.5927949442557994,0.5600399300260189,0.5567901133617824,-0.7984674405392549,0.4156762922988299,0.7984674405392549,-0.4156762922988299,-0.5982410652812876,0.3922218033954257,-0.4682910156846434,0.5097606478459882,-0.6393596101690713,0.07540328266008602,-0.5669049912738068,0.11686816521863862,-0.6534612064957523,0.01729533294448332,-0.5975048944459067,-0.001930435683458692,-0.6169098480697124,0.22124380982058967,-0.5593536434765213,0.2932148750869922,0.07932756595284034,0.27441231531344434,0.7200555728502412,0.2785145803499732,0.19296562970825035,poor
-0.9709115957739743,0.1750445572252329,-0.9713580148683063,0.22139653069077103,-0.9700090420631552,0.2176988126895452,-0.9684669562963961,0.2162385934848656,-0.9777439666715884,0.26442087454302093,-0.9806133774491124,0.28984913754698954,-0.983790419428897,0.31809932806324703,-0.9672011761841934,0.2782437015322157,-0.9905007107321978,0.4000952776766112,-0.966983765979284,0.14959598483925707,-0.9752976194307914,0.2137254361248259,-0.9348768633919251,0.35717675560790313,-1.0061821180894541,0.4352813466379085,-0.9181103533457277,-0.11949372414261455,-1.0592022004224226,-0.15809274494612727,-0.9251876374421591,-0.8421278504431747,-1.0449017664525595,-0.9433369888472162,-0.9277821973908384,-0.8553601676066369,-1.0387528492738636,-0.9451468290290276,-0.94257199004171,-0.8710961991825675,-1.030969383555043,-0.9386465609586391,-0.9414863781416001,-0.8693409884598994,-1.0322006771083878,-0.9376051156971633,0.9428179232957934,-0.17695252805572118,-0.9428179232957934,0.17695252805572118,0.8937375806085128,-0.8716716035082112,0.8863246957355334,-0.993994165078556,0.9639489536333176,-0.6929461490783964,0.960413985929339,-0.8225090331890214,0.9616030569333813,-0.5219549091675005,0.9599671443863763,-0.6015289373056031,0.9707685088572375,-0.8484222403787985,0.9667877726881647,-0.9148703355497979,0.785479780721547,0.5726337403669104,-0.9310848336171216,-1.0818650202867823,0.7202423284605859,good
-1.0158428648548898,0.1671866455825698,-1.01746403489914,0.21057102547646797,-1.012886352258516,0.20215648131213945,-1.0077903541237445,0.1962886526828775,-1.0265414028465274,0.26146676032737104,-1.029161602890916,0.2877406934013008,-1.031474552602161,0.31513859419269424,-0.9962817392368609,0.2627843275713557,-1.027383201332148,0.40308249347071035,-0.9984103019728925,0.16237981825139072,-1.0119707074050053,0.2309985491130738,-0.9471248565878122,0.41429707523400405,-1.0167399187838746,0.4941604124541137,-1.002338369690917,0.048716485416408765,-1.0199437570497512,0.0352332614470605,-0.9926610802267843,-0.7131333360957253,-1.0214241067642884,-0.8117438585444371,-0.9839798798256483,-0.7232175872633689,-1.0230020791773955,-0.8286489460951864,-0.9970964376301887,-0.7349000657225704,-1.0120084654203254,-0.8178793862095859,-1.0022338656960315,-0.7365861908357207,-1.0112990038896252,-0.8139423171301137,0.719434917668377,-0.168506068186645,-0.719434917668377,0.168506068186645,0.8931175777013909,-0.7243019679093355,0.9052707804516954,-0.8072435550909974,0.9662627364476798,-0.4581675686832277,0.9765858295980951,-0.5566353027788506,0.9641812932264839,-0.3186758269411584,0.976709123231647,-0.33926051447936023,0.9767720649914611,-0.6555083632813948,0.985959941154953,-0.7375767604434863,1.0432018470648823,0.8852603983172026,-0.8533815214760395,-1.0937543871773059,0.9283121691074916,excellent
0.39410953442706304,-0.563665725656572,0.4334699968883391,-0.4176321241704668,0.4386819233413733,-0.3810592965668847,0.4449970494691789,-0.3446157070533254,0.4326294911429826,-0.5201684558397013,0.43621678245264967,-0.5525184512296489,0.4418975069680853,-0.586011818120075,0.48146409354092506,-0.30051239884750425,0.4841939172571215,-0.609257430614008,0.38704410861494154,-0.5420647031691093,0.3853283659248769,-0.671771417439905,0.4790246602570286,-0.33795933381608273,0.38778302388538255,-0.5529869165160717,0.6928552518912964,0.5024781873282702,0.6471037624049749,0.7798946593671591,0.5210360696201858,0.7950581757128793,0.5276876697021105,0.7529555054894082,0.44536031398064396,0.7870381810397578,0.5021840539634934,0.7376131257686421,0.43910326149776846,0.7702153901038176,0.4783500655772208,0.7671879483847589,0.4475130414500158,0.7882839441525545,0.46693566504033596,0.7680588394291605,-0.22230223808849595,0.02689350244445661,0.22230223808849595,-0.02689350244445661,-0.6114596336664523,0.4603044976443614,-0.4819204948757782,0.558733756083816,-0.6850332387842055,0.9311900951362699,-0.6010582020190802,1.1411088009899288,-0.6399127061691866,0.874758613157554,-0.5650442350399475,1.0989418781874825,-0.5319831453038122,1.1830261400122228,-0.45082780860288146,0.9880269033375244,0.5256996031968133,0.6785656590460452,-0.24757106027304923,-0.009804213364615339,-0.16541975356101302,excellent
-0.14135328050306725,0.16235035224775884,-0.1425243383094717,0.20943345243576242,-0.14519905727683735,0.2220368160764016,-0.14740073298371018,0.2362862046659154,-0.13521054285507578,0.1826191655309884,-0.1326585709925206,0.17797401484433106,-0.1297635252445452,0.1757904936310422,-0.145905999046932,0.29187130875013795,-0.12775100358912395,0.18825523623487886,-0.14517280395998575,0.19443794589883592,-0.13552916613369248,0.13963158489026367,-0.1457921276782989,0.40044111856986075,-0.06445415313152776,0.15588424700968015,-0.37607023487671026,-0.2946017931546464,-0.12858368165566966,-0.6959522732044773,-0.30004707936515745,-0.6285234807326118,-0.09028120760560084,-0.5705227941043054,-0.2954653829609869,-0.6399819581699102,-0.09403197308165188,-0.5402672024486315,-0.2629667176720608,-0.6026016880452831,-0.10619108609109058,-0.5616317434569315,-0.24999254158599624,-0.6301616094065232,-0.10781246599247557,-0.5687959319716654,-0.7094078418248965,0.32067301796240244,0.7094078418248965,-0.32067301796240244,0.03826578207624013,-0.5297603482299502,0.11063918722833666,-0.48565972434841365,0.06813271153293549,-0.7522083408441457,0.1008918018091418,-0.6929346815001359,0.06390313160245273,-0.7693518872903194,0.08767286490792062,-0.7522063164241038,0.05619301427457485,-0.6174552014362034,0.061651641289184794,-0.4347944235764193,-1.1141062298763986,-0.6512382317492352,1.0129490067210765,1.4308025584527937,-0.8282421806251039,good
-0.9723121340727774,0.3402367747038746,-0.9728038255449483,0.38788642274451807,-0.9698706588013297,0.38333982547559275,-0.9669708290698105,0.3775645040761286,-0.9812008545714073,0.427588011494582,-0.9851395873151911,0.4471318813389868,-0.9894606377199454,0.4663648402929299,-0.9659092545215545,0.41279633394073306,-0.9999651374839446,0.5083236460344969,-0.9652556100516698,0.2919792186797975,-0.975442632074095,0.36119111546875454,-0.9329185395600696,0.4441663373708025,-1.004504188218531,0.5160762178820849,-0.9271330620792075,-0.04524018688947137,-1.0266371620044774,-0.041009682921533494,-0.8898332335794008,-0.7766982707459114,-1.0426034150181738,-0.8683934072281119,-0.901306115792384,-0.7795506002302531,-1.034013031483197,-0.875550542904589,-0.9161475873740004,-0.7900883526150958,-1.0276897655725536,-0.8662155091330986,-0.9141849010305059,-0.7870571093349751,-1.029081087680751,-0.8620446694725007,0.6677498103993901,-0.22354363106613642,-0.6677498103993901,0.22354363106613642,0.8732000018646479,-0.7105790192321859,0.894068314973963,-0.8131039853437242,0.949338834206597,-0.4901830107369862,0.9675688537503705,-0.5757783211148354,0.9453709393876852,-0.3223626515272771,0.9672492446697842,-0.33445780785471224,0.9609687471308229,-0.7152717770076084,0.9765341643653598,-0.767683899601598,0.9836256895998541,0.8360229244113235,-0.8904583338723393,-1.0500496215528192,1.6895503916424828,poor
-0.9581403574934506,0.12475752204690928,-0.9590848731717407,0.17691157156152199,-0.9570805446143164,0.1699551507231115,-0.954958667845495,0.16370916396316895,-0.9686170232208172,0.2227625630318021,-0.9737173920671989,0.24608408039775265,-0.9781507251932622,0.26997692309995663,-0.9523324086620635,0.2223930482737508,-0.9882097643580365,0.3468196120063621,-0.9533767080448781,0.09814160747084194,-0.9651546713739216,0.16838220978564494,-0.9204006804362336,0.36071839295026953,-0.9931591574622223,0.41220578163973187,-0.9248250121261985,-0.06704552869176723,-1.023603925400895,-0.16063203998311396,-0.9190169273633537,-0.7588808063600194,-1.0483288540698796,-0.8576270262277421,-0.9150977945108298,-0.7505256002126504,-1.0484159864904636,-0.8687896405818876,-0.9395575434961448,-0.7740010938776749,-1.0315511952052432,-0.8587418080925951,-0.9428704185351727,-0.7772048996033074,-1.0304322582868541,-0.8538027216663863,1.0399761695138485,-0.18196173185068265,-1.0399761695138485,0.18196173185068265,0.8817728375229105,-0.6487562240700305,0.8736733219944374,-0.7503279741152105,0.9571508877809874,-0.5210186332180307,0.9511474035787003,-0.6347328754250164,0.9634133041009741,-0.3650521088747117,0.9500108997060809,-0.41687616576374137,0.9664273516766699,-0.7060073289044054,0.9560667247865093,-0.7656237856945664,0.9538481532766623,0.823929836931415,-0.8802760116840604,-0.7506829803170239,0.9251747158772536,good
0.8140051355235107,-0.08046944078308445,0.8263599743386079,-0.13160494560650868,0.8260659064685184,-0.12644936636972984,0.8264619635408686,-0.12312871856608339,0.8298306930441485,-0.19163714510853608,0.8317864265077934,-0.23240595118983734,0.8343739924983713,-0.2725233245591331,0.8363775443029017,-0.19699851560124687,0.8386783512699905,-0.390358586725233,0.8100361131334134,-0.06570523396321931,0.8166290485715578,-0.1400095761972747,0.7940010199555058,-0.4445202551633234,0.8286799969179554,-0.6087543914630299,0.7261342189511805,0.2703971925961594,0.885107836837306,-0.025671570016618916,0.9209955437905674,0.6012212134385142,0.9898925900992914,0.787411410829457,0.8431428482289779,0.4696254434071881,1.0492605794805805,0.7613663352120994,0.9211438295108565,0.5118152274024281,1.0281663111905575,0.7499132266923495,0.947239122020927,0.47613544494222854,1.0322578881599715,0.760154855514983,-0.7484687301923446,1.7487842052155058,0.7484687301923446,-1.7487842052155058,-0.8343737785226732,0.8455872892237639,-0.7386509783107186,0.7969953156225161,-0.9043544828071556,1.1285078304839908,-0.8006945974825387,1.093266825097393,-0.9113337314838867,1.078890632401736,-0.8418562216517829,1.1631638931989492,-0.9766874153306989,1.066189350937083,-0.8993601361182291,1.1446361308987125,-0.17735903740322703,0.09118516136379978,-0.38349610075066887,0.23651609985553726,-0.18494465059421572,poor
-0.19743493848239832,-0.5015265223888618,-0.21131885634964506,-0.4407420988344494,-0.21068854739806217,-0.4335632738539121,-0.21001754679406912,-0.4248890042516657,-0.21758028136016,-0.4335950518696558,-0.22322179353610375,-0.42133996798070356,-0.23037161168364886,-0.4033101633205841,-0.2124380299976864,-0.3396109704983907,-0.24204417251236032,-0.30506062757833535,-0.18684718531480854,-0.4817458172056824,-0.20030367459611612,-0.46932118548746227,-0.15584385226171454,-0.07129203730250382,-0.18412076868810848,-0.2871656309080443,-0.4066753196341806,-0.7565996593402979,-0.26221933185765967,-0.875933347638365,-0.472574962579823,-0.8054618363650642,-0.20471703062127983,-0.631358858628736,-0.5329829185657107,-0.8032928900900741,-0.19718015537336356,-0.6233923974211911,-0.47264983436402735,-0.7898865796113285,-0.19226267835479108,-0.6501640024857905,-0.47252422942549793,-0.7978415813545165,-0.1952329064661277,-0.6534369844250303,-0.10681701791249355,0.1879763845610679,0.10681701791249355,-0.1879763845610679,0.08095778928375269,-0.5612501323654088,0.09921327758057087,-0.7395806836699517,0.23942773545705626,-0.7413174559880041,0.30290412747949225,-0.7690830125090681,0.217120878930433,-0.7454060137475673,0.27492621216145097,-0.7613492311230147,0.1802601539518399,-0.8368773973924808,0.24570220458574263,-0.7566487588088326,-0.41432093972529555,-0.09561389753042498,2.107960460303508,1.4756487218958836,-0.5113816148428171,poor
-0.031050636545762324,0.3163936767320456,-0.03873978196718384,0.3292807401748624,-0.04161036249416726,0.3370142701293743,-0.04405211537897565,0.3449820169518123,-0.03384851133927768,0.3067797182839692,-0.033907997188411705,0.2958099105966493,-0.034005488696541464,0.28197175724087076,-0.04890256539603581,0.36226037282876733,-0.030072847394069686,0.27646213606829684,-0.03499715857552028,0.3287464299181262,-0.03125298644645527,0.297752487294403,-0.09577556881831219,0.5729700107580379,-0.01523158525425644,0.32378544931262954,0.1542845051652744,1.1653833430893215,0.20730912789564304,1.2082144255000618,0.13302719634349897,0.43709367937377896,0.18143052807535717,0.29302032324731475,0.1428919304237018,0.4040979131545092,0.18428268363177544,0.2561057944580803,0.13830766396979727,0.39117088761510954,0.15910107071618193,0.27688064350969976,0.13112162554199658,0.3874735017387944,0.15737476236387662,0.2885986485465924,-0.5055703668288691,1.134582567929511,0.5055703668288691,-1.134582567929511,0.1275505127655251,0.40104557991427525,0.1798260219548847,-0.010142026148832544,0.18676227666433193,0.6486672488066977,0.20434446837539466,0.564178562638045,0.18965247593348872,0.7897871352869008,0.20722105782256986,0.7295922170553137,0.16833121982911167,0.4793410597980536,0.15972391441354225,0.4421107328245013,0.6198955649131747,0.5950831551713981,0.68509378531215,-0.6447112055211095,0.34556123163263724,poor
1.212722054180621,-0.6888620884443013,1.218668793129201,-0.7791553240202449,1.2134687492420642,-0.7994427684651977,1.2076989127536664,-0.8220702349811675,1.2364569413633195,-0.7664845826732729,1.2452294802484853,-0.7708247826305642,1.2544684530559578,-0.7741887510196558,1.1787072322822165,-1.016899838710774,1.2610020348841855,-0.8803136881356146,1.1888274177372873,-0.7703728130766511,1.2185730905796994,-0.7677290947852441,1.0345060422022,-1.059905541111085,1.1329356996181705,-0.9416896933189166,1.1753099110896443,0.8393745886111003,1.3148995151187077,1.026948840839826,0.9965085213990765,2.0198291361349736,1.053318212972408,1.6845691652569985,0.9661265924434298,1.9201438357779885,1.0290570668543293,1.6638377470014951,0.9539827356063303,1.8866407708657333,1.006598289713471,1.6967469067494347,0.9484987987228517,1.9441763925108386,0.9885467498976325,1.71184135052788,-1.4867162262161773,-0.3277058373691954,1.4867162262161773,0.3277058373691954,-1.3495572910901783,1.3109868619286844,-1.1512558518874147,1.3692249624644477,-1.4660094449067218,2.2253722101705447,-1.3756985223987341,2.3552700290208217,-1.421612498298469,2.118234388426247,-1.3266597688151225,2.2757588447487365,-1.2861276134713042,2.365211868821699,-1.1965147329470176,2.040847183812881,0.4904513763379187,0.5610000171095418,-0.4803064983935412,0.4414516373146782,-0.07138489894231556,excellent
-1.003304937541574,0.2476010286862187,-1.006427381139072,0.28981835134454514,-1.003072803716514,0.2826346610178138,-1.0015357429009402,0.27463556732147876,-1.017827643898319,0.326977057279136,-1.0208590952982655,0.3480856683139426,-1.024191269448697,0.3703353796992579,-1.0025163063494864,0.30471948653693953,-1.0233950726763161,0.43533349019072415,-0.9904011544953063,0.2144303265009352,-1.008909745142964,0.27598940118524784,-0.9518487733203632,0.37858588293736145,-1.020529488932757,0.470387452721715,-0.9723740586995161,-0.03952525985195299,-1.0294645929734958,-0.04363853948008292,-0.9847146631047871,-0.7779742035290237,-1.0134083286830726,-0.869931602606655,-0.9850842245376479,-0.7815917570123212,-1.015305623586696,-0.8806755582308615,-0.99781655183413,-0.7953066583167883,-1.0039866733814906,-0.8773722936489279,-1.0018967683471798,-0.7966597984452273,-1.0002906635649276,-0.8758797946563678,0.7856035402805419,-0.20280544871987322,-0.7856035402805419,0.20280544871987322,0.891066232384225,-0.7572611470609503,0.8902839082957976,-0.8528050121867468,0.9649901940075414,-0.5181275813568413,0.9682732519656367,-0.59890646759562,0.965163131681422,-0.35036992854262283,0.9685336738596749,-0.33558697039437346,0.9780694331544639,-0.7146707901040608,0.9769534490987871,-0.7860796752915917,0.8428695773660212,0.782283350916426,-0.9188782830039828,-1.0967516219107465,0.8564266825338182,excellent
1.0787888813083617,0.5928443437329389,1.0742038302807952,0.39271122740569525,1.0678060854254268,0.3679488028749327,1.061426000098971,0.34144093592510616,1.0915948793932062,0.39185202665119123,1.1007214995790209,0.3726692724808172,1.1127524807139537,0.3535834811918903,1.038778902794366,0.1718886088070816,1.1256439538657088,0.2047323751378544,1.0566995088036812,0.5787875559449152,1.0842359373207837,0.5655879966801065,0.9002393344580499,0.13462244739171694,1.0138550415200227,0.16447854295826636,1.3531521276897864,2.7101280694819203,1.3096886303765742,3.1677824969955566,1.303510948250117,2.636585790616873,1.2508878586338756,2.2440168259288757,1.2860263702451913,2.485071965005997,1.2176718863925304,2.190732549934534,1.266999795337755,2.426536933491976,1.1998673565057558,2.234917310851399,1.26690109392414,2.498963412380143,1.1956920251828325,2.238577511976984,-1.732687399640028,-0.19697207839411685,1.732687399640028,0.19697207839411685,-1.0141874182874075,2.2033070787653353,-0.850747893425372,2.2162876762208277,-1.2551681626083657,3.2954826102085297,-1.0406694175681128,3.2645472287535884,-1.2769356472683582,3.1149421084437465,-1.1775932190622207,3.3966586065765725,-0.995032180456319,3.1034095032631783,-1.064290093153578,3.054142259101297,0.5890457266733158,0.5352166286704632,0.7504826269060662,-0.3863112924406661,-0.04377877654499605,excellent
-0.9834180909304752,0.20395096673561325,-0.985177688940444,0.24598416356717032,-0.9821251600584097,0.23625740989637448,-0.9799742244327577,0.22709087647023757,-0.9962895524752647,0.2924042292193712,-1.00013739475363,0.3144429465102462,-1.0043733972767548,0.3367214997303932,-0.9796336797311609,0.26787614649742403,-1.0111429075103882,0.40112369452298335,-0.9728274238779631,0.16875793931725985,-0.9873926756703018,0.24498688565529925,-0.941872904746268,0.36252400848889504,-1.012192538552254,0.42765414634767673,-1.0001478265438495,-0.033188144054455984,-0.9976306847071699,-0.07329555180963304,-0.9858516466045479,-0.7530937937854244,-1.0094088038409095,-0.8519338999803511,-0.9813750398457444,-0.7583305254998186,-1.0119395883384297,-0.8626473011254948,-0.9957413155683212,-0.7703972174936932,-0.9991405871193978,-0.8569675146978788,-1.0005563776955932,-0.7737188139885287,-0.9932175377466933,-0.8546646993024571,0.7220771309477332,-0.1389568093926123,-0.7220771309477332,0.1389568093926123,0.895604749889241,-0.7073749704897907,0.8941458642914534,-0.7958890692866188,0.966871283230153,-0.5119761443359553,0.9735179999056354,-0.60176554028049,0.9650817813948983,-0.3580118212603509,0.9761943527991409,-0.379192082157756,0.9779157789005162,-0.6737926122661876,0.9810329590667549,-0.7644498060890975,1.0825152868153494,0.9306073956412001,-0.7873330398344077,-1.1552178460853992,1.0931605064434655,excellent
-1.0186399046556018,0.3220194996658495,-1.0229367406397518,0.36670003550027275,-1.0200289886299299,0.3628155261977886,-1.0168452122297922,0.35835872002178243,-1.0291665850921703,0.39740871873644124,-1.03096838125405,0.41759649425021184,-1.0324373327629488,0.4410928463596322,-1.0070373214847312,0.39659539486787726,-1.0264121976520497,0.5122865220760519,-1.0089135897209207,0.31056103984281797,-1.0177299952929455,0.36758548667909435,-0.954586466249419,0.4540827243341039,-1.0230819131636537,0.5377474138711642,-0.9527328689128998,-0.16386988052168064,-1.0508336751092708,-0.16561268327761053,-1.00443588715521,-0.8938311110518533,-1.0135334857689924,-0.9758009893360569,-0.9985320818195185,-0.8980495015357559,-1.010867264113692,-0.976542972501629,-1.0083599422120149,-0.9104931628627202,-0.9993434015350315,-0.9773667660856158,-1.0112246067819308,-0.9120709372270366,-0.9956635234552116,-0.9766837896760618,0.8076828451827923,-0.20729358523058883,-0.8076828451827923,0.20729358523058883,0.9108075912420592,-0.9250055851273425,0.8962954667080266,-1.0070572569635818,0.9742446713498917,-0.7386138285115253,0.971833259457148,-0.7983156518175623,0.9691553876403944,-0.5711596588908603,0.9730095010047553,-0.581415532890672,0.9791811026790473,-0.8493594204997843,0.9800536856819336,-0.9048233094945842,0.45208725139374584,0.4900875595044722,-0.6692463604936523,-1.195494543855506,-0.05324900298047242,excellent
-0.24964617941831116,0.05010425727471383,-0.2590593086725003,0.06151702365467215,-0.262895086260611,0.05821609039922814,-0.26683734500748246,0.057463118427722976,-0.25060652679031276,0.07503957657480673,-0.24918112402951512,0.08281446203668975,-0.24849660378780694,0.09320818469618321,-0.28404973369461056,0.07721649978688667,-0.25918248610903377,0.11739737639254699,-0.2609606247672604,0.0442230758229932,-0.25476472905492015,0.060652006978993776,-0.3112677501087718,0.4456930964623794,-0.3422599876119163,0.2245877727545559,-0.060516538119143426,0.820145434325735,-0.0762646218030945,0.8774122493098231,0.011067104324717367,0.15388035976115197,0.013333743965636706,-0.01394228100768692,0.04902662798123877,0.1696652401021125,0.020741583349980174,-0.038510687511279854,0.035654878171110634,0.1511274682677707,-0.001359427496482542,-0.03346586510544414,0.026090212166867206,0.14506183839371273,-0.0040332549552334,-0.024443536762033445,1.9514367672288588,0.6260992640695284,-1.9514367672288588,-0.6260992640695284,1.1168393039497149,0.9429982120465191,0.9195455855785696,0.8897501489289061,0.6466427295181552,0.6693006005368759,0.5738967461268675,0.4571742487948104,0.6109739363279072,0.6301292220156338,0.5435583720284913,0.4206133644807707,0.5845576082295219,0.4674157383955638,0.5366546962732927,0.24332739427084754,0.6587352526375351,0.6174635444510372,0.9432892702827528,-0.33993086716401555,0.2804173702216045,good
-0.07873006402155454,1.06237023014112,-0.06875239123293914,1.0051454805801932,-0.072100458945741,0.991222440279358,-0.0745141326468619,0.9738155304106035,-0.05331369613349013,1.0172176287686883,-0.045556812458454804,1.0134206098796876,-0.036285497676407666,1.007782062585759,-0.07129164285751478,0.8860345078474476,-0.012145092573602832,0.9546977617983256,-0.0849812947307981,1.0683074383214346,-0.06473691094198931,1.0817707509862777,-0.08809674023723159,0.5184024828445462,0.024459218371479814,0.8853747871347849,-0.23952527053064915,-1.1465318798162036,-0.06493560409490455,-0.8550176507140965,-0.3290827853691063,-0.9654836073238902,-0.1185555254044233,-0.645890975314955,-0.3342053203382024,-0.9131275348870392,-0.13434756297726477,-0.6102983374143152,-0.3074557322683126,-0.8979856773613889,-0.13047672045464814,-0.63333163316215,-0.2891878030005047,-0.8908363453628284,-0.11955850387610883,-0.6488285543680469,-0.37969170443387373,-1.147023182644021,0.37969170443387373,1.147023182644021,-0.016245129178374135,-0.8696210258620455,0.08391786845399014,-0.5847580633886751,-0.024237072809412355,-0.8158779722353952,0.016971242383865253,-0.639484747083854,-0.007269465735637734,-0.87506188816587,0.03376828250567318,-0.7126509339195413,0.024348702388445664,-0.4768463622334989,0.05544230234078513,-0.4326180974096431,-2.5335698063436274,-2.4914970625730746,-0.7937596460776866,1.4258851717882606,-2.2354911962905084,excellent
-0.053712772687108425,-0.0791930311837992,-0.07098115714897964,-0.05016072044170127,-0.07518887859516166,-0.050238079888498724,-0.07943298781100545,-0.04873376344765696,-0.062042942785666154,-0.04186503505342279,-0.06015309679174144,-0.038364977572746005,-0.05886640804051064,-0.03863115889075182,-0.08921471844527837,-0.034556127404456766,-0.05782535100731045,-0.039213225744185294,-0.05670993962963891,-0.10891865001499743,-0.04601738123549082,-0.09258868324720969,-0.12742214884768543,0.11514978385443897,-0.0480151255370782,-0.11855044251537758,-0.07949332347908417,0.4317073263659611,0.08895641819750891,0.010468737089505903,0.015554220926919878,0.15265199013624914,0.11781156776399371,-0.06118189391271644,-0.003156647533478959,0.11985804741169237,0.107945491432821,-0.048901582368227295,0.002137155161983453,0.10998565107176535,0.0976277549999862,-0.026648566405340766,0.01720428000651196,0.1258736758736188,0.08728265992298379,-0.024154032406526457,-0.4273424579016713,1.1656547190517954,0.4273424579016713,-1.1656547190517954,0.04829051052854896,0.1293527482279896,0.13053938273682855,-0.17162411467192407,0.0994107298768378,0.0340797773841719,0.0963537546816009,-0.005245473829342679,0.11187257569042322,0.11501256436115923,0.08152111328560387,0.10103151136715906,0.08059307698978488,-0.05741879126421448,0.08019833577362427,0.06957123654448745,0.2844148075742894,0.4026140223620072,0.22910568326499295,-0.3504390109644776,0.5515085778487951,good
-0.9766570637015463,0.22059870127495074,-0.9778470420893974,0.2642465323692696,-0.9750558561337773,0.25676041642598657,-0.9724503425679398,0.24695190243171875,-0.9878454983759439,0.3177139915285804,-0.9920396124390237,0.3429349702522276,-0.9970292836648198,0.36768635953652795,-0.9674211924662912,0.3025828856663111,-1.0043602355618881,0.4327918904223686,-0.9689987705792199,0.18255286176381819,-0.9807901545152758,0.2638618073436305,-0.9387419044670785,0.4169869803547977,-1.0095008854876573,0.4813771287985875,-0.9612572384649828,0.006678824767169836,-1.0343409348658714,-0.04131371549773016,-0.9382717943845946,-0.7262463599322061,-1.0506612783476728,-0.8412626845262873,-0.9303332962236438,-0.733988473204746,-1.0401184317993644,-0.8515068624783988,-0.947249758419693,-0.753763815696118,-1.0311455155447973,-0.8444035600228086,-0.9510232103133381,-0.7525153828819036,-1.0315808946862537,-0.8409017730280186,0.909972984606976,-0.20306234922139266,-0.909972984606976,0.20306234922139266,0.8831133408450252,-0.6862693975668466,0.8861361753742613,-0.7731369575764322,0.9529345778566988,-0.47466125405513077,0.9624848636949446,-0.5822279581276028,0.9543752703512685,-0.3147650052538195,0.9621463525558422,-0.3634913651254858,0.966695535249578,-0.6622418642623079,0.969984388125588,-0.7444174791690243,1.0209790149034155,0.8488973272864796,-0.8164099820999466,-0.9988339468613112,1.0579136082724365,good
1.2497603128818935,-2.8929841865877126,1.1980515287148144,-2.8744158801606874,1.197497591642423,-2.889627280186172,1.19566364911177,-2.904019125168466,1.1810562576590395,-2.793447305350521,1.1687700821974816,-2.7469337737433106,1.1544359325783082,-2.6975616234137467,1.160360559291208,-2.8212376590153245,1.1040672277684904,-2.5479194367221205,1.281334218983166,-2.9190513279468826,1.2536841757014672,-2.811321266110571,1.1400024516892664,-2.5973157719866693,1.2216956063585835,-2.3620523440451593,1.0312874339614846,-1.8167597085349463,1.253032904312013,-1.2733411321873354,1.016464671452813,-0.01676747138152362,1.262446961759986,0.8484874021995015,0.9372213165235774,0.17344436444453082,1.2913493357575927,0.8806675364570483,1.086241003230015,0.30037899035328897,1.3032831396798685,0.8325043453432505,1.10695336180246,0.19500952606825953,1.3091188230698376,0.8162595924365065,-0.9310837687180826,-0.6911018557488114,0.9310837687180826,0.6911018557488114,-1.2022182774034529,1.355778684548221,-1.5021860387520782,1.1227823753286676,-0.8308566859596204,-0.9363288881866498,-0.818332033189342,-1.5227282952797163,-0.736378481847012,-1.157616735486543,-0.7203379363425875,-2.133063213819025,-0.9262062626976254,-1.0279515176932177,-0.8659593717755643,-1.459091882310597,0.20836009986950407,0.3327751122430624,3.167532016667149,0.6079345438502788,0.12599209353876278,poor
0.6423791185594977,0.5011104145040369,0.651255234895999,0.3774358866950696,0.6479453883991009,0.35990764027587285,0.6457354372107956,0.3407570550984044,0.6696513624631764,0.3817237602101807,0.6808696540171533,0.37423427118397284,0.6948522331989502,0.3698993513682136,0.6441372446674057,0.2618265777005226,0.7195211489368896,0.2689882920715425,0.6332238303220566,0.48914440764234673,0.6590852880099971,0.48440980108339293,0.6253503099064774,0.059080703518282006,0.750830346128104,0.30178723437969435,0.2362919068496079,-0.8683054258718131,0.44488197785821154,-0.5431676880233338,0.14760697117717916,-0.1334380442098737,0.4141476968419195,0.14047185226601197,0.16751131739450847,-0.1222081794860823,0.4135626550530468,0.1390899792253791,0.1789641186964036,-0.14176139632464704,0.42104776342415645,0.10193050560462917,0.19862383450025595,-0.1275020062517328,0.4310343304805068,0.09181859337824307,-0.9254139383766629,-1.1901128865430883,0.9254139383766629,1.1901128865430883,-0.7910355049917764,-0.32570607194146356,-0.658095771534426,0.13376773017662302,-0.7988829223156745,-0.11231846519803003,-0.7945285872037674,0.1620415948903807,-0.7708501966204936,-0.3559781413170209,-0.776116850008401,-0.10578475516740822,-0.686689254186826,0.5009021749066217,-0.6714114038257434,0.5265375406279951,-1.1896987163186703,-1.085861206836307,-0.5973739049541811,1.6652307927034242,-1.4481877401847432,excellent
0.45580862834985253,0.08306171610937896,0.4446839020736528,-0.022907443137119322,0.4391801279421748,-0.04230615207643079,0.4337801873119709,-0.062274565555637484,0.46159792378201703,0.0007555153643432275,0.46986382257192505,0.004308726737316448,0.47898472106483736,0.005634991216134436,0.4150245435152974,-0.1253742776239888,0.4753534935060789,-0.07698614160719913,0.4448052614365576,0.05674219153737036,0.46825339469321653,0.06899523492944279,0.3024772879278476,-0.03441731029456201,0.4745579637559497,-0.09459179427495885,0.059301213134248854,0.541728957826514,0.3594304500184047,0.5760200618585825,0.0656985506414486,0.6642303672200969,0.3102461895249335,0.5836023802146603,0.08113695876012159,0.6584650095484491,0.2907255099850772,0.5741721675790604,0.1164595771776994,0.6135019568210632,0.2946831567842357,0.5863645709435283,0.09463819841332917,0.6416237643932078,0.2952146376452624,0.5878753186857705,-1.6299967462714609,0.6807151402191627,1.6299967462714609,-0.6807151402191627,-0.6089885570691953,0.4288711782514137,-0.3875033941301001,0.31335207436327334,-0.6258646079393669,0.9085635572518784,-0.5201154256693721,0.9601980727704417,-0.57991394006198,0.8552271652055146,-0.4738977108408945,0.8388266142258148,-0.5572102432983354,1.0822760752281204,-0.4675434330818388,0.85785441791882,0.010161821572879941,0.10461814298270643,-0.8535937261742411,1.0174669963335778,-0.4317637467493146,excellent
0.49814253193300356,-0.3998878565535732,0.5058861969491064,-0.3962214412423987,0.5054429640517203,-0.38254205054775914,0.5051852121417507,-0.36923724895745463,0.5075982799769609,-0.44073756902296024,0.5078670015456045,-0.4555340706371436,0.5089532827875807,-0.4668595914895975,0.5089760976519747,-0.3878374580081444,0.5149005530794031,-0.49532295465202153,0.49305317630202944,-0.3821988175167511,0.4972532644423888,-0.4387647772527871,0.4732146364380945,-0.31904665037324687,0.5152081858069607,-0.5167262803388472,0.6889594997710268,0.7049176349825058,0.7428228977806554,0.6193863704680785,0.6497307272944931,0.6380430863479195,0.6914540940307055,0.7151412847445704,0.7306384427737754,0.7259128766791741,0.6834942927235667,0.6942284502788458,0.7316443318759945,0.7017923726135972,0.67390988223102,0.7137625063380587,0.7060509681491333,0.7012815463544804,0.6773638931505498,0.720422680532283,-0.5623616684174408,1.0555916172453048,0.5623616684174408,-1.0555916172453048,-0.5310456821767146,0.7828228480662026,-0.42752582239043874,0.6364851961608261,-0.49600412614149114,0.47334010827832673,-0.5170393381109621,0.527782271362553,-0.4833392497167579,0.3834770157336763,-0.5279625262709334,0.4998103015982448,-0.5256391892950943,0.29270432254574297,-0.5464206760690343,0.519150693089297,0.42852151293999846,0.5243102739853163,0.1478107925007492,0.021809329203871665,0.3096407735164385,poor
1.0922567736878215,-0.26911035206897865,1.1057855679305801,-0.346738404797386,1.108665996164231,-0.33322822822840886,1.111416861762542,-0.3215966495011719,1.0950327547038896,-0.41227506716512297,1.0870589615355288,-0.44643834025808216,1.0794273527071225,-0.4913131499841149,1.1125178065438068,-0.38422566677018244,1.0663430654941326,-0.6061926998657875,1.0902595486727034,-0.19693179438732988,1.0855817199862172,-0.27659566185037937,1.0893553478688844,-0.35554183143498874,1.0542456175454769,-0.5483682756338748,1.3606393583536036,1.4585214587720987,1.163310495443534,1.611458023173569,1.3230655017779798,1.9546494036149815,1.088472996955298,1.8735351621073812,1.2988245965206995,1.9085008923577411,1.1156401430410032,1.8299714914853915,1.2907752862427058,1.942198114977046,1.11165929882212,1.8483698426590238,1.2794053750936232,1.944610700184777,1.099473381096461,1.8664752398530597,-0.4276222738120904,1.0182435743752003,0.4276222738120904,-1.0182435743752003,-0.8157770733769478,1.2916031046588405,-0.858391158280385,0.5656847330711298,-0.8583274307245385,1.642633395139216,-0.8083567266288867,1.5894600759063142,-0.8802917484780184,1.6529677899985213,-0.8588072742505689,1.7985482499128904,-0.7574590051362832,1.521233897594445,-0.6026490819660558,1.5120730509143163,0.35665809164361234,0.4198976930076764,-0.6772058953892132,0.34953850516840496,0.30845649721936397,poor
0.5844132857245932,0.19029779962123453,0.5943673849685734,0.15970951589795535,0.5930969318933083,0.16860174406507178,0.592573866305982,0.17648688929030135,0.6037411428318076,0.11357863337915074,0.6090156305361103,0.08980370065063667,0.6149253758207672,0.059274375949773944,0.6066557297285281,0.14838860850242178,0.6331005823132505,-0.0008493909398687569,0.5768497848438892,0.21213219348513834,0.5898850058382541,0.1599113831241978,0.6230288432078669,-0.4197422329081957,0.6987540042468264,-0.06937289367370394,0.3104726929985838,-1.6812561750691757,0.4237231257163897,-1.8106495773321218,0.3099514169900655,-0.6667551638545604,0.553638557024259,-0.3206810099440853,0.31230838848280795,-0.6168736664356508,0.5239616791044277,-0.27648070818199516,0.3466793730771857,-0.5740204804114991,0.5220122679037686,-0.3042620043020587,0.37098654167556055,-0.5772657367344297,0.5359692802659399,-0.32143972763391937,-0.6196075769957685,-1.7570441255791422,0.6196075769957685,1.7570441255791422,-0.6835260353530882,-0.8227678713524217,-0.6429922870941115,-0.2958823230877489,-0.7632842503509448,-1.2995947721265515,-0.7181348486993383,-0.948277056759958,-0.7712973021911856,-1.5771236222171,-0.7103157589374907,-1.2908944269806144,-0.8087701573231239,-0.8507331852856096,-0.8107979821013778,-0.47278017985838755,-1.3058075042175334,-1.6700228179572782,1.797748802672261,1.7984264164884716,-1.1526452433336052,good
0.12111575533210234,-0.19828557425729995,0.12047014095855853,-0.14257508551812859,0.11859245013595081,-0.1283716343294893,0.11750820994751796,-0.11609480824126235,0.12726089802969262,-0.17603637624043397,0.12983851082123835,-0.18454167922383577,0.13297203263182872,-0.19317437392920242,0.11635821170101117,-0.0995487735790245,0.13825145750041773,-0.18000283130313968,0.11504238026749179,-0.1826803490415163,0.12295921154905995,-0.21762074191342587,0.07818506427015955,-0.004203376284152331,0.1491116523835569,-0.22646963339933726,0.23138804313445438,0.5777844783758919,0.3196345217922252,0.32581803870350096,0.2804553309961637,0.30506783864508324,0.295315457892025,0.1998620345374086,0.31656184005770543,0.3197908656213965,0.29123096456280906,0.16796444125604043,0.2968336606897746,0.2895949147862478,0.27453241781097387,0.18565939519532512,0.31069755533158344,0.32521003867771875,0.27867349858389606,0.19760938506801587,-0.5548592599581137,0.9635739397230221,0.5548592599581137,-0.9635739397230221,-0.12290849410627783,0.376288289459873,-0.06418394715636057,0.1626278235071805,-0.08428892934880748,0.36805269296245247,-0.09007681275778287,0.17001377478886495,-0.0817564471454888,0.4261093750516195,-0.10132864695878258,0.19642514552957066,-0.08391576032616754,0.24889589731445871,-0.0900091184045569,0.22271030045024462,0.3799224114952957,0.48937239169209157,-0.06745043563020817,-0.21464444061894417,0.38149702792214657,poor
-0.9640470148359475,0.12861208276778444,-0.9641128544436729,0.18142664320208374,-0.9624986916938114,0.17020625497571623,-0.9601364281424888,0.168215035527726,-0.9740554262890084,0.23091865658446634,-0.9790344282822699,0.2559968962448957,-0.9835711994551921,0.2805126326161959,-0.9558345519147519,0.2214849709904953,-0.9938139248983399,0.3503803009447779,-0.9588346799309921,0.09561573701639837,-0.971243090082973,0.17119600570395557,-0.9262329672040222,0.3468685181761609,-0.9983626095405675,0.4024618715270469,-0.9359992439274262,-0.09244325866024919,-1.0294016713407592,-0.1832313226481748,-0.9289362997263014,-0.7738763371527023,-1.0537648326443425,-0.8713768315923377,-0.9290380481331088,-0.7685241276687446,-1.0526584034614763,-0.8812539172903431,-0.949432489232598,-0.7924182071399296,-1.036054452311297,-0.8735505249391874,-0.9520692106529834,-0.794267780657145,-1.0343461015901936,-0.869887448950176,1.0020461697029637,-0.20256298905374825,-1.0020461697029637,0.20256298905374825,0.8799858563258433,-0.676723673141396,0.8728584345993324,-0.7759991962726799,0.9573620950418794,-0.5377129527765687,0.9502368995803452,-0.6678988610137845,0.9597136711913578,-0.37551741712779263,0.9505573404943476,-0.44960731673647913,0.9613810944539919,-0.7234302220795742,0.9534491801443506,-0.7962099927376806,0.9583614123603768,0.8297398222661986,-0.8079288059047635,-0.7471611520172597,0.9399482651326557,good
-0.9586651031737393,0.2550428414862257,-0.9611669767778536,0.2947360332184633,-0.9597150516868297,0.2906996385384656,-0.9585571645823673,0.2883030009479572,-0.9672161733556115,0.33830703882656665,-0.9715177612471861,0.36350821094467534,-0.9757002725762253,0.3906295908477444,-0.9611371670629734,0.3617844408275394,-0.986043755697592,0.4876546180930624,-0.9563709831052529,0.26977874454485634,-0.9645125484360935,0.33240909010461794,-0.9344654074997274,0.4888926756418747,-1.0057667967919974,0.5663186936856213,-0.856675687548071,-0.27431597870592994,-1.079702900919497,-0.2879098736276839,-0.9224246667809479,-0.964062621607047,-1.035847280853987,-1.038687721832111,-0.9326915325483798,-0.9706195788255723,-1.025878739208413,-1.0330108985655442,-0.9383262366847689,-0.9881656089278382,-1.0225754075027516,-1.0365215180868932,-0.9345159429094736,-0.9865581927034907,-1.0268046858634752,-1.0369888381177244,0.8823203594129997,-0.20100560157310657,-0.8823203594129997,0.20100560157310657,0.901877758078411,-0.9701361128194591,0.8826841543560346,-1.08302274224868,0.9663553952538305,-0.8239340866780968,0.9577607557180338,-0.9116987829959936,0.9654444732401746,-0.6629371546657322,0.9593247020320784,-0.6976825411092094,0.9753434644498855,-0.9348024368368453,0.9652494309459829,-0.9891956296203073,-0.20294273988481162,-0.1533465689072039,-0.936210110341332,-1.2037140804209068,-0.5217608770432653,good
0.4111812643357792,-0.11719464582625422,0.4182153936424067,-0.1026873896695702,0.4175694252247997,-0.08733913031573315,0.41684075829603523,-0.0713349960925957,0.4197708498718303,-0.1551057922702089,0.4190363854144663,-0.18170500502409875,0.4169009119885629,-0.21367007603919963,0.4268936354542372,-0.041446571934032186,0.4237229818449924,-0.24349069290691014,0.4090131499178067,-0.06591681280510156,0.413924325009977,-0.1336515440416018,0.42952664422141823,-0.11067351847058937,0.48914713510687036,-0.308049284048379,0.1230150091059302,-0.287319939216727,0.450596953467754,-0.8831348981619792,0.18605136051053028,-0.197208206423924,0.5445284243422632,0.03476742773149158,0.13461525902631985,-0.2248375719196665,0.5438256241556905,0.07372313130029537,0.2214515366614307,-0.1526271976061793,0.543494196967998,0.06807578830947619,0.2575130189529621,-0.1911112451448568,0.5330089801262637,0.06503041327224188,-0.7977203729833126,0.07963192197328538,0.7977203729833126,-0.07963192197328538,-0.5053925227525657,-0.1294808199118556,-0.4277581116565316,-0.01930742456706108,-0.4546577778829416,-0.5682283541246722,-0.46309130065418075,-0.28295569777099844,-0.45530796220911796,-0.7005754316938585,-0.4624909926941235,-0.49382976996062755,-0.5013333926821,-0.37732446819476245,-0.5453663547899328,-0.11229810518314633,-0.5892261854882894,-0.3858012770741019,0.9540543672760498,1.1324653449169402,-0.5430926905712771,good
-1.0051795569373578,0.4011060753808978,-1.0059322027501323,0.43171153976351206,-1.0014375123136698,0.4209409361965158,-0.9969702740866383,0.40854433460082623,-1.0139540190330332,0.4721385121274185,-1.0160869827807877,0.4905151458510853,-1.0185174986005585,0.5073860955321848,-0.9903517336072666,0.4404674546707977,-1.0186945376382275,0.5587763972365042,-0.9949792650399996,0.37953595253718586,-1.0053937828441166,0.43856084189748906,-0.9529814434466767,0.4843922097953045,-1.021270643776504,0.5775362016211962,-0.9264643353736567,-0.29350644654914254,-1.048276933042706,-0.2623562632073161,-0.9872502399445567,-0.9824983260016875,-1.0102253562137535,-1.0457628104612924,-0.988228324183654,-0.989418322910231,-1.0100631302372807,-1.0506784709883787,-0.9847106979474759,-0.9974740693933075,-1.0038262825682722,-1.051528279688281,-0.9882421279449995,-0.9975360361535313,-0.998851575687213,-1.052706872152068,0.8356561262566825,-0.15514525272235064,-0.8356561262566825,0.15514525272235064,0.9173242339888921,-0.9671165283779264,0.8854355059495783,-1.0489400944960354,0.9845364042426147,-0.7951369018634789,0.9624577883155779,-0.8556631152346064,0.9859243507259227,-0.6487546741127631,0.964113169183855,-0.6365202670004532,0.9941044460939751,-0.9346752615282109,0.9694252172429104,-0.9375551031314425,-0.005315921534213859,0.3123741811111517,-0.5766135353785891,-1.0503386516861113,-0.7074851405450052,excellent
0.05661457195395232,0.12465016202907349,0.0583553632312188,0.1451044645106159,0.05667107823366388,0.15544870349688583,0.05517863131984274,0.16555082548495217,0.06377343991985114,0.10942452465290031,0.06579023005345218,0.09684899726329185,0.06771309428352058,0.08109460343180805,0.0566288942722492,0.18605682987970376,0.07026283743028079,0.06370691918500113,0.0539373444016756,0.14175904336873488,0.060646133914718826,0.09856387330490192,0.010822677812679904,0.19319025438902515,0.08873955733666804,-0.03734910783727295,-0.18041575162487944,0.13202943752550192,0.10951380147588763,-0.24174797840814843,-0.05188346999081167,-0.17055531605476573,0.1574657632751547,-0.1073745014973267,-0.09632055913051311,-0.2029421940068997,0.16334729337748993,-0.13510112853880324,-0.036971869443776284,-0.23849927523651554,0.1521472319721389,-0.13061130691727124,-0.01758556961542067,-0.22167387675158945,0.15502431801138444,-0.1264226543700275,-0.6669823089326099,1.0798246026520024,0.6669823089326099,-1.0798246026520024,-0.18175721777866788,0.003648226395040212,-0.09100148271731595,-0.12729764598063434,-0.14808089252256404,0.16895677567984466,-0.09684817136484018,0.14071159039169967,-0.1556135195070336,0.23534158149616308,-0.115528982770999,0.24317078057926264,-0.16898350431311177,0.11102653456347193,-0.12594620296630651,0.21709018384454443,-0.40605812762365256,0.0021701423801291746,-0.21113112885699464,0.5743287855373048,-0.33375003053591307,poor
0.7013504239462895,0.6166491866784499,0.7053187797472876,0.4639241789534446,0.7003687273324185,0.4438995352507069,0.6965536334453862,0.42341672473980235,0.7254853983887043,0.4927746358052261,0.7364385491289233,0.4975150072774479,0.7499587976801603,0.5022393081634577,0.6927620070624678,0.3441486562192314,0.7688781330713499,0.425407087939701,0.6872350789255879,0.628452855286654,0.7179177386458291,0.6707938216240426,0.6974782386306795,0.24073245474244204,0.7988587956136812,0.5099711056238759,0.36667348399393807,-0.88538518265139,0.5153882693870215,-0.5967986522909853,0.31642747154775286,-0.20414806156900273,0.5107639036921398,0.12264931800455539,0.30923295282155544,-0.14675662432982098,0.47575667749009126,0.14771018623288265,0.3348752929423217,-0.1610141076907084,0.5012055546051937,0.13174582062148543,0.35964222291239034,-0.14951971011599863,0.5202650202631444,0.11643866675749567,-0.7546154243288019,-1.2707203596813712,0.7546154243288019,1.2707203596813712,-0.7955448277605724,-0.2959332592869239,-0.6776111611271309,0.1453176868425832,-0.7944071393622498,-0.20819773472635789,-0.805289585317761,0.19181834852734714,-0.7880644356018923,-0.3587225609326119,-0.76716178566984,-0.09422156674285384,-0.7100119117793943,0.5187455912046484,-0.6957882420597272,0.5608380347989839,-1.5258736245513629,-1.4334652150096119,-0.9371931164909664,1.4416191043793958,-1.6662777405394265,excellent
-0.2612643486876686,0.17802555536736214,-0.2733974794904101,0.20604076854294634,-0.27720124183142697,0.2067320859839421,-0.2809132068728449,0.2087932137365963,-0.2642900307304784,0.21386090200066726,-0.26188929088120383,0.21761379734561312,-0.259944479074646,0.21903664667443057,-0.28931029823131377,0.23331508943890267,-0.2581197184759149,0.22565153157568638,-0.2669358710444159,0.1552992724501927,-0.258101358220813,0.17446137562189634,-0.3325704324497593,0.4266450639550728,-0.25035736033852135,0.17615562752072048,-0.17493633456773808,0.6543619281821176,-0.10169891440568853,0.20626671233664814,-0.1365139215132843,-0.005669139379668016,-0.06508340557567371,-0.26152295582744645,-0.13580673891778816,-0.027770146006331813,-0.08152492901075925,-0.24581966462192534,-0.13370297998382896,-0.05172881489472344,-0.0939818671382742,-0.2237013323659236,-0.11061684959976724,-0.04297369890399874,-0.10051032373262435,-0.22133520401881643,-0.4333321240025931,0.9198107683847535,0.4333321240025931,-0.9198107683847535,0.2690116229572138,-0.11102823874146286,0.31813537604983444,-0.2652791858622659,0.3322304363456614,-0.056254772827285505,0.30802044248169824,-0.07308320959939005,0.3156997874093414,0.01420444064058088,0.29469051228464604,0.030707084831750848,0.3087873082621827,-0.1578345058363514,0.30075226443443054,-0.028157369706542194,0.5750652547035513,0.4368295244050649,-0.6141062587031457,-0.9655803713783137,0.5327355501033949,good
-0.9346279115515982,0.33183647703124264,-0.9346730493528733,0.3294804354162739,-0.9332249401746971,0.3729752283334081,-0.9309343376346395,0.3684059517149327,-0.9423163466310246,0.4118294058231556,-0.9461184996057616,0.4310338684463434,-0.9504359239070398,0.4491447551606332,-0.9307332995761078,0.379092888924934,-0.9606061499432289,0.4705049558447662,-0.9301731034722748,0.2798840807533147,-0.9369618565764737,0.3416813343148399,-0.8928666790222913,0.44265855594719744,-0.9681906435469997,0.47368018438658344,-0.8784337321516882,0.037824583186067316,-0.9991175826769564,0.001332920003482862,-0.8810139866888027,-0.7101150729571003,-1.0105567571791343,-0.8320148296930086,-0.8769880540679118,-0.7238635064021299,-1.006057770638692,-0.8420697566243577,-0.8950392365598091,-0.7322745388978953,-0.9940593968261857,-0.836162207226005,-0.9001491011847415,-0.7309125183368367,-0.9926988794542739,-0.831926135526649,0.8675037334409147,-0.11356608592501365,-0.8675037334409147,0.11356608592501365,0.8450507488822855,-0.6307750406351158,0.8746800765619573,-0.7718224287538192,0.9257948910754988,-0.5074134821946835,0.9396012072481384,-0.6159824751957776,0.9265221970493176,-0.3516066815450551,0.9375089194498197,-0.40086403998121445,0.9357897177351259,-0.6863186531059245,0.943551570024884,-0.7494199171732437,0.9321819296768787,0.7420315545343591,-0.6756235525565845,-0.7762888804634931,0.9968752230848161,good
0.9655180082750552,0.10047224211516247,0.9760885298103231,0.07068242961194474,0.9757009313032121,0.07525858192376446,0.976334081465272,0.07895554661042199,0.9876127713973927,0.01703934111755729,0.9958118799464115,-0.013036636580663244,1.0056286609080054,-0.041315867591559065,1.0002184972683756,0.05296497163028722,1.028803227162539,-0.13829000850092169,0.9600388904060507,0.1090554365246993,0.9730607557471818,0.0411826616425144,1.0545938324297668,-0.6608052269646223,1.1027103861190468,-0.3470749162925891,0.7715712389284134,-2.208099961452561,0.87278771129977,-2.357334949417992,0.6847862619939099,-0.7882112547795938,0.9164573260219879,-0.09349363096944507,0.7430287495770818,-0.6347222097952993,0.8825039661222307,-0.051669100822227386,0.7577600994896175,-0.5414017988493397,0.887655320875791,-0.09375942182788355,0.7835355582831729,-0.5368645100852395,0.9099141576773985,-0.11158211203631323,-0.621247994845063,-2.0321561373857913,0.621247994845063,2.0321561373857913,-0.9901592142211668,-0.5818775211412258,-0.9878829396452841,-0.02422931475794322,-1.0557389374752222,-1.3623356099905908,-1.0679340723493025,-0.9558843787330019,-1.0449150369760556,-1.793947433723769,-1.0677283075649782,-1.5094473367866945,-1.1308769371296743,-0.9303059600720666,-1.1777708421376063,-0.47631951463330235,-1.4207307207646012,-1.615059371903191,1.6740660159783531,1.7637265280194434,-1.2647667922413184,good
4.649309754498878,-7.163499564523995,4.616437423069884,-7.256839661764415,4.646247174816149,-7.251816379448113,4.674062254400727,-7.234109053799654,4.504897577999736,-7.207443243713221,4.448469997251378,-7.186959255386406,4.384453525120448,-7.1573992680320755,4.668303774638182,-7.17127138565082,4.251042991402437,-6.997520798018449,4.748867095748515,-6.946184777381714,4.592534707508846,-6.947246700078749,4.842770059052327,-6.816437969762886,4.275168899723405,-6.78376260113438,4.405006786477113,-4.760439218360328,3.9391859362236032,-3.648250976684943,3.651958376092534,1.637024282781759,3.9822583208016784,3.643743999987632,3.209052168919951,2.300466253249111,4.02781477183598,3.8501435663750394,3.5128340988595634,2.0688127624970067,4.143259888742911,3.713087625530307,3.4625471838432214,1.98507271444542,4.150261552636665,3.640149239325089,0.7342822916788659,1.761226378270215,-0.7342822916788659,-1.761226378270215,-4.318430642378432,4.407285647085541,-5.411733300646122,3.806153014127219,-3.7860530045808747,0.039584274597181855,-4.0312557146581165,-1.5027036269782628,-3.733747857349898,-0.8373919812194888,-3.7273966523100226,-2.890134748780764,-4.095590912652618,0.0032865828407384052,-4.254277245458378,-1.1236139456776577,0.11492173865587842,0.22159982442518159,2.579517213142809,1.1909850357918534,-0.1507283730912034,poor
-0.9296828609264348,0.1577490928379039,-0.9316013812162113,0.20734628522061327,-0.9304365126668963,0.20098578737846773,-0.9296784891403974,0.19681291756926023,-0.9391635723978795,0.2474043899738784,-0.9429540113137675,0.2695516995047708,-0.9466680887830506,0.29536783744670125,-0.9321400415707962,0.2650899160968314,-0.9600957307781868,0.38839459907653934,-0.9263591642818161,0.14363839885217755,-0.9343083579636575,0.20283249010933066,-0.9025642737111611,0.38391140933319595,-0.9780368159108409,0.46945755320690147,-0.90171666110835,-0.03399251660832282,-1.028143823226058,-0.04521291631116886,-0.8893402412959638,-0.7592246535163838,-1.0837526546320322,-0.8200970294281088,-0.8844701900542677,-0.7568978430995301,-1.0866530773878207,-0.8335637497574344,-0.9048544591943357,-0.7676299581298719,-1.0684600018938644,-0.818262753289127,-0.9073099352399222,-0.7695414622944984,-1.062863232751407,-0.8135231897964483,1.0752165224266963,-0.07677674710763713,-1.0752165224266963,0.07677674710763713,0.8753149021017951,-0.5466282999762108,0.860119654850662,-0.6577523784210081,0.9463579208499352,-0.5104087216510417,0.9364361335305827,-0.5949461773962175,0.9442591629774043,-0.3837384896264557,0.9475594101607728,-0.43084908316941384,0.9499783326877609,-0.7171793325396848,0.9498465464412933,-0.7686259226091885,1.0085590799523947,0.8567278980912291,-0.7616230881097749,-0.15390781888250737,0.9213662673639418,good
-0.5074375262288906,0.014578946213635608,-0.5141644216289174,0.04648264535435054,-0.5182830987300169,0.03754080318741595,-0.5226730437730231,0.029314039345505635,-0.5069579363568567,0.08318711388015623,-0.5059509219173797,0.10032410337875124,-0.5058773264193596,0.11746711490217676,-0.5491298597832898,0.04286455974483859,-0.5223759610789656,0.15115398622284085,-0.520161733925811,-0.011648291704956794,-0.5122628652748168,0.04245600493621963,-0.5597161282750872,0.2654803409565139,-0.6168514435977281,0.11309123760791322,-0.3474129200811132,0.3161160946393581,-0.5757535062889912,-0.014373958674950515,-0.18750440177703653,-0.43637268121597994,-0.46313511141619923,-0.5452774937552626,-0.20900091832282247,-0.3985490064936041,-0.4524174373641202,-0.49397101674929383,-0.22317340995303675,-0.4065199482977591,-0.4662358545566857,-0.4835762661409936,-0.22078081885478978,-0.4122084442880757,-0.4466978675222834,-0.4969928912008999,1.5289890132250616,0.277086247680763,-1.5289890132250616,-0.277086247680763,0.9802602082340323,0.017960592314010416,0.897323796340351,0.03985901975041772,0.7404443712333586,-0.0253339469184738,0.7227401797238753,-0.1162983127237049,0.709835831162325,-0.013734332407387447,0.7048755903190339,-0.013558341712850256,0.6958680398926215,-0.1779386655991509,0.7011371097357806,-0.2985389640700764,0.5310940754333103,0.34139665977528827,-0.8135251886961087,-0.18387435461905852,-0.07491910290880478,excellent
-0.9706558428720325,0.1936457886585103,-0.9705115208189834,0.23556412794440817,-0.9684486895601161,0.22797402436436937,-0.9665199508426394,0.2216279606623845,-0.9807901825589705,0.2810736174122296,-0.9853327657076125,0.30258923495944096,-0.9895974329345235,0.32450225349024575,-0.964787663306734,0.26289185635081036,-0.9995546287137587,0.38038217711993727,-0.9634221785774512,0.15293409796290575,-0.9768371674571742,0.22499930747267752,-0.9319067081265009,0.31947328416596404,-1.0034705702559485,0.382107967748259,-0.9458958652292699,-0.12284573413130871,-1.0242571134355556,-0.1703772729715023,-0.9312157403422684,-0.8249884294735657,-1.0404763604344849,-0.9195792436739832,-0.9324073761074492,-0.8316646536621596,-1.030229261968935,-0.923856483518932,-0.9467592671304329,-0.8453935373730253,-1.0209421709923223,-0.9189880252393496,-0.948230697430287,-0.8439921068908393,-1.021391746758914,-0.9164955545098128,0.9106955278655824,-0.12371210583157415,-0.9106955278655824,0.12371210583157415,0.8821271521611607,-0.8003037715003049,0.8818048651252907,-0.9136884160875308,0.9526675156726643,-0.5826623202229081,0.9607135789969037,-0.6935990816270606,0.9505137089472296,-0.4215221833735857,0.960782747183076,-0.47574318698453155,0.956238253273979,-0.7924778456248921,0.9684193589384148,-0.8426712215458156,0.9883292419301914,0.8666858450973214,-0.8250170628439885,-0.9994825211818618,1.1043145953924183,good
-0.9540419504677323,0.19694787612357878,-0.9571457901961397,0.2433731745617471,-0.9552870165923079,0.24133659072161323,-0.9537226035074312,0.2397885723261605,-0.9630028598397824,0.2856760313134798,-0.9676520114736865,0.3089999075452401,-0.973362915489643,0.33980066017588506,-0.9558762759403421,0.3143529251348069,-0.9904882994680936,0.43990808440293167,-0.9521448782561569,0.20209920426169334,-0.9604679498487889,0.2640186350310739,-0.9343833264615415,0.4145752855793094,-1.0057363324067594,0.492171947021567,-0.8245773100550483,-0.20038784234665907,-1.0766858068292673,-0.1879945375856691,-0.8731048832168324,-0.8576605690350637,-1.045070281238916,-0.9415613522059536,-0.8874352842906299,-0.8550178468989598,-1.0334245538835276,-0.9430097702647615,-0.9035057637730937,-0.8687462031374786,-1.0252190862797537,-0.9406177677359483,-0.9014741152860749,-0.8693824155154486,-1.0289058257012313,-0.9395982405338014,0.7129473494952847,-0.20376593112099442,-0.7129473494952847,0.20376593112099442,0.8813190452902637,-0.8433835967046984,0.8981271600233917,-0.9365336165724296,0.9512549040201437,-0.6614649442533599,0.9684032180657453,-0.7338931057605965,0.9481085471001645,-0.48150549374034973,0.9673755631518081,-0.5137541459408395,0.9566186986637815,-0.824575744726939,0.9782953336031168,-0.8665179155645303,0.17970463391243982,0.3270550572339067,-0.895437894678723,-0.8624744892043305,1.1292943793055166,poor
-1.0234738312130516,0.6052774876486916,-1.0152192706947507,0.6309791211371797,-1.0062441089322791,0.6278292976428493,-0.9991161406995978,0.6227525070955524,-1.0304751798229532,0.6525901482442715,-1.0329033912948495,0.6655822393097519,-1.0355587364736885,0.6803416950335373,-0.9879265827882934,0.6258019347197744,-1.0344587740704094,0.7157589992599404,-1.004046502681764,0.5712774633651571,-1.011653145628721,0.6191409713768014,-0.9643173622483686,0.5920645975490081,-1.0317069868686526,0.657047438103417,-0.871723399680253,-0.3950050574113244,-1.0786213831084126,-0.49127109937406926,-0.9460817551676219,-1.0605507192874382,-1.0197147162627977,-1.0946416376935033,-0.9530222913573241,-1.042863241269866,-1.0155557351964117,-1.0893732329458998,-0.9562531648649041,-1.034716218906753,-1.0154317625027005,-1.0808522038390407,-0.9593323684042172,-1.0353029189005658,-1.0134179800043275,-1.0826474044598962,0.9601583001526293,-0.14044598840171554,-0.9601583001526293,0.14044598840171554,0.942535819186138,-1.0067085238292246,0.9142612204442887,-1.0256830034142759,1.0005698785695847,-0.8364557163800816,0.9898316473566456,-0.9474068718078515,0.998903726313336,-0.713243165814525,0.9882143419344349,-0.6833477930856013,1.0018526594678936,-0.9733205099114459,1.0065406431360453,-0.9555749879801344,-2.1385633446470504,-2.786886360251824,0.27576395633478634,-0.5547674301677626,-1.683468346872109,excellent
0.43996216072903915,1.0857860965639834,0.4572891578744813,1.0489265943164432,0.4559045292939409,1.0593158675860157,0.4550602752677779,1.068570046055736,0.4679466479219411,0.9703791260730968,0.47531887531471323,0.927731139879827,0.4843863056970299,0.885615713920045,0.4619273256375219,0.9970319941563975,0.5163630690408685,0.7904648485402423,0.4285912148926911,1.1303942956224753,0.445203724357575,1.0212131329560443,0.494894798181299,0.47213998197364976,0.5436816605484791,0.8314949907833761,0.2422520340894439,-1.2071004234516347,0.365576476460604,-1.0359531272925568,0.038043300035636676,-0.7359258605331257,0.2993935442968807,-0.2773612490152852,0.032656705456331266,-0.6173623997596792,0.27938964051818993,-0.24177658176665434,0.05300903597957505,-0.60592102694499,0.3016156218424093,-0.28793238942039,0.07646540565412023,-0.6113622888019662,0.3109079465611801,-0.31084733694085825,-0.015059671600025684,-1.5032314714879718,0.015059671600025684,1.5032314714879718,-0.533787862265801,-0.8849360841949412,-0.450756217704765,-0.2835912865057642,-0.5443265172321359,-0.8719127511862763,-0.5716224758259895,-0.4884053283160892,-0.5416731387593531,-1.092120086787253,-0.5348076160748778,-0.8299654011247763,-0.5112510106966424,-0.14301046856400598,-0.4787700400664785,-0.037806986583470197,-2.0527936895825234,-2.244407160591817,-0.8004874526244079,1.6411506307136623,-2.1411180054722263,excellent
-0.9609148229345857,0.12248705925839856,-0.9632979542731,0.17217295056677345,-0.9620827348276668,0.17014740651922786,-0.9608127321776173,0.170683196099073,-0.9685454031893793,0.21194456483650245,-0.9727138780567632,0.2385516274585209,-0.976960771007818,0.26827327472007667,-0.9622349558482225,0.25676119199882164,-0.9886846948879094,0.37668430967837097,-0.9592280719083524,0.11856189886178094,-0.9663532335558634,0.18106320987555613,-0.9351892578509685,0.38872826025758755,-1.0063712250734629,0.4710744566111672,-0.8849458510558695,-0.29163954603601844,-1.0664815229853692,-0.3155930868954629,-0.9281285500376567,-0.9579405117523866,-1.0327587759143237,-1.0310780471709537,-0.9350943643436689,-0.9569722604480074,-1.0232231439802169,-1.025328594880873,-0.941051498445919,-0.9761660690725807,-1.0147449027630697,-1.0285192763939004,-0.938252411006895,-0.9764768767188101,-1.0164127410157406,-1.0286494858716988,0.9069237456908101,-0.14214276145973323,-0.9069237456908101,0.14214276145973323,0.8913401619117518,-0.9482304952651015,0.8821698871500743,-1.0575204794144006,0.9532274634167013,-0.8110284555781184,0.9588917436180092,-0.8956682128258219,0.9540946891043494,-0.650712898067969,0.9630064639716487,-0.6743045357052327,0.9631388873825184,-0.9315692803446051,0.9669222503396171,-0.9923004141312091,0.33512180558826304,0.26105756754342346,-0.723304270167819,-1.2090220064612553,0.033641649225445595,good
-0.12029581679157896,1.0605218218965464,-0.11032161467918904,1.0047073586879782,-0.11358742788405637,0.9892959894201055,-0.11596243567538077,0.9708736070345,-0.09526618071068985,1.0225268843824005,-0.0877498087679538,1.0210929066984784,-0.07876986118191215,1.0178510192991512,-0.11319171410222499,0.8907559449210795,-0.05503777581310119,0.9698218129220382,-0.12697101156105167,1.063801893819457,-0.1070999746397706,1.0814606047457795,-0.13178147792150915,0.5434290356568386,-0.014262806376967682,0.9099832394935595,-0.2994633479984143,-1.119069626217298,-0.10235719398629366,-0.8439355943850078,-0.3778878659429196,-0.9741065693102596,-0.16005379293044017,-0.6694321873096434,-0.387316781033781,-0.9269507946167256,-0.17279602818871032,-0.6386668952157555,-0.3531670684149646,-0.9147409632009461,-0.1701789965296817,-0.6556333589727401,-0.3367242617234404,-0.9070577914361652,-0.16024938249001597,-0.6682604341605443,-0.3862248162642856,-1.1146230049924524,0.3862248162642856,1.1146230049924524,0.00056835852885668,-0.8783284451921314,0.10090601939240172,-0.6479026577777744,0.007102922098468522,-0.8216394381095046,0.04455961991950159,-0.6633249121930592,0.018504683231288267,-0.870468183153411,0.06300259835465565,-0.7320511157909132,0.05182219500394888,-0.5101430030906345,0.08432404269865221,-0.4652499942747623,-2.5711239872357963,-2.5325697085474377,-0.8398712190977593,1.4717487522957269,-2.268980603736244,excellent
1.0788393253779782,-0.7596316178207991,1.0993780656224876,-0.6833741474972881,1.102589427350635,-0.6440562551380693,1.1059985623234998,-0.6072529428838337,1.0912631881829764,-0.8196531540424365,1.0877325577078585,-0.870633777981178,1.084500301530172,-0.9246891198790367,1.1313558528227692,-0.5875584168052311,1.1081276934356628,-0.9740374176610662,1.0672889630528906,-0.7075442241133633,1.0477288302660774,-0.8842677228689256,1.0650150508350122,-0.6293183069898225,1.0434650100468326,-0.8043360048075212,1.3680808369287567,1.5317036556550165,1.386753764125618,1.5967159331201721,1.241829803112029,2.377586657212972,1.1778581051942736,1.887709551015983,1.2445949995197845,2.2843355522146243,1.2055660920316618,1.8344982199594653,1.1865382721257804,2.2298541477849327,1.165690713608033,1.8769758961324359,1.1506088307482085,2.2798672825844646,1.12148793697351,1.9102286976049392,-1.1964962489136792,1.4209325963887909,1.1964962489136792,-1.4209325963887909,-1.33521020856496,1.4814702640448154,-1.0992374057955243,1.2468862114249855,-1.325348623248364,2.475884887828386,-1.2081991426686038,2.3673031575580064,-1.2526254141447637,2.5112220498938562,-1.2645023999223788,2.358339179565044,-1.1917984419713568,2.5356360116017926,-1.0737950824410436,2.190546396453617,0.5211636692491446,0.6686397639306467,-0.9218105621576528,-0.007636874804782549,0.03873646252702252,excellent
-0.9611353756220294,0.3217882140786137,-0.9623988134046796,0.34465414179802506,-0.9603375240269278,0.339908764673056,-0.958654058599513,0.33744520760788066,-0.9696310335215569,0.38849125160373543,-0.9739545905208942,0.41315298542358525,-0.9785851950910247,0.4389055551830743,-0.9589249887827974,0.4114815748599363,-0.9907006703787796,0.5265119498803006,-0.9580042275401985,0.33720745284508624,-0.9671888899757874,0.39097857112864304,-0.9352574513826706,0.5241152735662055,-1.0062370638296596,0.6083078004737218,-0.8605873591368636,-0.3826252053322146,-1.0870805205759415,-0.41046943413656867,-0.9243298129262683,-1.0103510892785348,-1.0368240857409516,-1.0827520486136057,-0.93267707289654,-1.0170032411861878,-1.0301528793404615,-1.0772370356465442,-0.935726636080992,-1.0294090757598886,-1.0219862234412656,-1.0807839371871168,-0.9328739274673207,-1.028478214134488,-1.0223679703911188,-1.081803473272096,0.9373353112083378,-0.18030655618929345,-0.9373353112083378,0.18030655618929345,1.036639195488864,-1.0442141063859542,0.8722104469718781,-1.1331788574746249,1.096219198882688,-0.9224124284503411,0.9406973754121871,-0.9011630058445265,1.0904992406256897,-0.7648259220117618,0.9429446468008192,-0.6692399744145834,1.1301097512348863,-1.0487346047581243,0.9375041970901945,-0.9711142747111603,-0.9846364805849777,-1.1138842841767376,1.4148472091069093,-1.1922505099331822,-1.0253398988336961,good
-0.9747967777873545,0.32853774525059026,-0.9748965882444779,0.37793732691020804,-0.9718981183603309,0.3714838665570004,-0.969129004337412,0.36512686863414123,-0.9843548011671882,0.4191963423922654,-0.9880736485933445,0.44267601231824655,-0.9924192184909072,0.4564056640957624,-0.9666939922093816,0.4025111583564406,-0.9998476881747548,0.4882962911572378,-0.9673901711736033,0.28793899661737654,-0.9783043820522709,0.3569061716976309,-0.9348476886845866,0.44318975161242574,-1.0060100328497292,0.5262635164643623,-0.9313435318032045,-0.03261074479131479,-1.0209979254538932,-0.026217801184048477,-0.8874306953339335,-0.763537329185945,-1.0414744206318214,-0.8572165967886325,-0.8959317079182023,-0.7661431341625193,-1.034282809118597,-0.864549933623323,-0.9137738908616262,-0.7712186842418378,-1.0290112243243357,-0.8549417927857971,-0.9129868616385162,-0.7702859074395384,-1.0305455455894144,-0.8524189152772813,0.6657611577686707,-0.24726003980146657,-0.6657611577686707,0.24726003980146657,0.8756011829200686,-0.7128281881719312,0.8956506816768005,-0.8065494445040281,0.9496783915503768,-0.4828712545294337,0.9683206398070249,-0.5696487801411481,0.9463048922806625,-0.31638465690292994,0.9687936316823724,-0.33149125039394317,0.9601225966021962,-0.6970672031483631,0.9770940802617524,-0.757349672598291,1.0153720727819309,0.8891437057788619,-0.8823888828498263,-0.9460828480166716,1.7152828665312396,poor
-0.9674128667474832,0.29161225965793336,-0.9676212286453061,0.33683647123730015,-0.9652864463965894,0.33332642770948295,-0.9633507285186362,0.3296817301759564,-0.9763060853157878,0.36958901702313784,-0.9804465591116012,0.3902713671482333,-0.984603035524032,0.41238861351330197,-0.9578188473714356,0.3709061403279089,-0.9952970821398808,0.4759891772013593,-0.961849074899619,0.27260347974564575,-0.9729683227634649,0.3316284183731472,-0.9276021012854058,0.43506546300606136,-0.9998381653208758,0.4979637134256731,-0.873231172699052,0.028171895874436626,-1.0518777173658114,0.020766771712131232,-0.8540213845897904,-0.6774532515904343,-1.0819949420367458,-0.7831589424278222,-0.8447570992204987,-0.6765485565745034,-1.0790597830885333,-0.8002750234352145,-0.8869283589400525,-0.6854524408930186,-1.0612137210735428,-0.7763383635873427,-0.8914257025027432,-0.6903875087372707,-1.0633032196939813,-0.7711407088371782,1.0385605119957475,-0.14360163541534954,-1.0385605119957475,0.14360163541534954,0.8881653824590722,-0.46913422701488633,0.8844843965082456,-0.5875455791849108,0.960273107700959,-0.3887555910427392,0.9673780272795718,-0.5159684810324189,0.9593226693403271,-0.24313316845486124,0.9673995834094666,-0.3113517861622365,0.9691192328460807,-0.6539032121128535,0.9791573161183006,-0.7298965392756128,0.8084137728008677,0.7904962865318218,-0.8000995857101352,-1.075613678194737,1.4085711666545264,poor
1.0029261793935549,-1.2403720349120677,0.9899803247245236,-1.21991043492788,0.9885506803050974,-1.2181174278070155,0.9865879006759306,-1.2210157909084431,0.9883263773870476,-1.2252304324192318,0.9870222728685546,-1.219682503644795,0.9852225390179556,-1.21515416217722,0.9687965224713092,-1.206522193167167,0.9737792293106781,-1.2287918951488344,1.0067589873275242,-1.2516146743097452,1.000158889567208,-1.2618781669577004,0.9183205380666888,-1.1840220727162385,0.9716067980741159,-1.2766084713376384,0.9769345888729565,-0.17188785442224944,1.0732198817981053,-0.2867221609498115,1.1842555441390967,0.8920782017704096,1.1056425274265507,0.9287749406644802,1.177938656350594,0.9160019779689613,1.0870500569057973,0.9469894722021124,1.1612513828588245,0.9236871439065709,1.0743697165254351,0.9248093217512354,1.145103304724123,0.944626770335667,1.075729010661294,0.9255753754296856,-0.5480757682501813,1.3342032984354821,0.5480757682501813,-1.3342032984354821,-0.9468515823539155,0.974562739383911,-0.9540710850460786,0.795454818921402,-0.9194269031933462,0.16694255491940524,-1.1116384038345812,0.6003547806499153,-0.9227223268550323,-0.04063669238307448,-1.1740614254328454,0.317207930861965,-0.9680233889708114,0.33563611063269827,-1.130025981555236,1.128057568860024,0.10400168579015648,0.30105221646096497,1.3630983418155473,0.17349668248189368,0.38675578040079633,good
-0.9603554837095797,0.25284215620362716,-0.9627172711899643,0.29028841753648843,-0.9614660744562918,0.28614302973966665,-0.9603393705136981,0.28393309393526084,-0.968261407942063,0.3340718030300635,-0.9726246504023929,0.35992073201811986,-0.977215889450832,0.38713050409509864,-0.9619367217667156,0.3643569392716407,-0.9882225596233774,0.48182086599539126,-0.9586659302984512,0.26861879975026076,-0.966770978775528,0.3310527383102403,-0.9383590665467326,0.5005048628149419,-1.0091698988589788,0.575653158989248,-0.9032499657130654,-0.3204197800087743,-1.0737616460528139,-0.3486017380339278,-0.9436254974289642,-0.9873914336364118,-1.0334867281287903,-1.0663382129537329,-0.9471978573718375,-0.991701718721969,-1.0236209598423058,-1.059938383259399,-0.9465266249167964,-1.006553801886515,-1.0170290874174748,-1.0633013659432264,-0.9469935323281863,-1.0064871754810687,-1.01695012454145,-1.0638369549271791,0.8896853353489982,-0.16596364121274404,-0.8896853353489982,0.16596364121274404,0.9332477589431736,-0.9837204137142433,0.8771640973401088,-1.069980111054255,0.9796584082887306,-0.8368627927349971,0.9526500956138417,-0.9120648518702114,0.9806709301070047,-0.6897933926945984,0.9561987996031861,-0.6624488715582192,0.9895888586936477,-0.9533600744605067,0.9505623091180982,-0.9849083516024303,-0.05174515679447739,-0.2869547773497851,-0.7646852235386348,-1.1402409709747634,-0.6683369431329449,good
0.7736827919265132,-0.4657154304542026,0.7722861042357655,-0.5063401776870172,0.7668510589746708,-0.5202519176785652,0.7608208402614602,-0.5351453532305551,0.788796776272751,-0.49081992221596005,0.7970663856753127,-0.4876446151368099,0.8058722536695163,-0.48215044679846547,0.7368750843412052,-0.6347249945397456,0.8124030736541218,-0.5351269881677234,0.7530051690059573,-0.5306829300034756,0.7790397646069376,-0.5058830836887638,0.5835833992152493,-0.694483208308528,0.7329328298637422,-0.48718312055375035,0.7260468939768099,0.6915286730780593,0.9590163515079964,1.1981566253550873,0.6411178937998703,1.447063237750575,0.7571718218157387,1.2159062608375377,0.6329864972673139,1.3700353140006745,0.7624012098747591,1.1675115664057063,0.6181694601736408,1.3435429299855126,0.7186766073484949,1.2130375430642708,0.6170347066344468,1.3827507032450992,0.6943197732873634,1.2273058561785741,-1.6804844987193144,-0.835978723635996,1.6804844987193144,0.835978723635996,-0.9334352747713056,0.6126071908337751,-0.7127955956165336,0.8054097893415698,-0.9750389983434171,1.5745010833265256,-0.8599778739308398,1.716775478082604,-0.9293656665410442,1.6308414216735752,-0.8173769770345038,1.7811523190547858,-0.8068311175642627,1.6500237052939752,-0.7364158435877457,1.3791959529944537,0.5100286075213585,0.6201263984961383,-0.5478113660824372,0.1902952997999541,-0.007341949860429026,excellent
1.0689203364317739,-0.49661510063145864,1.0751005930878825,-0.5706485693598642,1.0709697771750186,-0.5948414782175007,1.0664723463742263,-0.6211036210833818,1.0924140792352284,-0.5568251768692135,1.101832321233753,-0.563657039273032,1.1119710206570814,-0.5687866922266821,1.0493517064166238,-0.805908262960769,1.1250579869020811,-0.6843324525710384,1.0490780576177618,-0.6080922777200451,1.0761296494103316,-0.5900602127193938,0.9166864647681559,-1.0040349971641114,1.0163465182462796,-0.7629507960818062,1.102947824431262,0.7153865378507487,1.2149142112989975,1.0602009854932377,0.9599858256189707,1.8280516535211557,0.973474721834029,1.4895226740430116,0.9543022358634226,1.7556049194258678,0.9773702265364758,1.473706771010728,0.9330697957334676,1.7246442343532467,0.9502917622161454,1.5089597819655194,0.9202077439223975,1.7657453140272372,0.921359183085606,1.514208639198241,-1.6361131642219278,-0.957516649800626,1.6361131642219278,0.957516649800626,-1.1853494957442596,1.027769860375086,-0.9950115412427002,1.2603095020825592,-1.287865897656199,1.7100951290997672,-1.181548446962766,1.9961517985936605,-1.2380545712343503,1.5699891272626465,-1.1286346982593356,1.880665990982113,-1.1141635583261087,2.020467151726427,-1.00121520751969,1.7823175289352728,0.5062289286640435,0.5678440661188308,-0.375212677882428,0.35395299489860427,-0.02998228884918368,excellent
2.7020650986215897,-0.8611885949967198,2.7227688940956987,-1.1188665211091082,2.7203917114028213,-1.1629362900536357,2.716612801377674,-1.2143305503461042,2.733535485773345,-1.1305431543183404,2.7409141848066096,-1.1693334299112366,2.748387889703416,-1.2138133128009627,2.660422581500072,-1.6845726275506137,2.7136906338254474,-1.5732344638414082,2.66292503515653,-0.8525804131408,2.675812687342559,-0.8711797915752397,2.6009829207222634,-1.4936829177776483,2.296034269349785,-1.6714259123655948,4.461525134606535,3.9328367116205363,3.4586856929887073,5.092823143457642,4.758133391575866,4.992121994967216,3.935610665165829,4.502247383106438,4.544074025418389,5.075027472004147,3.9380081589687745,4.395259846990874,4.34304644909896,5.051285948720353,3.8737091828203107,4.490217816960449,4.33072291774459,5.041673111323673,3.8659456167421618,4.429021108411968,7.209766046453247,4.514751166223547,-7.209766046453247,-4.514751166223547,1.0661509412112078,8.54967517600045,-1.2689484516444192,8.285550531358641,-1.0096231987363302,6.769993139210108,-2.113309423044859,5.3116763661539705,-1.0941793938810902,5.96282393856224,-2.4266931232376967,4.361004720324489,-1.302487010516862,5.751765751751377,-2.2569429012410573,4.62527974810475,0.6688719385139846,0.5665987404151264,0.30464439295784335,-0.38236095565910455,-0.05464577273701527,excellent
0.44138184279049025,0.7825227152046595,0.45056190161952175,0.6742798831415254,0.44713563686334623,0.6575286047249095,0.44461698103186786,0.6393480090327207,0.46871488848501525,0.682175851139569,0.47934691473231045,0.6744737203991418,0.49246981666459766,0.6669643933398933,0.4433124157934605,0.544136153506257,0.5159371843163939,0.5774660306330387,0.43321590144139266,0.7782158627680226,0.45875866183102376,0.7884102363697263,0.43028467086618216,0.30489933407996966,0.542141775752596,0.6143471272070715,0.09241006829906359,-0.9989406946786767,0.29243276395020296,-0.6257780758876724,-0.03988842850226261,-0.4039161773425595,0.27414464886973366,-0.06768749500631392,-0.010000853852050325,-0.3833413178871136,0.26754702112244444,-0.060962632630351635,-0.015236674620275736,-0.08877475299041653,0.2771069961626442,-0.08503354059551373,-0.013613453970201266,-0.23942983355893302,0.28948657117478266,-0.09389688310652065,-0.8861112919547479,-1.2335389947332147,0.8861112919547479,1.2335389947332147,-0.6451565725572528,-0.43908093108861934,-0.5154252583061112,0.0003051693802720416,-0.667966134443417,-0.4350906701775598,-0.6123240777715253,-0.024445906820918184,-0.6229572190614893,-0.5688565764922576,-0.5509416680625911,-0.21118253300052883,-0.5669979551836711,0.23976898480315503,-0.5126707412091545,0.28809605162149865,-1.6369893256222185,-1.5993858215045769,-0.8307019293857287,1.6588047152358898,-1.7213164846983053,excellent
1.383565152322644,-0.8608991555642621,1.376769356405431,-0.8452607604006633,1.3750935695484199,-0.8332699293119842,1.3735485752310834,-0.8250462580411858,1.3818930001777558,-0.9168142535630648,1.3833015990032118,-0.9513695253214487,1.3843656276234035,-0.9983823684914376,1.3804035664637822,-0.9134963262618986,1.3972776710146022,-1.115264763587659,1.3877444126887613,-0.9100851482628497,1.3842286914548234,-0.9828573838760424,1.3484222886973751,-1.3951343445925075,1.4025304371901373,-1.303892499354574,1.3035472885360668,-1.1396915880236338,1.437399735918794,-1.3430377583161526,1.519917543186651,0.815187901084409,1.5012718767836748,0.8262276534470103,1.4853825527826297,0.7204518448533282,1.4855959222257524,0.8425356597945993,1.4643953690634923,0.7470937593252591,1.4835794863936678,0.8348487541767206,1.4951816067419514,0.7880874641164829,1.482228784819568,0.8347408079091636,-1.1919302464082875,-1.151316129653024,1.1919302464082875,1.151316129653024,-1.5150708586639416,0.29216155263905763,-1.4451983283488006,0.7380093104391218,-1.6107945428344794,0.12060031742969853,-1.6130604089652072,0.18751385591258496,-1.6191155073069952,-0.1985037140135415,-1.653483548804387,-0.4377884982562572,-1.7160538240686247,0.40622945678893085,-1.6706235177672362,0.7776254324631034,-0.25462686131695605,-0.07943224071117835,1.443619706141667,0.4467409662418926,-0.19787134434508452,good
0.31914564718605526,0.49687746529476723,0.32784535510416846,0.4452490894091654,0.3242151437833765,0.43011875212303646,0.32071670266055224,0.41258446329198856,0.3462924390687348,0.44646475770039573,0.35694632908517787,0.4385403649390249,0.3695538267821352,0.4313743794071313,0.3257595667264639,0.2953921162931065,0.4030192492603022,0.33457287019160376,0.3039169931319359,0.43287276626145865,0.32797321980672717,0.4409184300085053,0.26116831184455147,-0.14547613692482786,0.41330632926832445,0.15270754253430371,0.021779760496172477,-0.4085160006615924,0.29996199248382505,-0.16490206136175298,0.009728746022315604,0.029461148585558435,0.27007817230453907,0.1411009669243389,0.04334228116160817,-0.013640953004969706,0.25795717132195495,0.11921602252500384,0.06498387567308594,-0.05045348717308012,0.24111219953859386,0.12015778893968793,0.07277327377907158,-0.022294734564106928,0.23557820218046563,0.1297950391769651,-1.2931521712402123,-0.9983916822528847,1.2931521712402123,0.9983916822528847,-0.5144847955338219,-0.3385701270143113,-0.34796838824890836,0.14504187819252798,-0.4991990223735165,0.03984579815456718,-0.434945972001182,0.32318724466011794,-0.465847976957324,-0.051540967554593135,-0.40095804212613456,0.2651029210427186,-0.3775593174525162,0.3822533803240282,-0.31135617275419464,0.33515892010904974,-0.36295107982581265,-0.3971149108646859,-0.2868009585319923,1.101498826909576,-0.8720197176181762,excellent
-0.5820832384872341,0.27166726674913466,-0.5915253778435231,0.3048426498388887,-0.5959949629167304,0.30081990276899784,-0.6005492839833029,0.2982343738422463,-0.5821756636164194,0.3326524660498647,-0.5805590621466743,0.3468911675294826,-0.5794984571033256,0.36247766513840857,-0.6223338037766792,0.3249999719316701,-0.5900138724239371,0.4020395688973444,-0.5947756802667118,0.25696392511163807,-0.5852018298525974,0.3013682858840536,-0.6078658585780669,0.5137158648203702,-0.6478296111646168,0.3372525597819628,-0.4702548738248565,0.3415918471755044,-0.6309835954263663,0.0746259979481688,-0.38493094689332263,-0.5066435973408151,-0.6911916739118515,-0.5953497677859371,-0.4039444108227694,-0.4989228707203852,-0.7358574677429093,-0.5588996364101326,-0.41214719091880847,-0.5130799980876232,-0.7294803015470701,-0.5277675239348446,-0.4136329730400623,-0.5129440246205188,-0.7137888093370738,-0.5370294489350426,0.8672192208176179,0.3882350509307647,-0.8672192208176179,-0.3882350509307647,0.9753252623706121,-0.21382564889728206,0.9596882194154742,-0.23464130187716903,0.8104214243500224,-0.2140987637243774,0.8402282352990992,-0.29546118121029824,0.7957535636878575,-0.1169491145291856,0.8187868792705816,-0.20279136005097334,0.7521484595650427,-0.3976566869411453,0.7931648110477513,-0.5011454652033989,0.5957536675790412,0.6475928905282655,0.2720457277439551,-0.7548413723017727,0.4227767832310018,poor
1.2695516343499937,0.6579600731453582,1.2720386499035237,0.4579144380720748,1.2663242008947908,0.43338375412596003,1.2605239039742278,0.40466358243520784,1.2912527108696275,0.4462322517910136,1.3022685748159841,0.4182809775568049,1.3163574892372905,0.3867342732128064,1.2415039430427568,0.1791401635385079,1.3340920681089508,0.1909200181407062,1.242519704886199,0.6147068448981817,1.2710372831448247,0.5856838068336039,1.1245204200285353,0.09712411155250693,1.1951450504164856,0.05938553775938459,1.8078768611770306,3.3495123225079833,1.60930938692833,3.9494981565338385,1.6196079989423082,3.259710349826832,1.5142679904041882,2.7861669237762015,1.6193108794189337,3.0910190317877757,1.4829694772597397,2.719674457432527,1.588246824652231,3.0259490075636677,1.465611854070843,2.775081091485468,1.5697758455791084,3.106460737074025,1.4624067074385432,2.781251687513075,-1.387599658763705,0.821206188318337,1.387599658763705,-0.821206188318337,-1.0434240390567888,2.750112801771588,-1.0174380293866032,2.783485813645797,-1.4087379507758309,4.006917500609935,-1.2886900193609159,4.029109068144011,-1.2274169768678262,3.4871232479161987,-1.3628525573895887,4.051174539191223,-1.1526478622054277,3.7670551216521284,-1.1925760898902193,3.6033702208639955,0.7489785547515981,0.6303087122810592,0.903436662601789,-0.5006905121326068,0.07668917880760938,excellent
0.628238352886547,-1.6392867121958847,0.6020428013010849,-1.611946163346157,0.6006376397524644,-1.6117451564223866,0.5987774552125381,-1.6097550534866256,0.5974989614658284,-1.5750127658047701,0.5927602751048576,-1.5471288144864854,0.587745713808208,-1.5148975840809598,0.5817230273360353,-1.5357497098697284,0.5708615016544406,-1.4216620342501738,0.636558535849976,-1.6550245037840927,0.6279198859383015,-1.605536126527879,0.6236929183306335,-1.2232634141170575,0.5731093103333085,-1.4123680229926212,0.5751800716100147,-0.6748641284111307,0.6409554933158036,-0.9310989780192039,0.7205494499474787,0.19727732344848786,0.6832946571189378,0.31617863613295477,0.8270364441522521,0.30097979094919763,0.6790092349920887,0.30684406245120815,0.8364605933506298,0.2973289243662162,0.683453921063484,0.287060951318424,0.8153478711120207,0.27394046309371567,0.6938603995902243,0.294819681424624,-0.23642140064546976,0.21463328657752268,0.23642140064546976,-0.21463328657752268,-0.6176398857330792,0.6279796673788683,-0.7041636446734642,0.7458872055569926,-0.49460033432828165,-0.5300347010073406,-0.4381921195887328,-0.700471807026738,-0.45782344172255024,-0.6492525519119884,-0.3810812710345391,-0.9700188446656295,-0.5555676968630752,-0.5913782454469233,-0.5280064560032798,-0.7652055281724769,0.07726629405419203,0.3325601421167616,2.5145825805777084,0.24459577063257568,0.25136358321993885,poor
0.6465509685917931,0.3152955260737891,0.642833725273425,0.20571342328515238,0.6379632426250403,0.19049234946836097,0.6338886860164527,0.17553534360437656,0.6631322509915738,0.21767307647054487,0.6743408662044152,0.2164085379549752,0.6876501825179815,0.21501437435898532,0.628402584718351,0.1136011689103033,0.704515451908784,0.14913704596118055,0.6317066163173352,0.30613231177987926,0.6600160793874351,0.31769864412160287,0.6291848730908307,0.007978258649873627,0.7672959210953109,0.21106984315375818,0.20433165268901796,-0.34007777896417657,0.4586334681148085,-0.2739632411091019,0.1896775114013554,0.16273438427365206,0.4416755016881668,0.3519220618052395,0.21436333376165687,0.14625169111296266,0.4385250981464074,0.3639681767354507,0.24394256237141004,0.1197726536449798,0.4538709089810521,0.3569600922999242,0.24828346074547983,0.1428900649477763,0.46763172449852247,0.3467599904920762,-1.483995640998267,-0.4562516934333527,1.483995640998267,0.4562516934333527,-0.7790199835889704,0.014173121411111312,-0.6357222943926896,0.21257182268145883,-0.786624823174367,0.2547415578638163,-0.7556977927839956,0.45421683608424757,-0.7709722364390672,0.06775081613173806,-0.7170691478931933,0.21710896007198577,-0.691435739152922,0.7800417886392416,-0.6628007589565867,0.6867800287301885,-0.7813432263069137,-0.8076381573560153,-0.7860330427549574,1.5977248217861866,-1.1845168718891863,excellent
-1.0275263725025774,0.16852117162471242,-1.0464965490694669,0.17656803609397093,-1.0433263014678793,0.16574117154270987,-1.039049947305208,0.15714678180085587,-1.0515621172805232,0.24247160326200856,-1.0527988148606768,0.27521827789828435,-1.0542047007374828,0.30918565637502216,-1.028207895087805,0.23881185595697862,-1.048408255373612,0.4158912832484544,-1.0149320252712408,0.13178625740821126,-1.0329167449981793,0.21519463322003032,-0.9620056233940897,0.40028325927957775,-1.0275465658977767,0.517684334869195,-0.9726363538828753,0.08430992426265568,-1.0245597595334173,0.16841392148145723,-0.967978595369087,-0.6265867914063129,-1.0334780954515526,-0.7307525895746314,-0.950232858906519,-0.6213707041334326,-1.0412746226768477,-0.7524160064655284,-0.9739997690216412,-0.6190974909286674,-1.0253436771260422,-0.7310141506569591,-0.9822539573050096,-0.6266046070714615,-1.0196000895015025,-0.7262566824130139,0.9484478007437522,-0.20447778482917933,-0.9484478007437522,0.20447778482917933,0.902697516341891,-0.4700872299960484,0.8916624658801289,-0.42897786141551136,0.9674026145912734,-0.42107874057799893,0.966694521931661,-0.5147514958100394,0.9616730146854278,-0.2262113325057969,0.9669936956346161,-0.3054944946056951,0.9895869498004546,-0.6218563076716759,0.9749742226726706,-0.730605662732572,0.889630684401638,0.9535381257160962,-0.7998091867165943,-1.004369687537552,0.7201725098924644,excellent
0.5159635064457418,-0.02208721585775362,0.5114962675923289,-0.06122203024218135,0.5077482326627039,-0.0666643710372306,0.5039199183555935,-0.07343303416490592,0.5238995023489668,-0.0664995818387668,0.5298479306699323,-0.0729301703454867,0.5363068747067895,-0.07814564085654763,0.4855486046549829,-0.1545720264743364,0.528870028746438,-0.15156977664315122,0.5016676843951124,-0.03556378491718092,0.5188160009554433,-0.05732248086359588,0.37132722149191244,-0.11993173415918049,0.4788311792738431,-0.27836005080430254,0.15349500239366287,0.5369756913181274,0.4557452700904519,0.5197828014601371,0.11126465154494451,0.847929665048406,0.34587321944619936,0.7191314007458814,0.12814347700529954,0.8242823030331733,0.34879945743125196,0.7055096408080329,0.15526926988903342,0.781504871850622,0.3384141533432037,0.7182687689259324,0.1523243038084794,0.810862293875198,0.3253148781915283,0.7274239414126278,-1.2744324292294482,1.017897628576911,1.2744324292294482,-1.017897628576911,-0.678152144053036,0.6256660161591078,-0.48127112462639,0.5691194075766212,-0.7029867687329021,1.1953992614975257,-0.6390832086020362,1.2263250715407772,-0.6777307595271106,1.1233737928709449,-0.6110595809010181,1.1749479452510725,-0.5728543583998847,1.287741738136668,-0.5293745997805595,1.0494444543565378,0.09041929043645101,0.3056274945819014,-0.7829561357117517,0.9088327348406361,-0.3199739605383388,excellent
-0.954055254771076,0.20086851336271716,-0.9571022690263552,0.24771137457071835,-0.9550935665733714,0.24767670595278465,-0.9532666266728865,0.2482235936183344,-0.963175004366936,0.28189499498251347,-0.9678488713325137,0.3068298184820135,-0.9736731014784578,0.33092869062207214,-0.9550598225296532,0.32470995744629544,-0.9907680876898558,0.44100018122113854,-0.9519243237858728,0.2086718567971871,-0.9594287586245286,0.26496477993273804,-0.9368437716910198,0.4188798824362546,-1.0078823293299388,0.4950473083540657,-0.8318390767262418,-0.21129282999186058,-1.0708729859275348,-0.19716323575867561,-0.8770943491375298,-0.8752159262783697,-1.0444035680090116,-0.9566523301199654,-0.8920580174697397,-0.8731864198461688,-1.0350937499146289,-0.9564653770388352,-0.9077501436512339,-0.886122571259616,-1.0279358992048422,-0.9530717147844706,-0.9065184987067105,-0.8862828785883773,-1.030395836747678,-0.9521687240741975,0.7460811222558471,-0.16803838697769605,-0.7460811222558471,0.16803838697769605,0.8873169524491505,-0.8396619638937945,0.8958599901246326,-0.9293325616925341,0.954607001194175,-0.6640212664100091,0.967148552167406,-0.7363325972947001,0.9578183271311131,-0.49463794046392245,0.9705308101247274,-0.5210268326346932,0.9626033054969528,-0.8141440892997005,0.9723573153322737,-0.8738896184248444,0.17035956234834296,0.37779694502507893,-0.911018142025406,-0.8077763113585397,1.0692676910655947,poor
0.05247660011753205,0.8818691744536408,0.05876586476936064,0.7976947889082978,0.05539322866661152,0.785736990347154,0.05270539972573252,0.7766767748470597,0.07608388186620144,0.8198059692928137,0.0854394773637995,0.8198071124982175,0.09644421964094832,0.8226834742766058,0.0540014061270315,0.7113484589620103,0.11921848304959924,0.7795727465311922,0.04516111589185092,0.8819120613965329,0.0686556208819815,0.9189784630687378,0.041059452610878615,0.5130731487042254,0.17157105978107676,0.8534403422997358,-0.16944676524888638,-1.066206269290673,0.03362957499352623,-0.7759288681228784,-0.32210170044068936,-0.7869327357407965,-0.051931446749201894,-0.4874303465119488,-0.3109584005901221,-0.737567407034241,-0.06344730853535792,-0.46225023607666643,-0.2711668799483552,-0.7308531762055637,-0.05340311408522445,-0.48098774618438633,-0.27046382148383596,-0.7216504120686371,-0.04461816727196863,-0.49199152420794673,-0.5610946821724125,-1.2303539035333488,0.5610946821724125,1.2303539035333488,-0.19934628955871767,-0.799762309170092,-0.08517725539515794,-0.48792724417553796,-0.20827426812548389,-0.7014679062133341,-0.17677047570586782,-0.4655708769536078,-0.19206313242766154,-0.754828734040107,-0.15432625181531104,-0.5842569140378547,-0.15575133231712193,-0.283663114093986,-0.1262342637921806,-0.24961472606750584,-2.19859309770188,-2.1985747342027695,-0.9481365634713527,1.7561637020115892,-2.080305534645721,excellent
-0.9788012706748919,0.24199143629647,-0.9764716458095251,0.27914292527605805,-0.973625501211682,0.273093595175224,-0.9714488578952173,0.26661721958148044,-0.9867570476578136,0.32592959546384626,-0.9898548733835796,0.34438768387830626,-0.9935343552931336,0.3681384737212838,-0.969063477125727,0.3051638500082611,-1.0019824690984807,0.41038322225487206,-0.9695283100008064,0.2005342130680303,-0.9823271366338852,0.2717550649703997,-0.9342662738091154,0.34056459649222237,-1.0056630518618999,0.41150642228898454,-0.9398147533256065,-0.1032998212990324,-1.0342557687132403,-0.14382537309618948,-0.9308547234189746,-0.8043206761043139,-1.037980770177049,-0.9052381147193369,-0.93025142103422,-0.8173061238654111,-1.0279992309313153,-0.910694268857993,-0.9450834499573431,-0.830977168261304,-1.020964766839521,-0.9049800391974689,-0.9495716924207339,-0.8291607986772844,-1.0210214777159121,-0.9033724068498963,0.8968881607212262,-0.1483517222123156,-0.8968881607212262,0.1483517222123156,0.8818469024311952,-0.7763434467516316,0.8880045779242247,-0.8788665443477066,0.9524345513821763,-0.5745520966473269,0.9620349245778802,-0.6793374280201602,0.9502419710430114,-0.39566734738880693,0.9619870055007147,-0.4403179838639809,0.9634872938029772,-0.756229826832238,0.9689451961921458,-0.8235720162645372,0.9331189125779246,0.7775201930927871,-0.8285012092442666,-1.0982331919237605,1.0758714967651282,good
2.4312619908070037,-4.408805985078579,2.3549307199698735,-4.411739725304716,2.357666665875769,-4.422271923630322,2.3582490876282804,-4.4321989092313,2.3206367246611306,-4.341580856229139,2.298423255652405,-4.2975915534749465,2.272271158898126,-4.247826095824605,2.31711157533676,-4.337718729079488,2.2028389641925834,-4.045127026750702,2.484048954991935,-4.417580349950547,2.4458957527142684,-4.3127936114047305,2.3833836763221146,-4.006371181798334,2.298790041645187,-3.7180090347811188,2.694870484669426,-1.9020917855726625,2.4286978567891824,-0.9158973727277131,2.882816883600506,2.0339181393839016,2.3646806075694835,2.407420686271301,2.9021444573519726,2.1323584635141994,2.4300836354571587,2.4239511234923996,2.8573495645645575,2.1955064714788666,2.436762744078333,2.40100600321837,2.8296701012894543,2.192822307878664,2.426679425117709,2.392864522615424,-1.0167925604194006,-1.688331682656189,1.0167925604194006,1.688331682656189,-2.1646102892483547,2.163635914017615,-2.5775171446536946,2.436732405103103,-1.5114228601072344,0.6089491924187401,-1.512660950212503,-0.0013712395217811138,-1.6747921333971618,-0.1218150599021658,-1.6573442328603119,-1.1744201100530913,-1.6874240030501113,-0.15658150038735516,-1.5253067492325383,-0.5695471650727963,0.2794840744048344,0.4338133913773639,1.7016242613445673,0.16380371214047487,0.3824395287925234,poor
2.5111517099920917,-2.458795295773811,2.5114454826248376,-2.416529070287037,2.5193787625262907,-2.3756951642599495,2.527443844586284,-2.3444419242016914,2.482593918531695,-2.5212604049010165,2.4716315976009717,-2.546101448204109,2.460303137948739,-2.5799241860415623,2.5318764081027627,-2.2519738897963437,2.4494102325975877,-2.5424911011666227,2.52061876596248,-2.310866491385731,2.462530200739188,-2.5306611587836576,2.5637861921463014,-2.180632239923068,2.3768487538432748,-2.26328859233893,3.062845789234986,0.8489756581403763,2.5413252607125782,1.4168998739958305,2.989877167375356,3.2333633967758315,2.4123496707367105,3.2963083951918986,3.0395949410698244,3.2000895672618594,2.4007359426692845,3.2449776326652477,2.9352580390324507,3.15170440462883,2.392700503922244,3.248157590079628,2.9080714099516927,3.188133936941345,2.3934613950632357,3.2570741609979614,0.9454956215019062,0.3183402014231229,-0.9454956215019062,-0.3183402014231229,-2.182313306493133,2.4504539251834125,-2.4502813605404974,2.8772704559048687,-2.2610738430858506,1.7705945356361175,-2.761517402626372,3.4109414952695336,-2.2605693815286925,1.4773562847909476,-2.858151363284467,2.997149569797917,-2.336984995408968,1.8408818923134802,-2.7567210924495638,3.9510248339312377,0.3434829554248119,0.4357996051981569,0.1596521614315423,0.4279354104647807,0.4476665051751645,good
-0.3288758537309472,0.12318283052598103,-0.34232339516203175,0.17302299505816923,-0.3464350786755494,0.17919312459433664,-0.35060815387617206,0.18605507299841698,-0.33316727116082473,0.1803785531418641,-0.3308581989316887,0.19140552646519565,-0.3283618091611843,0.2047086273203277,-0.363527513831423,0.2399366308334353,-0.3249657850561448,0.26604183629050204,-0.33379806663294787,0.1277220028261328,-0.3221882952674757,0.13290069861544151,-0.3839673617252224,0.5009188489786823,-0.3037927309247067,0.2468427012171486,-0.21273443606696568,0.6454296250034272,-0.16793129661112774,0.1388968131613964,-0.1499092057215545,-0.12893605410045444,-0.11416236654631001,-0.4105203942383439,-0.13116805707686666,-0.12699124457978106,-0.13311476081785517,-0.37169706409730197,-0.14447757416938797,-0.15031462658593261,-0.14625218504395698,-0.3703857602259408,-0.13854478631145434,-0.15719026946155934,-0.14625475753791498,-0.3616385126706458,-0.18642304544921467,0.7995345878869906,0.18642304544921467,-0.7995345878869906,0.35593647247672056,-0.2144670679145866,0.3964263671954566,-0.4466766974046497,0.47356238915995086,0.017907791506543497,0.3964881163060998,-0.0993724448660526,0.4807927297639064,0.14272521574013167,0.382135498568632,0.07445951239019633,0.40910174297206003,-0.09264101085894137,0.40076412921467636,-0.08209762435473325,0.5386562024286217,0.3475011807083731,-0.667193447102233,-1.1842134575404093,0.42402338330696654,good
2.8777534665679454,-1.3771612806219233,2.860245626307686,-1.7845874488846456,2.857386074799399,-1.8677940151157046,2.8541977507830376,-1.9702020548912178,2.8634826856687265,-1.7277953645981574,2.866392429321512,-1.747007443350775,2.871915905191884,-1.7746189571625404,2.8252699444162523,-2.1773652936204755,2.8526186985984396,-2.209983056160329,2.8689181285926626,-1.5479553499628096,2.8869493526047916,-1.506351195982487,2.873358353176737,-2.2346346433808715,2.723958525077918,-2.107748862053299,3.578409951382157,1.5566280943517192,3.040697529123856,1.5852358423983657,3.5466816301536115,3.721730011874265,3.019711594461123,3.699431544669241,3.5264522906129763,3.62824794818324,3.063332781567507,3.8089472242792253,3.4332831362257616,3.6905445714663205,3.0351946040174798,3.706979607093155,3.40739906105163,3.7888569232147122,3.0000256353544295,3.697148289721068,-0.7488421828041029,2.481043770054936,0.7488421828041029,-2.481043770054936,-2.1924073472620935,3.363790923684957,-2.352310168901485,3.174130101398781,-2.4635343546773383,2.9533133183436577,-2.717821488682721,2.9511045331506955,-2.5769942191126796,2.690573963412183,-2.790999528461546,2.41019209735284,-2.56785659412135,3.3874627923209593,-2.699469661763386,3.891807219509348,0.3834041849257847,0.3908307973678285,-0.218376582660587,0.14786831082372073,0.530442045000087,good
-0.958796569173953,0.31824129364892734,-0.9589905578947224,0.3421135356144864,-0.9567214413672226,0.33814049054236367,-0.955190775588446,0.3360982575404576,-0.9676737232075928,0.3856743766364432,-0.9725628791223473,0.41073388815060086,-0.9774843731277416,0.43678432894440683,-0.955212822812831,0.41026766086559235,-0.9890277703752772,0.524604599115131,-0.9555710275500505,0.33669029981743587,-0.9654790964817739,0.39039535358693944,-0.9309082333260676,0.5142899864025515,-1.0020953768488838,0.6073464874685917,-0.8699731162504499,-0.3791022376767174,-1.0903548243988865,-0.4401064211689273,-0.9258608662102067,-1.010498625904963,-1.04430209349144,-1.0891088036860668,-0.9349499951033331,-1.0206623901475067,-1.0353232067515061,-1.0813768096144942,-0.9369797557372638,-1.0324583712839064,-1.0265043980219128,-1.084326270539382,-0.934662310863706,-1.0301606159432692,-1.0286270620383056,-1.0854176059709146,0.9395222285836372,-0.19195690758095527,-0.9395222285836372,0.19195690758095527,0.9407511972114391,-1.0171678614783526,0.8641112403070684,-1.1293732025241359,1.0245406619112236,-0.8897219821789798,0.9363392388767249,-0.9262187373430076,1.0188512638599194,-0.7498246429192865,0.9391697033674685,-0.7382255198227421,1.0508915032391,-0.9970861556698564,0.9323505158345441,-0.997768817373343,-0.7096442099989845,-1.3088786964443095,-0.15767023996185475,-0.9651921566416399,-1.0533893342791025,good
0.4476913078642317,-0.24229304661846848,0.4431374459241508,-0.22459825028959285,0.44136475391015834,-0.20756728315893003,0.4395322024783859,-0.1899995490840948,0.4469628446141741,-0.2734530366386708,0.44735693267027365,-0.2927442269534064,0.44732286375048913,-0.3086478307820675,0.4419028727063627,-0.19056536801126667,0.4508311402757326,-0.33447268949250164,0.4442405039017424,-0.20464296269841004,0.4477114868649016,-0.2503695416529911,0.3981475547477182,-0.16004768803047856,0.46618323526438177,-0.3523453434837722,0.42708432732241974,0.7927445130077144,0.5327653731047347,0.4347344356182244,0.49189865987041914,0.6878994434062977,0.5624010039704385,0.6264539109569902,0.6044470387468173,0.6734846422854607,0.5852999326973082,0.6037028468739797,0.607817190001166,0.6695385913303572,0.5723681280736629,0.6110531434309445,0.5834862332859316,0.6843419694913426,0.5679257795849406,0.6227301147993572,-0.5210541747309748,1.2117133372650781,0.5210541747309748,-1.2117133372650781,-0.5458309059594945,0.7638615858982405,-0.4044376507312054,0.7131698427061827,-0.4822321854551614,0.39870960421288004,-0.4330297106565058,0.534179415133295,-0.4274386361410708,0.3444730583630224,-0.438221601439453,0.5449508748426741,-0.5059619617607501,0.2693245011348259,-0.46716630725151864,0.5290924831921734,0.20718185392780614,0.27350545549603333,-0.10659768997221124,0.29440503864331996,0.21134534286661497,poor
0.05144621661568243,-0.0022622060502293997,0.04607628930746163,0.04048139873774655,0.04322486669903816,0.055010443229695886,0.040223280598732813,0.06903187599073689,0.05297233067051085,0.008271435776026893,0.05457962525970472,0.0018010367101967046,0.055868489700360485,-0.006150546414710401,0.03550166985878167,0.1005092590847344,0.0567945591941294,-0.012324056568862022,0.04373956766777493,0.012312625905258768,0.04958745729879041,-0.025436804409094144,0.0040388845865204324,0.1763404425621422,0.06251204723721945,-0.06060501005568312,0.061164424627398774,0.6142473826633649,0.15130559894019271,0.4287887665304909,0.025549350892416854,0.3179673086837564,0.12537187435682504,0.25174639526716214,0.054562165451156316,0.30364684567166494,0.13847036714148545,0.25101843276189123,0.06943763944796334,0.30962502615104676,0.12093156745742661,0.2391529366452313,0.059890643362498275,0.3149211699834962,0.10936870418000497,0.2420573025939534,-0.13967114880950432,1.104464018510018,0.13967114880950432,-1.104464018510018,-0.04495355537162214,0.586470278222306,-0.012451179137829444,0.2347918033247054,0.013874312732691258,0.04371705343770741,0.008144119926828865,0.05009197071217089,0.02749127373564904,-0.005912598465310686,0.003400646872915039,0.09919167577859087,-0.032487389893261415,-0.1067595555177117,-0.006446522142913237,0.040655819444462234,0.3869714309748151,0.4182751037864491,-0.20722645778734033,0.3462809108510875,0.3111083578263828,poor
0.5084114633700659,-0.9487911177513126,0.48756511210187276,-0.9474234757135638,0.4828019331827038,-0.9482699927562622,0.4773808433502345,-0.9492749222391205,0.4930232890788874,-0.9230831172726325,0.4936136106452828,-0.9031448815715198,0.49442089290922153,-0.879218522547919,0.4479780639207568,-0.9184825696379354,0.4856678166461878,-0.8110933974710021,0.5003385475876372,-0.9516058640005198,0.507671002506496,-0.9111935737692323,0.4131876011492758,-0.708857659654475,0.49690628109644475,-0.8650325460135599,0.5925331894157869,0.1887662705107891,0.7006601351209878,0.08443156013765186,0.7020269868663307,0.6618511761289726,0.6949178489771112,0.5367474912892215,0.671449477035157,0.6376424211010662,0.6729526701359522,0.5278390255994143,0.6698774697893248,0.6282969488170234,0.6590603606101737,0.5439351106661149,0.6684804983838247,0.6564053617948886,0.6601871853069732,0.5536580662226445,-1.229192127925004,0.27751214592916446,1.229192127925004,-0.27751214592916446,-0.6133645335948247,0.49290342153997346,-0.5011878065012171,0.4610654274983376,-0.6812595465504577,0.869072504397266,-0.6515542793304894,0.9705116765671072,-0.701281241771263,0.9044142521434975,-0.707319400635287,0.9636812791067538,-0.6885766767510489,0.8179232472043463,-0.6006669882155353,0.963460656310064,0.36218990957712127,0.48769675322758366,0.7288932863150507,-0.2594720069489001,0.6106617620986058,good
0.8636977186505242,-0.3202737874378851,0.8645796830245283,-0.42612898921315195,0.8597692264236053,-0.4492537234080528,0.8543878799274214,-0.47393769401901914,0.8807014972815982,-0.4115210475841163,0.888659621197994,-0.41783133732370215,0.8974006868423811,-0.4228837110818853,0.8411695230019564,-0.6149062203833179,0.9114211126134818,-0.5186819481244543,0.8426598832474844,-0.4258020714724029,0.8686749567291876,-0.41083273155603117,0.6928773879893694,-0.774453502716558,0.8219637419000849,-0.5400731187404093,0.9113245504175678,0.9225311110268212,1.079456999869322,1.2621293223252676,0.8315624442883466,1.6214749498206615,0.8982158086651533,1.3614277448874552,0.8056325392177225,1.5374314980506263,0.9351417082988824,1.299196345016675,0.7785343869577643,1.5169339187578599,0.8926894486026565,1.3393464264813277,0.7782812691426699,1.5577594308610838,0.8440162832781585,1.3688368630901457,-1.701880189271961,-1.0615920622047657,1.701880189271961,1.0615920622047657,-0.9972927682798679,0.6870714210379496,-0.7758668626395403,0.9612877991287102,-1.0390755371254032,1.589381413405804,-0.9207255466881291,1.8841532786068567,-0.9603211302231425,1.610285591781186,-0.9189664721574385,1.881778726882576,-0.8945359743358622,1.7126397811591398,-0.8017661838271666,1.5359303407007119,0.5488318669486865,0.6090134095859979,-0.5780120226066985,0.05348873654804182,0.036223392468758886,excellent
0.48366269239902654,0.6169165134661095,0.4924108168755859,0.5967513005487429,0.4898035977440448,0.6174778905894891,0.4872434806271113,0.6372156878354744,0.5042133993058655,0.49986546274430393,0.5092876264023398,0.457107212606686,0.514270978796515,0.41345602014119687,0.4955623740450879,0.600114239581851,0.5235611407256805,0.32445344973942786,0.4785956301430237,0.6636006206732962,0.48926098415396146,0.5449308362147908,0.48346189206910556,0.4160202461274838,0.5592820756866738,0.21912185779998494,0.5544371965828886,1.4800284776592192,0.6397617969992198,1.344261680448074,0.6228774040401112,1.1135348924068784,0.6249537823843946,1.0645574817827763,0.6108563345553004,1.1215351713024702,0.6473993427140842,1.0209146097986974,0.6280481397184848,1.1393655550576722,0.6332144709942139,1.056372906182646,0.620450571400446,1.1163701235853902,0.627643956858428,1.0767479146630958,-0.9508896052928346,0.2014191169952583,0.9508896052928346,-0.2014191169952583,-0.5128822551304287,0.5334455528117337,-0.4216244280612828,0.318124308430952,-0.5461856661992058,1.0853606241985225,-0.49582224729599284,1.1653951456600866,-0.5692420841430212,1.1577694543601058,-0.5424675864128116,1.2151522615614978,-0.5534131499935694,1.1032374651577064,-0.4902914582832995,1.1358957470417206,0.11623874808442293,0.26307013707749366,0.20771450086306023,0.3770405359748352,0.08135477225281,poor
-0.9521799104062864,0.0517203419483702,-0.9511535524810896,0.10652576923330664,-0.9491614235332891,0.10161589552465664,-0.9474135604310564,0.0991967428460538,-0.9601865121393459,0.14760308959842272,-0.9646869094551724,0.17193743942426867,-0.9687583815490802,0.20054255967306728,-0.9459052528704367,0.17532208748294295,-0.977879314555306,0.3060795692572481,-0.9485206522229848,0.035330733291860934,-0.9592483535388883,0.09996504860654622,-0.9146925198894625,0.341704004975086,-0.9873775748701787,0.38005989755014874,-0.9101194522365774,-0.08186701392670565,-1.0205614345316363,-0.16359950815820468,-0.8876020348339853,-0.7776832085793088,-1.043620351423415,-0.8813237189080966,-0.8780648015554093,-0.7692881499720158,-1.0489098448366216,-0.8914600577538404,-0.9057130166077342,-0.7908805350137781,-1.0299974454302574,-0.8785685453212776,-0.9107972113098783,-0.7950314464618617,-1.0278414172471093,-0.8755087112836011,1.0856956454340183,-0.06001478610611683,-1.0856956454340183,0.06001478610611683,0.8915184458742905,-0.6850985125505733,0.8569964063297777,-0.7695096800124837,0.9602796946844125,-0.5505186899135681,0.9411864727437945,-0.6829238587365377,0.9586702371590671,-0.37917456775952446,0.9427431299500589,-0.43112902673175624,0.9619107301811043,-0.7272832827370642,0.943005954701742,-0.7897407950460377,1.0101163657610126,0.8184616017964863,-0.8080330879962654,-0.9277429949476254,0.7304918137790622,good
-0.9843503590619299,0.20171791586130117,-0.9853260452727147,0.24790350228701416,-0.9822589682706437,0.23751879744805035,-0.9799057926588872,0.22857600574252546,-0.9972707936263869,0.29592652087808846,-1.0011941156706576,0.3180827331685073,-1.0053366544211086,0.34052536708365844,-0.9770446057589828,0.265491997031237,-1.0120807661864182,0.4000580446965567,-0.9740467718415957,0.16287671116654323,-0.9885594123391838,0.2373940999531126,-0.9415869376312427,0.3607825560852844,-1.0119155807143123,0.42442682008174054,-1.0056593425691043,-0.051713735195712596,-0.9937512578880976,-0.08610132538665934,-0.9887260463374806,-0.7601958159440513,-1.0046876429385845,-0.8654717372344266,-0.9846747169817947,-0.7668957948811771,-1.0077205459910246,-0.8718676479755866,-0.9976093424168886,-0.7802997152270105,-0.9947667973315167,-0.8667503699216337,-1.0028370029555733,-0.783003852972378,-0.9890863390285329,-0.8658194503635183,0.7023503209157002,-0.17868158671632448,-0.7023503209157002,0.17868158671632448,0.8912836404278884,-0.7382122747097939,0.8973987314798001,-0.8112793686294553,0.9637219051986211,-0.5335679026979637,0.9736327553501757,-0.6213204004212884,0.9620555816663877,-0.37987080182867344,0.9742112204552102,-0.4016879004261599,0.974274569745292,-0.6952717904461083,0.9823261685293294,-0.7769765866741848,1.0731601760225666,0.921625880630071,-0.8132464253387763,-1.176794371719487,1.106967850378829,excellent
-0.8934700385056261,0.16477786138061656,-0.8943609205593889,0.2062194780501395,-0.8942396741507569,0.2060080021488208,-0.8942333431708399,0.2064791445909093,-0.9067768601445478,0.2416775446411358,-0.9105823492211705,0.26323342434317004,-0.914751073288688,0.28783307547195175,-0.8996118180642261,0.27923731992860423,-0.9292342525615163,0.37450485662659566,-0.8945782680477751,0.15935440591245137,-0.9012582578055316,0.2155288512528068,-0.8740891983675366,0.41362325457961646,-0.9486992033712839,0.4172699825079351,-0.8571192209898072,0.011178184230552692,-0.9868773120424609,-0.05618104184022719,-0.8477563997718849,-0.7276321028683167,-0.9953896772803859,-0.8404842062932628,-0.8347396563631254,-0.7318542162084689,-0.9918072488154207,-0.8507411613196766,-0.8655447817410135,-0.7392291884311221,-0.9790206197395024,-0.8427518443302457,-0.8743228748810111,-0.7388799704645874,-0.9784086740731899,-0.8388308757920545,0.8653721051070731,-0.08825227323142704,-0.8653721051070731,0.08825227323142704,0.8543871829655607,-0.6084527414596026,0.8681056977959949,-0.7368546154781948,0.9307024875895951,-0.516334830322587,0.9352416317279216,-0.6051707774440203,0.9333902599830722,-0.34234071138567645,0.9353588262624184,-0.41464346454181034,0.9434115814172115,-0.6761375842530061,0.9452541019406264,-0.7471657674820249,1.0226534613315255,0.6836732561572838,-0.8208484284647164,-0.7334058747756181,0.9980110446980232,good
-0.9582882226049136,0.21633003918889324,-0.9604140673207019,0.26247101659970895,-0.9584613831909388,0.2624004907053196,-0.9566850963821623,0.2628443181612659,-0.9670713858038612,0.2950466755810784,-0.9718065351444861,0.3179448447092549,-0.9771596436184347,0.3433430606838161,-0.9576163216100263,0.3401144646010164,-0.9925688737033309,0.44945059026009515,-0.955748990844628,0.22414764023054656,-0.963854534918429,0.28070079242110324,-0.9389412254068394,0.4296841095910111,-1.0097213790098134,0.502185445069714,-0.8466309226605709,-0.17795023586375178,-1.0684488810362092,-0.16719589127256992,-0.8861713125988153,-0.8595330788694698,-1.0462954717885324,-0.9461402790627985,-0.9029909124719886,-0.8562151801728694,-1.0365992380982787,-0.946511476785534,-0.9164360824583361,-0.8725542892183945,-1.0300671569234572,-0.9427069070269982,-0.9138201600922162,-0.8713990269959836,-1.0324835551584546,-0.9413614474573884,0.7443912443739362,-0.20840827967938638,-0.7443912443739362,0.20840827967938638,0.8855646840168807,-0.8218626795000357,0.8941536561102728,-0.91156635198745,0.9532955004801269,-0.6423586150227881,0.9662040350477347,-0.7165959999706272,0.9571477981767862,-0.46952335243799304,0.9676582114540839,-0.4982997072802673,0.9630667161251264,-0.8159381110853,0.9705189294445985,-0.8620967601449083,0.2537952382272845,0.43797460295054996,-0.8470231097519229,-0.8641614023415332,1.1582601212084385,poor
0.029597562834686637,0.6520873892530971,0.028493695564350524,0.6348648520701433,0.02461477548594714,0.6478134921761745,0.02063940824369783,0.6614236133447055,0.03980160553400024,0.5960767178616804,0.04294686350561671,0.5795085930940833,0.045921929275398884,0.5617556858491177,0.02515804645183415,0.6555590979034366,0.05921308385428235,0.5258663602721143,0.02169282739224259,0.7001284144673694,0.033636970825013345,0.651581895338687,-0.019130801952643058,0.7763526215744193,0.08125370281203194,0.5330895321909318,0.08447412346381493,1.546521857117881,0.16735629358205556,1.2355938696680544,0.09261615672153463,0.6314586794948739,0.1514745916443123,0.4568455976641636,0.10669657242371756,0.5959908700526939,0.17993794332163024,0.4278513090751969,0.11292983104517029,0.5642511623320913,0.16483579314110172,0.45441059107939114,0.1147354887230539,0.5682692114060988,0.15626293537304506,0.4654791990177455,-0.7275778018883463,1.324795073720637,0.7275778018883463,-1.324795073720637,-0.05438836354340108,0.5158984035923114,-0.008161917542389631,0.20053028957432098,-0.03101267850805286,0.5137195335689028,-0.03490131352457632,0.3976505010093585,-0.031703561430552925,0.5417877987187734,-0.03318034166600475,0.47969580439451026,-0.0716443122757947,0.35958558227849924,-0.09420168125581248,0.3705416908565382,0.34760698907190984,0.31818051744154285,0.7170819372416319,0.1842295413993924,0.08202223178814028,poor
-0.07541340238131965,0.5949222028196351,-0.07584010265878147,0.5972323185942308,-0.07982932074359733,0.6023604439565777,-0.08387640501241311,0.6069307475338894,-0.0618117641505167,0.5738810328485933,-0.05636298030872354,0.5570261759992013,-0.05126614907097176,0.5472097113172807,-0.08665831312453304,0.5782754329338161,-0.0422113253425881,0.5121709670312258,-0.08700905282505064,0.5993764593323051,-0.07484633534777556,0.5729105871554392,-0.114030422842281,0.777536363814736,-0.030854748544848914,0.5207415757373317,0.1966171149483465,1.6083130050953447,0.21916841642752646,1.6689805533333724,0.18212881736088035,0.7167986624655927,0.19787986475382113,0.48133400271663956,0.20352434233875966,0.7067698221749267,0.1911263072429577,0.437242967057662,0.1848041882042679,0.6702953972079841,0.16640761250629837,0.46163750920324004,0.17153645658422292,0.6559615605444705,0.16252078516269128,0.47695973747661097,0.12337134320577978,1.4797334633723853,-0.12337134320577978,-1.4797334633723853,0.15162210414851995,1.0151024803604556,0.17538494155735232,0.5058816460828658,0.11613828953828793,1.2538653792030956,0.18509250878736905,0.5891939127887906,0.11847783013970903,1.3552175035022322,0.20323031877992015,0.7311676421208033,0.0780146085247676,0.9718701802477847,0.12237022596338083,0.44636323477334894,0.718595462425653,0.6346840753619138,1.7107099801200691,-0.9786944356566869,0.4361958423049931,poor
0.25445186436373274,0.06262748755095639,0.26072914429298555,0.08946705439908145,0.2596208705931025,0.10769106501053152,0.25843086740219057,0.12683958110429083,0.26405695679482694,0.020558580151284835,0.26507065489027115,-0.012595810862431257,0.2659761806108379,-0.04853836059680097,0.2652471719529131,0.12691557059026276,0.2731410387933404,-0.07843971153528603,0.2469849485366235,0.08985710409216109,0.2535887136644709,0.0037319859358082076,0.25854034532228376,0.04253153388122604,0.30708353163347746,-0.18071687621571977,0.0727431599483514,-0.29332350352703157,0.2735547411498286,-0.26039105530296125,0.18336297445767785,-0.18279289614812155,0.3213431817726612,0.0797207680732941,0.19980020623278297,-0.10707070844746451,0.31791044587629164,0.0735744423368474,0.21395014223545417,-0.11717103449149822,0.31083594753490745,0.04514751767781901,0.22530723172979403,-0.12304000559472124,0.3102603930534663,0.03705742359262308,-0.5316901716677951,0.6587499604476214,0.5316901716677951,-0.6587499604476214,-0.29768519548510863,-0.018180945317442826,-0.22977743447140805,0.1663110380442072,-0.27437414604319166,0.05306215298133276,-0.2956647387954672,0.17290052659211078,-0.2807275568615096,0.06243977942584966,-0.3219794509936158,0.14476485300648015,-0.28425291856674106,0.06598215194957448,-0.3060829474188662,0.31191344162113044,-0.644933631734337,-0.07019285158134562,0.017478049729796736,0.8707102026752255,-0.40846257152734106,poor
-0.9998707850585883,0.21611618976280894,-1.005425523897005,0.25504086037415313,-1.0039496938937642,0.24775612037875433,-1.0011359718933146,0.24217903249533027,-1.0126237915396985,0.30441646144503626,-1.018198676711437,0.3121660581858854,-1.0216961903735267,0.3364325657331042,-0.9949059254165933,0.2712859190755708,-1.0225095090527967,0.4271635883964898,-0.9874955442418525,0.1813157095840374,-1.0003761039920354,0.2492549929735594,-0.9437225052543691,0.4012107503456736,-1.0138335089624122,0.46757029808477585,-0.9985219813796775,0.01792401181623965,-1.0216081620712956,0.01740652196545223,-0.9975033396833375,-0.7034035938920901,-1.0412064851489056,-0.8067972805090212,-0.9889588996179179,-0.6942770274575046,-1.0437690731384934,-0.8259509252756594,-1.0041998255334155,-0.7097884648512569,-1.0343445934587596,-0.8073608458696541,-1.0086055880466092,-0.7171816875187628,-1.032432489961126,-0.8031885754898114,0.8640015366280559,-0.1340185066155735,-0.8640015366280559,0.1340185066155735,0.8788951933846019,-0.5705874477656673,0.8881595751611675,-0.5805419378447763,0.9585764865912336,-0.4714631946180358,0.9638122305792971,-0.5570339878324503,0.9582530292900088,-0.32380872541465394,0.961979588967892,-0.35393347495780014,0.9643769768668233,-0.6593954781523752,0.9653145523148543,-0.7263945385353276,1.0204791523274221,0.9455145728422543,-0.8589869759918457,-0.7781416178594746,0.8041942264996076,excellent
-0.6346163179662025,0.19365231114530349,-0.644006660537017,0.23725358976711072,-0.6484636327929948,0.2358313790096002,-0.6530421928660092,0.23519004711948582,-0.6356705471027265,0.2633245091186962,-0.6350792709824588,0.2787839601573147,-0.6351372964046207,0.2949849403713404,-0.676734996267936,0.28559942752852063,-0.6478326783600526,0.35652922031704937,-0.6457603205175552,0.18276020762502462,-0.6381786822447133,0.22647106087386898,-0.6626434455594011,0.5173699097600318,-0.7129976348005848,0.36629311796470554,-0.5441934171387036,0.31907867935359224,-0.7104282687959962,0.10092779967210937,-0.48452306661210287,-0.5395743219984845,-0.7463965217837061,-0.6333630518782848,-0.4854997432823057,-0.5319547963786685,-0.773536415921432,-0.6235884878566036,-0.5035748193649054,-0.5347272848325505,-0.7631978354642482,-0.6034443980818415,-0.5128830676752398,-0.5365935723754468,-0.7554882034037584,-0.6035705273913381,0.7847597715146921,0.14400743384451514,-0.7847597715146921,-0.14400743384451514,0.9387786923671909,-0.20624529809452763,0.9515746012548025,-0.20035218264440724,0.8144584124631313,-0.22001359763099707,0.8433992127424806,-0.29750606825792025,0.796961178829983,-0.13657225882356655,0.8275762107591882,-0.20347650603429845,0.7911856040934229,-0.3924091632353654,0.8188569321382697,-0.5071431338035066,0.7344767762434976,0.6217236144532396,0.04007651335981965,-0.8198541677394742,0.4661044834724037,good
-0.23256635480005114,0.9445179211760409,-0.22855950489182678,0.8959734002239576,-0.23236115636609472,0.881892468360969,-0.23568573279271202,0.8672393278459957,-0.21451240409364358,0.9197303678760704,-0.20818411686329336,0.9223888826906425,-0.200986074261869,0.9248459301440455,-0.24122838820311623,0.8244047780463006,-0.1864452057344649,0.9060876809964634,-0.23950688913236653,0.9499020141365768,-0.22244985667650438,0.9740241206902953,-0.26576736569661447,0.5864421341272088,-0.13344989640791063,0.9531772477779736,-0.4167677081423756,-0.9055391432082175,-0.2213193116017236,-0.653691275007253,-0.5105912916067892,-0.9848389028474205,-0.27696669736382507,-0.736735998632738,-0.5285968232217083,-0.9464787294613156,-0.2864809915889294,-0.7212310727185101,-0.5003208390605948,-0.93613891885117,-0.28394819887517925,-0.7430145605249628,-0.483355761620043,-0.9300353780081567,-0.2771343159918619,-0.7548014545314429,-0.4624492073528973,-0.9481552697914722,0.4624492073528973,0.9481552697914722,0.12174936002726953,-0.9332895346200698,0.2262355055713169,-0.7296466669466136,0.15088268706987135,-0.837776519236584,0.18488361790013086,-0.6482196249838857,0.15646052782000408,-0.856082232576089,0.19512732786210488,-0.6318839191948443,0.15988068580757572,-0.5273080304028269,0.23921906820247416,-0.5411036529218215,-2.453543045534245,-2.5014884944228792,-0.909031545997881,1.6351119931030877,-2.303838893350685,excellent
0.4910033870978579,0.17486415328334778,0.4931995543870626,0.10767136037664644,0.4890818265701319,0.0929768437486135,0.4852369474708559,0.07506251956783985,0.510340722587262,0.1061439133449355,0.5192733705440828,0.09860349343290695,0.5291821315143646,0.09073061146115373,0.47433988525741316,-0.02089601123273161,0.5310928842069115,-0.0190423891764594,0.4828572915906387,0.1486054100740649,0.5069255973137872,0.14132547202616355,0.4010969138893647,0.044215876386095275,0.5224209993960989,-0.09616790635226587,0.05163404384393664,0.17429962443742825,0.30444140763241573,0.04022128046002462,0.003970146153939633,0.39370444445851766,0.23531042455284795,0.4146166038789094,0.03528060092501857,0.3601327828464724,0.22009100052460082,0.436064473016077,0.06869970801841194,0.3939735470667687,0.2570611254923964,0.41440055970810075,0.04965502274475748,0.3340305766056251,0.2610543935251606,0.40938072149250376,-1.4819487442893213,0.5324634737431686,1.4819487442893213,-0.5324634737431686,-0.6839857346843049,0.2496729696043674,-0.4938576874063766,0.22088060437950172,-0.7097468813413733,0.6121678090775231,-0.6449609203582826,0.6986958947543346,-0.6779863827212467,0.4912344728956909,-0.613389620335675,0.6153224590349563,-0.5773416261794629,0.9199566997087318,-0.5521251626680368,0.7548255355155743,-0.3063725430221427,-0.16144835463912488,-0.6599456849854063,1.4562666556116157,-0.7822596318208435,excellent
0.22106556038419306,-0.16023937279494427,0.21043423047180493,-0.18237472892619097,0.20694113527931726,-0.18471099053735143,0.2033183659372092,-0.1881613171937305,0.21593354034252873,-0.1720494066288317,0.21582732415056852,-0.16847796357991374,0.2154814480586643,-0.16521118457197476,0.1825341149938202,-0.20549431220640263,0.20298275049341052,-0.16490192855795074,0.2126679904175663,-0.14585031935836304,0.2166927293428527,-0.15048801673789725,0.20772241020834195,0.04735606049078622,0.09684486029503324,-0.1508667851963967,0.5112469691137854,1.07991358130799,0.3060302281229077,0.831964945175536,0.5288009433577779,0.7693990725976051,0.41012895821873707,0.62644539865838,0.5707981366679024,0.7864565874711856,0.3983820440391014,0.6269000571074618,0.5174582374725366,0.760877949883265,0.38128977429888516,0.6258493823952456,0.5173087140536649,0.7646637581898831,0.3802104073608292,0.6273750440398284,3.3958171394955725,1.823914366426502,-3.3958171394955725,-1.823914366426502,1.1043757571178547,1.8775397772218356,0.2675478698090299,1.4955179156211333,0.4698789636320311,1.769686773991576,0.037147021956711344,1.109000182095992,0.4065724509059193,1.6546053121390458,-0.04297619006178065,1.0724240343300553,0.28740171833739436,1.201553784928029,-0.27833332118769405,0.7768474876120308,0.5545293416857472,0.48958392346150365,0.7948553651150889,-0.9202150385268976,0.6326419620438375,good
3.22299749503142,-5.769851965510704,3.1369519699432367,-5.793618438265273,3.1430406143467824,-5.807174060132688,3.14984094199159,-5.818905795672668,3.092474556934773,-5.74165388665959,3.0649441704540847,-5.714247181747258,3.032098110927736,-5.668369145594453,3.115801535985802,-5.826357230918142,2.948500407304496,-5.498612855779755,3.28601471265751,-5.77399549948007,3.2219700715540545,-5.65130084513104,3.353103774817274,-5.36044960248903,3.094649266010268,-5.272840343342262,3.2508675135982528,-3.760132309747808,2.9888834593876386,-2.6662445286095218,3.432577077205559,1.4620049039030298,3.1200187335814378,2.5903587886042385,3.498134316911724,1.8332688169311717,3.1634800127465277,2.6844875510496813,3.5979883813414535,1.9196619595342534,3.218553521167624,2.5927988900090986,3.6359828283087188,1.9415858025871326,3.232464758576332,2.557283598333887,0.31036335092830025,-0.29737326955749377,-0.31036335092830025,0.29737326955749377,-2.914931126277082,3.6285427780145074,-3.6812343507093743,3.065003831724004,-2.3692517106567297,-0.17750203784424465,-2.2991017423256976,-1.510014899962884,-2.255163625131519,-0.824995460664256,-2.180527796888352,-2.627304102476506,-2.4906481738240904,-0.541055884260039,-2.3986607166874605,-0.9538837803265323,0.021580619260826363,0.26806587010835065,2.664892500733681,0.5485516369740593,0.14750791534723742,poor
0.6377888216270388,-0.7528765179273499,0.6212477241868056,-0.772590274000752,0.6171397132092227,-0.7762783125965294,0.6126029747926243,-0.7819660765026322,0.6275411406851694,-0.7573883041923627,0.6289413685207008,-0.7476864965714483,0.6303674091686458,-0.738098295275405,0.5857390394489219,-0.7813318572569657,0.6216308164290201,-0.7148044240467802,0.6355743902422462,-0.7737259124269987,0.6437583656795722,-0.7498842433148261,0.5869173944127228,-0.5545433753024038,0.6190997051282409,-0.7398308577547152,0.9116900316784916,0.5541494647089256,0.8649977743656444,0.5301239882931063,0.9427822007868512,0.9006508074447109,0.8235049838637931,0.8371187381932212,0.9691583248775164,0.9118905124627702,0.7933945326887036,0.8210968027472086,0.940086867771668,0.9054938549375038,0.7802365705830985,0.847985659535802,0.9243023631310112,0.940185671883048,0.7793515630558575,0.8589405001551879,-0.6738505147738983,0.6114744515232797,0.6738505147738983,-0.6114744515232797,-0.525529522371708,0.9591155391330788,-0.5001787618002799,0.6203680393383686,-0.32821016357777993,0.9030154700070762,-0.5461765673419866,1.0743493456286473,-0.4984350905942004,1.0000946283014769,-0.5844927572071575,1.09494436625892,-0.571200702055939,0.6298122424832453,-0.5436459616242163,0.8631065716719104,0.4447039419731501,0.5291901185202483,-0.26351591158014254,-0.23204513947472005,0.5925806453271576,good
-1.0046318679018287,0.3464181422759835,-1.0021725167921063,0.3823312100979431,-1.000772036795265,0.3742736026218809,-1.001138713449695,0.36564814509629134,-1.017174871965606,0.42138236373801086,-1.0200365854641693,0.4410389653515381,-1.0230149640028032,0.4619714447100665,-0.997207670000284,0.39995909793102713,-1.0264781728164944,0.5301982983522541,-0.992895674522425,0.3241941100355287,-1.0022473434039918,0.3858871273609533,-0.961242922380885,0.4408857612439838,-1.0269927358066984,0.5556300650348527,-0.9283700622961027,-0.15810424175053622,-1.0619926558378414,-0.12693138579874927,-0.9837665878588512,-0.8936935966497536,-1.0199253171730693,-0.9727332117928573,-0.9824456238173139,-0.9007779814054935,-1.019506154406278,-0.9764181043541071,-0.9867519110281989,-0.9091040568438565,-1.0093872105349937,-0.9728044678181232,-0.9906062139343152,-0.9073621003813274,-1.0051401912663431,-0.9733794140761125,0.812446454691106,-0.2093729829863669,-0.812446454691106,0.2093729829863669,0.9167872638685092,-0.8640713176416088,0.8849156090390499,-0.9412927069286015,0.9866259029237094,-0.6770722858519529,0.960244470770988,-0.7066940041247454,0.9858728302014658,-0.5138649731159912,0.9606754478010612,-0.47469176920430156,0.9947929018591941,-0.8282699630194059,0.9721587783682973,-0.8788120643884499,0.30481603054043,0.4204981832145785,-0.8142964634249692,-0.9537247117553456,-0.18536903992198447,excellent
-0.7581192581548053,0.21347125290971217,-0.7594316451354801,0.2438337782199632,-0.7472259023860992,0.25729462367896516,-0.747354517965351,0.2588154406987795,-0.7683439457338184,0.29147006452142044,-0.773274815438256,0.3184433278498207,-0.7782438091808076,0.34564386419043686,-0.7521799470166741,0.3527573701337869,-0.7842310633548208,0.45220432968856566,-0.7482444319279485,0.21898456990653561,-0.7628058450196676,0.2789192755387244,-0.689688406435662,0.46401675070579945,-0.7846100363816424,0.6265712469802851,-0.5424448950073526,0.2565509976514378,-0.6023284106277094,0.5932611435419061,-0.47537400581539396,-0.5517910792620623,-0.4638325118256927,-0.5790755776343898,-0.4899752099617442,-0.5206487799097053,-0.480955315843718,-0.5795039577209509,-0.5010103513709592,-0.5167313989093322,-0.49227461987703375,-0.5843976786288858,-0.4989579364982522,-0.523948681802858,-0.49161114693447683,-0.5858761907319431,1.0968641204832308,-0.3531461055670031,-1.0968641204832308,0.3531461055670031,1.0511786537315262,-0.0755504559569708,0.9913678000742916,0.07187477396532581,0.8467481778061872,-0.09983853672525342,0.8591879791069339,-0.08169748226547449,0.836285509394966,-0.07484519958373465,0.8443662351314225,0.04012642385580062,0.798574144622441,-0.2875089368423201,0.824616962695901,-0.36679992842655845,0.8500322300212791,0.4057237160926773,0.8888327371734592,1.7544314584111222,0.4477225791464233,good
0.31850307943011297,0.011613610432449151,0.32301308969061127,0.03612449857320795,0.321620713859627,0.04925870614581248,0.32035826550680513,0.0599685719329414,0.32647865646286184,-0.016815804848760777,0.3276767143961339,-0.03807599388077973,0.32894426660516474,-0.06335764647801763,0.32271222348561257,0.048170224486297465,0.3296065575668706,-0.10281342846697528,0.3130203002687538,0.03415263486019904,0.3204960790282792,-0.04032594693350622,0.30510761472071385,-0.015493842258289023,0.34829859339574876,-0.23616740947859785,0.024306814342614058,-0.2876347538226893,0.27330973917786666,-0.49069506214462166,0.12709457547099737,-0.216940783413035,0.3866757505202335,0.05998194061544488,0.025990310941369846,-0.25442387893454466,0.3896160713769701,0.03600936108594028,0.15483056284682478,-0.2069538555312138,0.3839813163361308,0.030207558988436533,0.19013639009957825,-0.22295043332904857,0.39280455256800756,0.028098842730180876,-0.7135913517274811,0.6202550829947969,0.7135913517274811,-0.6202550829947969,-0.3894013554023563,0.10510503985179012,-0.3065655389796947,0.09438830234782787,-0.29140133048329164,0.07739338053802194,-0.2860511694266986,0.2657040804525439,-0.28474857070190696,0.09300809144594924,-0.2987009393883701,0.30362558830503306,-0.3130419629984682,0.19170181768950392,-0.31078245866286214,0.4570690184066045,-0.6614954862786884,-0.24938219937752756,-0.0342855121326109,0.957529663022049,-0.5175080198980586,poor
-0.978259414409861,0.22218736179213325,-0.9763409282133889,0.2591427735132407,-0.9737933736434803,0.25715831970197645,-0.9716757334795904,0.25469581657941787,-0.9862642374746278,0.3098068617291337,-0.9894835147676316,0.32447451705509106,-0.9931290027952283,0.3514976153868861,-0.9692674103768311,0.29433888330298197,-1.00069851712665,0.4021579535006367,-0.9698873765092645,0.18993418142730906,-0.9822791069699769,0.2611035998238808,-0.9353823008006454,0.3377584492445142,-1.0066279163756782,0.4085343375179133,-0.9398026844314494,-0.09623902925347988,-1.0397955296030437,-0.1404505719901627,-0.9335097440039818,-0.8089050228574652,-1.040867249609973,-0.907914709965664,-0.934844759573636,-0.8217668509743719,-1.0305198101634,-0.9140736311322545,-0.9497185809142961,-0.8356806106395831,-1.0217430189461119,-0.9078477882174768,-0.9533925449943045,-0.8342940463452013,-1.0227248741540365,-0.906084368527941,0.927372155917046,-0.15903517798637465,-0.927372155917046,0.15903517798637465,0.8863370611458871,-0.7896425835070953,0.8856360407343684,-0.8894540020317769,0.9547386052449529,-0.5839471694760175,0.9596658812386988,-0.690340429922333,0.9508854768285078,-0.40236448799956875,0.9596652058654154,-0.44908879666267265,0.9618887941465193,-0.75944383547252,0.9657333164175778,-0.8290875579658681,0.9188719274809174,0.7527313110493071,-0.8156826346006038,-1.0690376615025592,1.0607894410692746,good
1.090810804479152,-0.5784610923953524,1.0937132681125874,-0.6530059875577077,1.0888288540880313,-0.6705767115936603,1.0830717927275983,-0.6901384946261078,1.1082678429182695,-0.6441990212184304,1.1156158249732255,-0.6487183801621696,1.1231549295350296,-0.6508603088586815,1.0585186235887105,-0.8456908117593053,1.1272133206213875,-0.7470660755077326,1.070506361749205,-0.6564484197423514,1.0934616490802387,-0.6398926109349098,0.9025827080640526,-0.9264486960266618,1.0122246583071282,-0.7262419868551383,1.0603347542890804,0.7595437751091012,1.235227804053445,1.1944698250362171,0.9345951903878195,1.8104041363291683,0.9992110015183626,1.5591719790699436,0.9088859228338562,1.7313187467474664,0.9679978269001972,1.5176982793603229,0.8903599487445233,1.7052635946086394,0.9275556662785928,1.5649098386775628,0.8881733260563334,1.7514979558822754,0.9142496339838914,1.5751138999109269,-1.572242016500352,-0.9611081781395692,1.572242016500352,0.9611081781395692,-1.1900513152221974,1.0578105919553464,-0.9959262349144764,1.309681357483429,-1.3144852936669345,2.018095269139851,-1.19975521705254,2.150297062373238,-1.2628071196014954,1.9625846759192331,-1.1451235971905285,2.1128734990283955,-1.1190547735193088,2.121006820441557,-1.0399605149134692,1.832923842626222,0.4767039745049538,0.5865389379293083,-0.5634933577292479,0.3034393612279072,-0.06634521342598153,excellent
0.1652402394808744,0.8070609482843223,0.16952677812229444,0.7321669406942721,0.16548856104437956,0.7162620704719008,0.16206804397683466,0.6979404706268489,0.18868435661858515,0.7402233126121495,0.1992423561675294,0.7327521637377973,0.21126059978840056,0.7246927092584826,0.16099665783177317,0.594353615175384,0.23322825788593973,0.6475172804027887,0.1490118369834022,0.7757695185334871,0.17590200139037718,0.7879176336538702,0.10268170421316845,0.3014374243928789,0.24702910739080397,0.6259347161157054,-0.16777466132921845,-0.44653917188097125,0.10541118149594098,-0.17036366434527744,-0.08978023988536331,-0.2853938000429718,0.13536514547426814,-0.16937649036907326,-0.0922239416605983,-0.28858724608973274,0.14063557262754345,-0.18812435552595713,-0.06931848795103063,-0.32751891837911523,0.13092730843543773,-0.2046612598495586,-0.05789771839216678,-0.3081672268410071,0.12996093462153302,-0.1986541038853641,-0.9313201308414947,-1.1772391674861225,0.9313201308414947,1.1772391674861225,-0.3514431602118871,-0.5887828428428102,-0.19915671659137518,-0.15698438265348075,-0.29544924703124276,-0.4001853576287941,-0.196296324880248,-0.09361172670608012,-0.2320800903220072,-0.5141808752122038,-0.23700574905463126,-0.19354617501644164,-0.22861487191975974,-0.007805929927825783,-0.14811162443542517,-0.01495904171892845,-1.161331111072123,-1.207812142554072,-0.826656060529952,1.0608021443345248,-1.4058092637143575,excellent
-0.8893022644689063,0.17637370142238773,-0.8904788096424205,0.21119457262727162,-0.8882014287225725,0.2100741381140783,-0.8859623996919475,0.21200069618438283,-0.8931205444295426,0.24474438176041186,-0.8955964373932097,0.2657459100050704,-0.8991220588791905,0.29080844510196496,-0.8853283665359861,0.2698806703891415,-0.9058585866180231,0.34971728025157406,-0.8836762526906913,0.1587911576495546,-0.8887709151278415,0.22041858091495778,-0.8475506509239373,0.3729392331280727,-0.9239593762586621,0.36696493516648493,-0.8108134999065267,-0.14304996327626618,-0.9593195353596604,-0.3070319192815625,-0.8069406001254279,-0.8520558888523326,-0.930830135165125,-0.9490005903213998,-0.8177854692560965,-0.8583762639820958,-0.9312798089091826,-0.9228994346183352,-0.8379853935631493,-0.8576521883371274,-0.9231394349935388,-0.9165071093865166,-0.8402166821757081,-0.8553554532208839,-0.9200955845213901,-0.923530819995633,0.8490623640259009,-0.0023130852588175883,-0.8490623640259009,0.0023130852588175883,0.9209239629230771,-0.7953372620105943,0.8799049840403518,-1.0198428101469408,0.9663628143018109,-0.6332089045909678,0.9535479233706319,-0.7857488770881176,0.969221851495298,-0.45436734362397047,0.9582762186659863,-0.5307154655998431,0.9658721332885832,-0.8218481295995766,0.9612424627392612,-0.9073235422351467,0.999428116464284,0.41320809321099605,-0.46633084370745453,-1.1091280007014683,1.1482876567457525,good
-0.9744193420684774,0.36847608642332214,-0.9735972343514983,0.40722509988415173,-0.9702299863090255,0.39436545637772236,-0.9676754760004056,0.38563679110406346,-0.9845778928089366,0.4389312112554806,-0.9882214631731965,0.45712540381105,-0.9923500917423049,0.4713198930685911,-0.964329429373431,0.4189538713906452,-1.000631728508887,0.512425161852997,-0.9656785950331799,0.30542945985834075,-0.9783768095234731,0.37353617847132775,-0.9316887207977699,0.458422240543604,-1.003288251383339,0.5403530914204281,-0.92230117399405,-0.01186553409831979,-1.0183883247815988,-0.010988963586240888,-0.8869074981188814,-0.7616191726004032,-1.0399740290323591,-0.8587988800328351,-0.8982097703308007,-0.7660220582576192,-1.031402114996735,-0.8671414992790223,-0.9158668224279496,-0.7708984774118359,-1.0258872543498851,-0.8564856789296249,-0.9144061060196153,-0.7684605383436446,-1.027298666276275,-0.8538498831111927,0.6188371420443834,-0.2429748614515956,-0.6188371420443834,0.2429748614515956,0.8735448813604494,-0.7114609121549447,0.896474054642874,-0.8114233680783584,0.947964727429329,-0.483159953219519,0.9687309568400851,-0.574205624095263,0.9446750331335226,-0.31283330932641124,0.9683731320885077,-0.3337592905158744,0.9594391079624491,-0.6965745769151627,0.9758076112901642,-0.7527995493013898,0.973005058183874,0.8877391714763424,-0.9120022926517037,-1.019920748516202,1.6659290818519148,poor
-1.005690005295311,0.5284038143644348,-1.0070691974507484,0.5633031957795341,-1.004070236692727,0.5629669809019853,-1.0001372996964306,0.56056720913924,-1.0116079045675213,0.581592026575109,-1.0135915138104015,0.5957791849166059,-1.0159777698689783,0.6121089681931035,-0.9873418239670888,0.5928866386234154,-1.0160647506965406,0.6709500402848935,-1.000660203013727,0.5330032035359694,-1.005479346455393,0.5691325197637198,-0.9456606638365853,0.6076693065177367,-1.0149356526183644,0.6476963081928945,-0.924945287552154,-0.34009878460898707,-1.066014345802224,-0.37109877642395706,-0.992144867139686,-1.0337782663161479,-1.0189600437698605,-1.0955126196563927,-0.9911000240605483,-1.0330512465336485,-1.0135477007067513,-1.0841596519598895,-0.9858324316304288,-1.040344261951919,-1.0105780466115997,-1.0858158425193263,-0.9900603335017969,-1.03846885334595,-1.0095803663499572,-1.0898507261132289,0.9046906844510486,-0.14709676638434457,-0.9046906844510486,0.14709676638434457,0.9211756082114881,-0.9926748943617211,0.8761994289651335,-1.1142738969140293,0.9690202659363242,-0.7962941854086765,0.962289716336462,-0.8659274011212911,0.9715576133783659,-0.6685757452323254,0.9622430162549825,-0.6759318399366991,0.9844191797905303,-0.9696892032707081,0.973600946204432,-0.9487101640172063,-1.9430805703726666,-1.228227127265797,-0.8471583083838815,-1.0741433439375747,-1.5281238255751761,excellent
-0.97264728180068,0.33470521298470807,-0.9730435921382428,0.38314622321645275,-0.9699818852511827,0.37776481487848496,-0.9671198279265465,0.3725851643587897,-0.9818613485192274,0.421797605496457,-0.9857458853893197,0.44119419123667997,-0.9900220960775634,0.4588591427406219,-0.9656817574789311,0.41161489601856516,-0.998125672420426,0.4999181255737028,-0.965457545448474,0.28777851122809944,-0.9757609593778055,0.3553821990846789,-0.9310160582568365,0.4419292515522295,-1.0028517147658995,0.5097673281981244,-0.9244445311365599,-0.055981131884399744,-1.0260749595395036,-0.05432937771915601,-0.8880367528593913,-0.7823299926887088,-1.0412560375155193,-0.8720584884358558,-0.8999559075727943,-0.7847532390393094,-1.0326895148366309,-0.878924152220789,-0.9150479631928221,-0.7930527226190002,-1.0274014118944408,-0.8699714365398783,-0.9129830771620228,-0.7906522924434761,-1.0291006985907483,-0.8665167029517178,0.6403787328319065,-0.2295576777608476,-0.6403787328319065,0.2295576777608476,0.874233651186156,-0.7225028664412256,0.8948310718749236,-0.8271147658605974,0.94989349175324,-0.5004744622405742,0.9683956023916521,-0.5823993532840211,0.9460049612902719,-0.33431086443358854,0.9684704717293053,-0.3410247297765661,0.9603129033673313,-0.7146792132982764,0.9773402321614791,-0.7691800093244098,0.9798962580645209,0.8229299652637252,-0.9370485576075889,-1.072620317859866,1.6855695256274028,poor
2.2279941165370385,0.19652861851570946,2.248303647962856,-0.01391146937937452,2.2517746414694995,-0.00521055242896526,2.2555767329680547,0.0024966013504420844,2.2402033127795096,-0.1345229991994726,2.2365784173253687,-0.21001936869577378,2.2348939859521497,-0.29058153604215037,2.268277957211525,-0.14135118053584528,2.229162848184136,-0.4996229893116325,2.218304856666002,0.387076477648147,2.2173207215595867,0.14061363285403222,2.437902708193235,-0.7769029733389599,2.254593526787295,-0.3946911561485803,1.9337343675374634,-2.4626742363398915,1.6806948191940252,-2.567871813877721,1.651454171654743,-0.4639299718877241,1.7707909309475993,0.7769610653489811,1.5202186561575226,-0.22540686632186335,1.8283566338909112,0.8884709657525265,1.648051161762145,-0.0364821619034682,1.8583071635512856,0.725080655244535,1.6905858435592558,-0.09009092108976487,1.8854122958016832,0.6681140503200586,0.024938175826753166,-3.570433309942713,-0.024938175826753166,3.570433309942713,-2.1254184378696075,-0.7825776626859265,-2.2987913985064536,0.5910817595646035,-1.9277427763248367,-2.115477312616523,-2.275916221001928,-1.1788825979069109,-2.18678900423686,-2.8579111869997313,-2.2689028547042507,-2.029325925407455,-2.206881514249921,-0.7805276570575966,-2.4424927940553545,0.004487637836923188,-1.448092691864582,-1.6248980948879423,1.023495705999481,2.12283523287886,-1.5258281791035164,good
1.484731946548375,-0.05596705177894064,1.491492558213926,-0.18880884331410874,1.491750101206525,-0.192528106481238,1.492986400803215,-0.1978969404567808,1.4925253443650675,-0.23625463194588683,1.492928358862774,-0.2700782034275562,1.4947410438911235,-0.3124090250725992,1.5054676989946458,-0.30434993654364606,1.498042424877679,-0.4500611037182855,1.4775462434933546,-0.0202508733476377,1.4873807961654788,-0.1201391823845421,1.603918600801887,-0.7940261614125388,1.5625417897291458,-0.44871284294365726,1.0780476792542268,-1.7371936394371041,1.089114588677776,-1.5993991195195576,0.9982835924079119,-0.08834407058870043,1.17099611163187,0.4400870229405638,1.2075963550664113,-0.1521851966735013,1.2331257760309455,0.5059801508066878,1.231242668452705,0.005924068405712556,1.222121671589088,0.41176181099040604,1.2297393401599082,-0.03707471365808775,1.2391533540535993,0.377203011120013,-0.5811545367691453,-2.5876087465221493,0.5811545367691453,2.5876087465221493,-1.5421126791222715,-0.4805789090168641,-1.5541596876520345,0.4583663116823141,-1.6067998549765228,-1.3104718292195738,-1.6388779862277778,-0.451214358329798,-1.6198009081748839,-1.7034653924793823,-1.6431869117140736,-1.0291284368154965,-1.5901761500076932,-0.45119778818326317,-1.719247896931012,0.28618488406507087,-1.0830062678908399,-1.1286210294801522,1.111691497748696,2.1267824701415656,-1.103590876729053,good
0.0787189260533014,0.32999425954909045,0.07267520539805065,0.33762483041313773,0.06998497731710689,0.3482979287574469,0.0670645627600526,0.36061059178673743,0.07845577172880056,0.3049076370453163,0.0799027654911486,0.2925353858425412,0.0814610356866578,0.28010656094579056,0.06033675741945482,0.3830825066344244,0.08433662774877825,0.27379359152919347,0.07207505572288612,0.37774964734783306,0.07595194771074817,0.3148119094258792,0.03542149947727266,0.614215780622349,0.09357179163123265,0.3619473723573856,0.3111025987907287,1.4245260305211578,0.3125609991789236,1.6947637823759507,0.22003661304013092,0.8606241203920507,0.23958177076206438,0.6794939366537515,0.24937578576390193,0.8256232250811237,0.236959017162131,0.6439487036314178,0.2452757319481185,0.8084741756336175,0.22436521686661937,0.6674213416466479,0.23504689331159423,0.8179707728499592,0.2265638685499629,0.671436158073783,0.6473412888106584,1.5697331278658972,-0.6473412888106584,-1.5697331278658972,0.2834825188188735,1.547851022050174,0.005656575323975415,1.054971824746665,0.1288608310997616,0.17091198632126703,0.13167840791251642,-0.05800270113231539,0.15939008585191225,-0.013859075813319117,0.17869719799605732,-0.14269991212890398,0.016034686176697146,-0.12935531503536132,0.02890595627234092,-0.2060606035328462,0.6835252503069261,0.65279530527032,-0.23754127577999382,-0.23911204246566573,0.46122993231547843,poor
0.33048513070653396,0.405077060201975,0.33347235200357933,0.36932414501241934,0.32920907458979715,0.3571061039866902,0.3246679986939402,0.3415926405353446,0.34977087677341256,0.3718502433889622,0.3579546531022996,0.3644646168371882,0.3678067490800865,0.3540057357334521,0.3208912444643237,0.23629100233116637,0.3946765507461555,0.26353349941497917,0.31517955165793154,0.34863745522729883,0.3373517191073759,0.3574536374632637,0.22464086738141423,-0.17239279665757556,0.40586895762980457,0.07310919250769586,0.02707208665786679,-0.03406802960669361,0.34413555703780374,0.14660837880658492,0.018891928327488275,0.31698399076107153,0.2930255317380529,0.32491149540196834,0.05537645565262493,0.27131730989981123,0.2869808172354723,0.295287155502568,0.07868112348615637,0.24470610267638865,0.2639997964895211,0.3125596685230707,0.08711667848451463,0.27530925668390466,0.2545552452325157,0.3233962850112215,-1.5168351869213477,-0.9569331947666173,1.5168351869213477,0.9569331947666173,-0.5215148940078731,-0.1347635580305275,-0.3467581754158926,0.2144665109381461,-0.5180802876807723,0.367290909300238,-0.44055041762054026,0.5518245091660158,-0.48755952757939175,0.2741908955039599,-0.41265740288139857,0.5085988158520426,-0.3804437538052899,0.5966238606651371,-0.3157217695539435,0.5043020394310341,-0.052858950737242706,-0.0700626235034401,-0.4314487124662129,0.9180677512711285,-0.5938674225498144,excellent
0.37982180580371583,-0.7861649156095065,0.3607909126623009,-0.7578955697914869,0.3567233674899865,-0.7578039496496651,0.3521447278959658,-0.7579412993554107,0.3676247374795705,-0.7360956701160344,0.3693346015939807,-0.7198819320499085,0.37083532390159724,-0.7034261724529633,0.3284663080961444,-0.7244713973527803,0.36344221721492065,-0.6472846157887898,0.37921513564422454,-0.8089806488584171,0.38922148190163436,-0.773946571852334,0.28655916386790053,-0.5167980562392174,0.38697708495234434,-0.6804051423216736,0.39825568523184995,0.05526204101769655,0.540208485991314,-0.10927468020003078,0.5200785763227731,0.44954556845992627,0.5346108066147481,0.30520645948438846,0.49509544498855196,0.4445289865182764,0.5070155336844733,0.305276545041364,0.4837245057815925,0.4484969928754209,0.49386257446759435,0.3230587770245151,0.4862975134398123,0.4682407663649762,0.49401930766112023,0.3270713773296376,-1.12471013467118,0.1685905677884967,1.12471013467118,-0.1685905677884967,-0.45244030941578,0.2181661450528917,-0.3531186412521496,0.1499281029137552,-0.5122929720190486,0.5533249364364988,-0.4691975975596106,0.6937284068073962,-0.5281158166934132,0.579686040337119,-0.5124834871048136,0.7005468954058831,-0.5238187459577062,0.519431690592278,-0.44481969931375137,0.6751814490181919,0.26946102309155345,0.41683004560857434,0.7794786085785776,-0.08075684924936657,0.5882008249583945,good
2.6444195557865964,-1.0390332984389798,2.6300783433750126,-1.4352645488572606,2.628420632027408,-1.501331668855407,2.6264792286595724,-1.5796376115260793,2.632515209869976,-1.3960533808095366,2.635555740357274,-1.4172834843489746,2.6411086309244265,-1.4476383343895547,2.6047492208548624,-1.8166581091772236,2.633512329707825,-1.8154623793174618,2.6370041714425803,-1.1736848957966988,2.652574743780342,-1.1590643637589555,2.646099244224127,-1.7490105420774475,2.521975309040755,-1.6784865161969984,3.376845347861354,1.8968700193009829,2.8587847563696465,2.0061786146359224,3.370265139554398,3.731510347812988,2.7994648868572813,3.5984041187963016,3.3625618952619236,3.647187576218157,2.8253199979253054,3.6946917458242887,3.258128535456455,3.708926440004493,2.794151411593886,3.600092438434406,3.238417299513687,3.7868089476147326,2.7690730696824883,3.5928460347536633,-0.9492143022093369,1.7164929774810769,0.9492143022093369,-1.7164929774810769,-1.7808832577149267,3.3058727998565476,-2.0747993092379144,3.1101019079664103,-2.0974776764709704,2.8023979244054114,-2.449612038572445,2.969768368188353,-2.322475742320292,2.5651541128125315,-2.51943719437356,2.386063594077133,-2.317321928214105,3.2170113088209797,-2.4307960779953923,3.749179437893538,0.3921830525685244,0.4176322489737515,-0.6123375354194935,0.0960792251439122,0.5579916950320357,good
0.2954153577576731,0.6245601012207825,0.2906617735066888,0.5313691006082291,0.285708098864546,0.516777335619549,0.2804971564475644,0.5003136121696372,0.30615460793008553,0.5282432476258513,0.3137139560268908,0.5166997518893155,0.32245869711796926,0.5074288939259749,0.2657041620830905,0.4106528175524325,0.331497170118623,0.43010108395222346,0.27782365246723373,0.5996019999677656,0.2954769605915612,0.5941031325075544,0.17973386523171112,0.5240550094844035,0.300492645731598,0.32751514479690863,0.590589751634815,1.9320811795573254,0.6021840224337229,2.1918705716158446,0.5358273780863867,1.3705060679009358,0.5222613436145679,1.0265676583573524,0.5014175793225307,1.2805685977611834,0.49182362210593183,0.9679695262460482,0.4949322307621592,1.2451747150699128,0.4639993509357666,1.0048814636554948,0.49498584046946104,1.2889600074621426,0.4620021638624478,0.9932434867460413,0.3749953983807918,2.0933752736956555,-0.3749953983807918,-2.0933752736956555,0.22632187392895264,2.221173131445144,-0.08456837428050433,1.3070475787631608,-0.10326319473921523,2.2768605909452666,-0.14220114278220122,1.6216687402121999,-0.12204959241678937,2.2755468595693173,-0.09205508662601605,1.5223758632525395,-0.14612030064527798,1.6277584773018892,-0.17537346166933995,1.2570629695747637,0.7550439750688417,0.6814897826543185,1.3191176230959931,-0.7392511798975697,0.036479211287903233,excellent
1.0768519541613908,-0.5478757884658759,1.0783704899277435,-0.617129273559462,1.0743102660840562,-0.6261779440254598,1.069580723729553,-0.6359741046647934,1.0914197582451493,-0.6196258467615252,1.0985052954704846,-0.6234134575448863,1.1063000120110895,-0.6240342951113085,1.041077480250472,-0.7576106892171746,1.0889468464341103,-0.7212060707943209,1.057320105190158,-0.5814079606517157,1.07814577535668,-0.5980949088399319,0.8929949465682702,-0.8731870263815191,1.0090299170343038,-0.7899530885194348,0.9273822782519253,0.8982870046396904,1.1112234393836622,1.1830213138316872,0.8117145527667228,1.802659914720938,0.9066085091751419,1.582331099631475,0.7849172419528891,1.7255770028037398,0.8679034249885984,1.560159932202976,0.787296931041215,1.6858780851538384,0.8432625569588226,1.5901310576678542,0.7570890291413552,1.7396624660114774,0.8512364741869033,1.6077654955096636,-1.5576141849473086,-0.347573042369392,1.5576141849473086,0.347573042369392,-1.2408715434536735,1.1502787633558993,-0.9847634914106038,1.300883822998646,-1.3557752217995682,2.0874954960377266,-1.232081893005079,2.256217124773571,-1.3031991210342724,2.111523698683572,-1.1644337460289291,2.1605310754192346,-1.206112261357887,2.2525377651906022,-1.1132898299180658,1.967624845613686,0.4244625408821513,0.5078091469808281,-0.5711309465710739,0.5282242174388095,-0.06411689555924356,excellent
-0.9662909317181712,0.14905692599654266,-0.9667005394660203,0.19380486429365668,-0.9648242964054515,0.19318877061929665,-0.9630259406521454,0.19373548595650983,-0.975843266544276,0.23396049217249723,-0.979459758398336,0.26123099444080644,-0.9825434898072263,0.2913147174148301,-0.9615823100170334,0.2735906700332566,-0.9895622636521929,0.4001600272000259,-0.9601622500669333,0.14140840300977262,-0.9716508761947925,0.20773886176848452,-0.9304627787495905,0.4086625253742483,-1.0020019203739103,0.46129963402527446,-0.8920835834337093,-0.07559050369671834,-1.0676620368690384,-0.1053177349319776,-0.905012513439169,-0.8016210693365885,-1.043120499369505,-0.8986679083596505,-0.9109046774954704,-0.809266099003026,-1.032914224460349,-0.9035701725767501,-0.9301815581193627,-0.8283486655098143,-1.0219440216091757,-0.896776471913344,-0.9269273420732009,-0.826468649417645,-1.0255456416996835,-0.8950356226890905,0.8899810889991969,-0.13839754718567887,-0.8899810889991969,0.13839754718567887,0.8877818260645128,-0.7894708176113345,0.8799863783477309,-0.893633757699246,0.9557799375043464,-0.5517591943196096,0.9569402455439807,-0.6996900916123596,0.9511770518516169,-0.3648410643546236,0.9563845757684653,-0.4217725933907417,0.9582246821727392,-0.7277009331783513,0.9629607550184752,-0.8313151351140801,0.692962100823679,0.4751264546127814,-0.8444209918756659,-1.164189015973302,0.6934971855384827,good
-0.11342679414090624,0.25744064478224504,-0.1168652776033825,0.278510103481094,-0.11950197312891997,0.28812892622277425,-0.12189931058716007,0.299532512726569,-0.11061374797538476,0.25169265325047285,-0.1094945641024069,0.24151343935100594,-0.10891047785784967,0.23096755629081292,-0.1217741563551574,0.33131953422590094,-0.10422038427879192,0.24197591315974865,-0.11842689072682637,0.2690306209402805,-0.11245877807918098,0.23019718499272582,-0.18304570390833672,0.39221132304434,-0.07821510404490155,0.15462796337102624,-0.26015530287843835,0.4027679182853122,-0.037149360199509124,0.20179118055132558,-0.1685359796082132,-0.11329176585842747,-0.016767358482570043,-0.10126604300598516,-0.17159670255097328,-0.152600058658051,-0.016353147564671832,-0.11794146698337934,-0.1474608503717707,-0.14700168065474867,-0.030389309974493007,-0.12357842195878646,-0.15252119932090535,-0.13288404511626203,-0.02568912128180124,-0.11913807502787638,-0.4674814299846156,1.1685424842817898,0.4674814299846156,-1.1685424842817898,0.0338007632067386,-0.031812631094366633,0.12917115621409866,-0.28604624902293996,0.0540863170818172,0.23819707571459983,0.15708318513420708,0.006262790108380217,0.0499179784722267,0.3489433208487201,0.14906875746666162,0.17677801787890127,0.029003819477387394,0.15607904081290921,0.11824989415906907,-0.03893016140471533,-0.10235949249997305,0.19641611355097574,-0.7998020258010802,0.2995858844105856,-0.12501776007934062,poor
0.08514382918501032,0.02000241279157764,0.08165809959469969,0.027361351496493415,0.07864837448734528,0.03056937679783032,0.07565558144889757,0.032260669222175666,0.08872315779671805,0.013613101380574236,0.09039624106939904,0.007342651864604902,0.09137479286390374,-0.005347000985671903,0.06806819352011978,0.01255732490636343,0.0884541440837269,-0.03798180192310781,0.07723104297480103,-0.0026630800803061085,0.08667826621174818,-0.020719410304165225,0.015070428132064129,0.08207095878350532,0.10482528786661571,-0.13845333917847708,0.06310103668223206,0.5034900772071917,0.2519032044816895,0.22545874723935946,0.12749369538724575,0.2260678502567873,0.24856538578212933,0.16611412264485625,0.13176300478703096,0.16610379413674953,0.2729282982084348,0.14237692062207813,0.14755692957488067,0.1703565433339331,0.25079251059723784,0.15263817533935634,0.14782841988383108,0.19714936676819755,0.2467981433442054,0.16575024976142766,-0.8676668912801871,0.8092640977622929,0.8676668912801871,-0.8092640977622929,-0.09066621618087364,0.16985711707334933,-0.017840601033782984,0.0929301995974096,-0.02542044463718356,0.22066131053037108,0.022816645000571987,0.24811525827128736,-0.014238152463444663,0.28220004472569565,0.01086299962767454,0.3720125978857221,-0.020064736171832267,0.09316576252877669,0.033650358434000806,0.2396354589084092,0.24669364650446227,0.42301154478597763,-0.3050458877255088,-0.0718519315770039,0.2844644070087183,poor
0.014568332434238275,0.001024148929920144,0.00943836743418445,0.04381047677444707,0.006680854416074028,0.05751292173116196,0.00377524856455861,0.07140810227115589,0.016100254104660636,0.014979496220798975,0.017728898727230148,0.009105403536873455,0.019042050047198084,0.002695781157526428,-0.0007654876119906934,0.1081678124677266,0.02069128694545021,0.001629260770975934,0.007253610912079851,0.01120765927300182,0.012644813974061591,-0.020657326211393885,-0.03282774146426761,0.18507075703149747,0.02895454774933367,-0.052631745491247627,0.02056385138680818,0.5689130909204935,0.1164402401288368,0.3811106979040803,-0.013943553501007372,0.24921419254466362,0.09004822031977719,0.188742306364179,0.01784481855475079,0.23597070466869513,0.10206771712991633,0.18776862091558488,0.03271760147754596,0.2418669865613454,0.08503754467355275,0.17594210771380098,0.0205079626390666,0.2461280724216162,0.07410481943446337,0.17880682916998564,-0.1162515218357815,1.055144153591416,0.1162515218357815,-1.055144153591416,-0.01981659233957093,0.5024272540449507,0.01836885093395104,0.19334157060690718,0.06088051118548354,-0.04143228040489666,0.061654637856356616,-0.03876564571943649,0.07897010456340219,-0.07994518880275643,0.06028616790584983,0.020869094440538607,0.017953266751231378,-0.1841599048136011,0.04761564462960011,-0.06005954732056273,0.3905848647333043,0.42114623572720206,-0.09540007212904758,0.3464265882373043,0.3119228745882915,poor
-0.5824125776664328,0.1418806208108296,-0.5826691824785848,0.1679947334509917,-0.5840483223318855,0.16920011676019373,-0.5861584815712282,0.1728716530034974,-0.5830484759905284,0.19657447869731698,-0.5861567586841036,0.21725664481760917,-0.5899129883146509,0.2386798818754786,-0.5974614849667856,0.25054963197767527,-0.6017329294146705,0.3216236031476817,-0.5838408958818478,0.1387134229760254,-0.587400168216625,0.18111675890278506,-0.5342658380372063,0.4302445460203554,-0.6573881947446123,0.45992610842751697,-0.40803255786606285,0.41179716257502963,-0.4787529688478007,0.586657486157202,-0.3541907523782783,-0.2889587775840539,-0.33915241645101696,-0.39515543728602043,-0.3483539361288451,-0.2505794448383924,-0.36664880495902913,-0.3777919527849728,-0.3655887583492585,-0.2616738352239425,-0.3734978993874074,-0.38053852789452497,-0.3626057379347399,-0.2738042136800461,-0.36990233128661937,-0.3858264934440451,1.720317432478896,0.052826314612523656,-1.720317432478896,-0.052826314612523656,1.0827537144006312,0.2516028645084689,0.9876328461908738,0.417474716577882,0.812495853951059,0.12337257510712062,0.7918314026448411,0.18475023771643476,0.7937143922037301,0.09156727576812908,0.776627828695541,0.23940386654894685,0.7360073945545192,-0.042776131348890974,0.7579441125531917,-0.13513981884668438,0.6767000504991753,0.48737170746532354,1.0919031231980258,0.22387548708236876,0.4272350125409256,good
-0.3564841136158878,0.4693802683960687,-0.3583879872542091,0.5039123723302986,-0.3619804918310909,0.510217810501054,-0.36549476627358846,0.5155317540324696,-0.3473482096187892,0.4946107575842616,-0.3440269002564675,0.49058708507444543,-0.3412160591423017,0.4871520558405686,-0.3715138186550221,0.5214665861642935,-0.33586990562201713,0.4904075619609016,-0.3662498990612872,0.4691811346704083,-0.35758527498697584,0.46162270579825143,-0.4046334153923815,0.7204615111657389,-0.30911993162302687,0.45943857976196784,-0.21192785613290582,0.9500947204581164,-0.09489796237661502,0.9309276091818944,-0.1972368524235306,0.07264691698550259,-0.0988181171590417,-0.08775314471081376,-0.1832905677014042,0.057138956741269925,-0.10442762266959704,-0.12392408637044715,-0.1870715082688435,0.03086045038855681,-0.12893890744176736,-0.10964694346030954,-0.20065523191311474,0.026479291032991646,-0.13386860731146935,-0.0989700370971855,0.7275051175157786,1.3002811957738565,-0.7275051175157786,-1.3002811957738565,0.8661622368624,0.7725295092124856,0.4678617950301918,0.2553598965212391,0.6268789589420882,0.8863215858656551,0.6363118692184409,-0.007429684094242122,0.6127264522092204,0.9287761859327204,0.6911446424764,0.062065867626072746,0.5312346961493635,0.4385530304184213,0.5291210989691455,-0.28993179079029574,0.712503063502843,0.6567929528188189,2.102750053349747,-1.1399879727481688,0.38708764269606166,poor
-0.10422262142384199,0.2004391192487169,-0.11455901306959522,0.20934958410271945,-0.11878662473780624,0.21235197682006812,-0.12310035728622507,0.2160660616729893,-0.10512213980808148,0.20779751903084465,-0.10298257393582909,0.21035982895174746,-0.101095775652393,0.2136826107535384,-0.13907871872718544,0.20885203731166413,-0.10503101283608617,0.21760870277934946,-0.11226499910248222,0.2035331353092861,-0.10326598546520661,0.2125118721935869,-0.18467898416640946,0.5340343124771681,-0.14003044939515932,0.2784629207242206,-0.0370234361013052,1.0336949312145796,0.0020794700833321658,0.9821653034607154,-0.019288489924022444,0.3948784662187184,0.028591234378623754,0.2328545187444761,0.02864136145102711,0.3885808962326429,0.03414676439119386,0.19662166728350952,0.01726177213852736,0.35500438492092684,0.006964215144383117,0.1930444995207846,-0.004068519520263032,0.3463379766933123,-0.004284589582753573,0.20736448602786883,1.3793651093420563,1.5099266120515948,-1.3793651093420563,-1.5099266120515948,1.0418394816733587,1.153567659048392,0.25582091246215544,0.7408924472900894,0.6195321773139808,1.1632266636561273,0.24835068159646934,0.5478903282064048,0.6057073114199618,1.274986438498422,0.2122176768633796,0.8427864499411467,0.4943269619146123,0.6944014873943614,0.07712008594763878,0.32208744911265896,0.5214318675996745,0.4928542292741745,1.3530027047475977,-0.5913971565643074,0.37182098112857725,good
0.7130494833278245,-0.09288540910432752,0.7173697433463209,-0.10773123021155948,0.7159083935980466,-0.09553868300604314,0.7147292829098081,-0.08369203254692933,0.7236212189422402,-0.16851976344477462,0.7262154567524284,-0.19485948384468826,0.7286763527566787,-0.22430132760441934,0.7248359980182388,-0.128486333196191,0.7319480886234964,-0.3127430828955381,0.7142037381778809,-0.07012340811288063,0.7253441221963038,-0.14202700650741423,0.6860330960220363,-0.3633945998278865,0.7499774749649605,-0.5144691131412352,0.5193924407962849,0.2940680626353467,0.76925001646618,0.00918094616137092,0.7870102991530074,0.620900372331551,0.8537297522122559,0.7137885273930179,0.7138755132361216,0.5332962212627242,0.8897550226878356,0.6938648710422738,0.7559721742056551,0.5064920621951994,0.8832289256578469,0.6807706800540544,0.7756917146281119,0.48775977512913726,0.8784028820909641,0.6873744493942843,-1.125928448123369,0.6646439870500994,1.125928448123369,-0.6646439870500994,-0.7811561770952491,0.8109771538787731,-0.6463025586996116,0.8024948011245414,-0.8675562658671785,1.036965162283771,-0.7883005670257331,1.0403269840806066,-0.8802297593788078,1.0197198835367007,-0.8217149115705191,1.0821544737076505,-0.8754228676791598,1.0251763913566074,-0.8119133317601606,1.03692261924309,-0.274181132587709,0.06738355182590261,-0.352326582061692,0.3817215843266228,-0.08780839741241303,poor
-0.9656297775828353,0.11446848426885763,-0.9657107927118492,0.17101603826795397,-0.9632225698869648,0.16702950955091705,-0.9602393282512323,0.16322052184459626,-0.975604141568942,0.2121298992570895,-0.9804036569491851,0.23637048172533626,-0.984746811342344,0.26361929983471183,-0.9555475735093575,0.21907368399926838,-0.9953886764516491,0.35155552777129473,-0.9604731277804693,0.0952019183498073,-0.9728904161265846,0.16519582397264826,-0.9286881780629582,0.3546365462225168,-1.0005109177447122,0.41050511792805805,-0.943876047268534,-0.09206139730461564,-1.026296210075383,-0.1687990130230483,-0.9360030289396519,-0.7802659091942121,-1.0476017435256302,-0.8839967572667844,-0.9344923170145705,-0.784415545696555,-1.0447446587214135,-0.8944747582676409,-0.9520230584034239,-0.8072760388839165,-1.0293338414439168,-0.8865498667449254,-0.9551655013823798,-0.8070100266243109,-1.0262136767528205,-0.8831444070177978,1.0016602250130622,-0.1508645666566175,-1.0016602250130622,0.1508645666566175,0.8820788444912473,-0.720168818557351,0.8786854526970221,-0.8115695378393765,0.954559845956224,-0.552869926696331,0.9519163003097098,-0.6810942236324241,0.9561917848947952,-0.3782825792122319,0.9522622657758142,-0.46483448444668096,0.9580325231881116,-0.7237052745757618,0.9576054385967314,-0.809380502309137,0.9682386404552413,0.8459279497089716,-0.7664501475515608,-0.805314712227346,0.9613147887476721,good
-0.964440317796697,0.146204996008364,-0.9671429011019114,0.19460384965737268,-0.9659246966041665,0.19071813235238333,-0.9647724265513047,0.1890108084304863,-0.9723501516332403,0.23943493709768232,-0.9763511851029076,0.26671478605117843,-0.9805848061114627,0.2968711785362883,-0.9657479220006002,0.27076135929530354,-0.991524486318093,0.40232239787020546,-0.9615806898278223,0.14552575720283067,-0.9694904777691529,0.21327754515265626,-0.9385126112071928,0.40718767138710915,-1.0091702613145044,0.49215350784270695,-0.919034123911041,-0.28816826623531006,-1.0683141635023863,-0.33856877522878986,-0.9426223308405669,-0.9595926858229676,-1.038432362149032,-1.0488202805430018,-0.9399801682165434,-0.9634735087928633,-1.029431289043095,-1.0411735137018674,-0.9426862948680257,-0.9802142421411513,-1.0233276103231896,-1.044877590706004,-0.9431095978816633,-0.9786846258377774,-1.0228270581022878,-1.0445661233681198,0.8860854972207814,-0.14534483809487228,-0.8860854972207814,0.14534483809487228,0.9133792129523924,-0.9682703319730054,0.8845614485862505,-1.0664185269880553,1.0259761271512078,-0.8315861695841755,0.959223788491385,-0.9160650443231602,1.026114993013992,-0.6694184064303549,0.961078281978983,-0.672597690221375,1.040069912194872,-0.9621041463934691,0.9586226302634874,-0.9979881900008212,0.5201678958332223,0.21282546598282084,0.3356588887982267,-1.0905115155745528,-0.0898613222713592,good
-0.9900941891439271,0.1799332658967621,-0.9903015663771809,0.2227450184717392,-0.986992286210168,0.21155629244981553,-0.9845262789677853,0.20193586590328755,-1.0025270228970096,0.2729198908206276,-1.0059873464938072,0.29695259007095043,-1.0096863557420175,0.3216945679629327,-0.9814128670043619,0.2449101827204473,-1.0156735487172244,0.3880552565486007,-0.9786074178644856,0.1458479502254411,-0.9934356251326989,0.20840727378017998,-0.9450269816962729,0.34945031585435604,-1.0149959815431517,0.42301174111358697,-1.0102329959480394,-0.0673860221336378,-0.9957650139091204,-0.08528525691196594,-0.9990543373263139,-0.7723910276969361,-1.0072001148927403,-0.8708797521577781,-0.9937015676946905,-0.7757899712784135,-1.0106687240235477,-0.8805274810481487,-1.0011427704736553,-0.7879430746368504,-0.9978902160535217,-0.8727873474998195,-1.0060731742081193,-0.7897520742328314,-0.9919590639393271,-0.8706246953105592,0.6613827143109134,-0.16813440942674093,-0.6613827143109134,0.16813440942674093,0.8909096799858812,-0.7533481385735734,0.9042709864445322,-0.8180135711322091,0.9657565641831514,-0.5327552563511272,0.9768698755521016,-0.6163940456330161,0.9632057293668006,-0.3805596127405452,0.9769363325263763,-0.3967609400103088,0.9760893052700651,-0.6917417047441082,0.9827990086776128,-0.7781438196080304,1.0815364568013761,0.9094161372753958,-0.771778568060451,-1.1466213305391764,1.1003560269977923,excellent
1.1272944406730467,-0.887245644705688,1.133641388148388,-0.9376056279459053,1.1331498334192058,-0.9394590345044888,1.1324865705416867,-0.9441094061218561,1.1337564957190307,-0.9726319216042256,1.1331511350382,-0.9961285513479543,1.132136031303201,-1.0248821346224932,1.1319108558058264,-1.0372980965309557,1.1254657962522898,-1.130898478544501,1.1252869863355492,-0.9200821500638354,1.1311786078061785,-0.9985459002693476,1.1318303562867817,-1.1365030602773591,1.1403316896302076,-1.2534738846921503,1.2128673716343912,0.0294269725281642,1.1604584989519535,-0.3007773821955335,1.3778486096387093,1.188538995023826,1.1545354935804095,1.089734880245959,1.4007926036232556,1.240415226899998,1.1320423358331013,1.08528584534395,1.3681734479196144,1.2187346767022054,1.137571445501906,1.1180733243742997,1.3564643602516857,1.2191753785952244,1.1496909082553315,1.120958543697527,-1.506897255310096,-0.5771211717557101,1.506897255310096,0.5771211717557101,-1.0788653298568667,0.582719295846707,-1.014924656987983,0.9525677234989252,-1.1467460834139334,0.6105458294531576,-1.1135113979206293,0.23872461553072225,-1.1696794775500798,0.5069191095448219,-1.1562154277527956,-0.11088361714964534,-1.0740875980413962,0.649956749779524,-1.0849456426199655,0.526172807412704,0.09565241754445879,0.22033986500909583,1.009028887807956,0.4318570766969272,0.21133443682779995,poor
-1.0157416492346938,0.6727106082057748,-0.9980556081823059,0.6998468861126549,-0.9935881207945946,0.6956452809790572,-0.9905824018769521,0.6927988938219474,-1.0223200007591164,0.7177784329061645,-1.0240915995666175,0.7315669500142106,-1.0279448777736677,0.7448188261709646,-0.9786740684607934,0.7040005864228254,-1.031385725925429,0.7811172313084023,-0.9903821961234228,0.6865477588485386,-1.0170226384068015,0.7141342917276139,-0.9616485163226395,0.6665812365831917,-1.0292593327614454,0.7399928826347296,-0.8463099329279763,-0.32395837034853614,-1.08698379615017,-0.3867848722367513,-0.9129251464965773,-0.9919836870734516,-1.0193250946303496,-1.0323924268293987,-0.9133198652720385,-0.9804687731848655,-1.019740724238494,-1.0286054625493053,-0.9237261770026841,-0.958329797386868,-1.0173444857527358,-1.0192806197825885,-0.9302592782600666,-0.9587237091369265,-1.0147284867715836,-1.0216818605768359,0.9978431148675332,-0.27851474207893295,-0.9978431148675332,0.27851474207893295,0.9763880143361789,-1.0802161191816901,0.9094033726854289,-1.0662891989002312,0.9776103806125881,-0.881848271148377,0.984705683382556,-0.8740313848926023,0.9680711374942468,-0.7515766157723722,0.9814709129043422,-0.6789504978604867,0.9907167302170218,-0.9178313754679848,1.0124243362468068,-0.9265467658833619,-2.3367462891365496,-2.9336355372919125,-0.3359771371287983,-0.41384586819508096,-1.789242780386553,excellent
1.9974075824240312,-2.4642557729386656,1.9984487934744144,-2.513540990435397,2.0031722003018477,-2.512382974016266,2.006836047001006,-2.5114226238281625,1.9733106891564656,-2.536833946891389,1.9598117032349331,-2.555781120915425,1.9468301151598326,-2.5758722664877265,1.9895383688674995,-2.5748039627136863,1.910329276040775,-2.637195054040701,2.010378994000211,-2.4656848939646485,1.982368899234147,-2.4808783675001203,1.9897136238370032,-2.587985032398544,1.9106062083293747,-2.6098184183317614,2.2595417682465717,-0.7042137835446759,1.985696278933935,-0.13268165525347111,2.2964315072958352,1.9974785998076123,1.8848359188250399,2.173623234731208,2.329866912027305,2.0982023867223556,1.9141588597167913,2.148682348050025,2.269056512418927,2.136840249841395,1.9202031755904836,2.175832198768632,2.263101931804273,2.1068535548539584,1.9286163282399174,2.1787434333905695,-0.9778637066803608,0.08118656654618008,0.9778637066803608,-0.08118656654618008,-1.795202418985541,2.0017026845789103,-2.036435827377379,1.8984566653760184,-1.3903237676520022,1.2269956858179523,-1.1437286519436916,0.8605523203782037,-1.3502530623573592,0.9427695403373753,-1.2893348403746983,0.31758972861087215,-1.3035370396645662,0.9239430721821762,-1.2870923899873221,0.6052632403208407,0.2734478747663037,0.4097322013645265,0.792083453311186,0.41568766170656934,0.33918094992954717,poor
-0.9592132606230576,0.18676457902040813,-0.9606197397735345,0.22907365069758343,-0.9585574961894603,0.22619459398444128,-0.9564807855879051,0.22541290775485234,-0.9681620262722488,0.2711383374030355,-0.9734018505424702,0.2974869082778202,-0.9784587870972368,0.3265753981482811,-0.9557291406123714,0.3086826807621864,-0.9901796058694718,0.4334740236375995,-0.9554784985172521,0.19454150046382918,-0.9653953465115683,0.25865114321563015,-0.9313450942918593,0.45187208243538024,-1.0031210391364793,0.5265884233814582,-0.8434655183794998,-0.3147711091258676,-1.091667194652022,-0.3372460784409485,-0.9096879650043013,-0.9723119332970112,-1.0392163061853361,-1.0526862150805447,-0.9210690244100852,-0.9793567573607532,-1.032184780459825,-1.0463319685989314,-0.9311650126039585,-0.9941213437588697,-1.0247034005011262,-1.0475924271450547,-0.9270448453762816,-0.9914310862367771,-1.0259167081023308,-1.0484312446821227,0.9480820537790726,-0.18138839118094485,-0.9480820537790726,0.18138839118094485,0.9020262285630004,-0.9706753674520479,0.8786659694054576,-1.0756592481266323,0.9554244252147998,-0.8184089631208781,0.9506668439061283,-0.901794491369027,0.9537118849789777,-0.6717896039418543,0.9527177842001682,-0.6930377123600512,0.965812153033367,-0.9435072825857133,0.959898723724918,-0.9779540663603329,-0.17291984408904157,-0.24330120979492303,-0.6069457143960706,-1.1967149794049292,-0.4827379745794175,good
0.0728605154154654,0.9310402368862791,0.07879806838087618,0.9028711249932462,0.07601484171579917,0.9168133491456261,0.07355495999112525,0.9298271997889319,0.09210821173097872,0.8492188436772865,0.09834696859959295,0.8192707199980542,0.10487828910437849,0.7873834326278392,0.07865044177641387,0.9097380798608565,0.11900734535352762,0.7188192147868919,0.06731819872389516,0.9778478056986621,0.07977391769845928,0.9015382357336535,0.05209457132111856,0.943361448477297,0.13910702870681277,0.6916968729505492,0.16722333317416824,1.5486959861239955,0.24064525778969256,1.3724239758981704,0.20004033187343048,0.7658773880379106,0.25750870958667615,0.6143371081595097,0.22688868099032947,0.7454799154047694,0.26564451391689814,0.6017630483761494,0.23199030536512802,0.7223558174398759,0.2506748388346154,0.6085146732551756,0.22700856757922733,0.7311041730512956,0.2496262681624928,0.6190358906521453,-0.4883224956867286,0.7919422736990286,0.4883224956867286,-0.7919422736990286,-0.106377380078988,0.3329548036476945,-0.0020636598345320084,0.15386118832641396,-0.07292678978829278,0.4765074975605123,-0.0464385264894523,0.26363277260460094,-0.07203494422908867,0.5167157135087402,-0.06214263839347112,0.28152496918591846,-0.10436709518256483,0.3974060104654148,-0.0694977626040116,0.3331192632688906,0.17737227353786156,0.23146806137135903,1.0676594330830491,0.0023730213396293124,-0.05580848595277977,poor
-1.0278050869088222,0.6492252288636681,-1.0141547421717332,0.6662616247540867,-1.0115464382046855,0.6689296967524218,-1.0083997326157432,0.6646532486564568,-1.0328853484105458,0.6932945003567994,-1.0355204201847554,0.70566625899918,-1.0384140200123597,0.7195358480935956,-0.9927327616272867,0.6867637751868965,-1.0363389071750766,0.7601573458566103,-1.0071409081181535,0.64236446486988,-1.026581466865458,0.6925120204461647,-0.9646025314578225,0.6891048865027143,-1.0307443103277303,0.7162124726642025,-0.8947224754070667,-0.31934279450361786,-1.074937285213575,-0.3304645665253042,-0.9652334418586058,-1.00059213577371,-1.024688667851772,-1.044055560513895,-0.9678203913627306,-0.9858257797395313,-1.0222374298777037,-1.0401151686871237,-0.97062495904149,-0.9849098070243373,-1.018775239379061,-1.0320707885963802,-0.9755313867715356,-0.9876635710111693,-1.0173166536392677,-1.0349673424945751,0.9290140957869433,-0.1794867501842994,-0.9290140957869433,0.1794867501842994,0.9292730100349859,-0.9375976973846019,0.8952947373092918,-1.0616994710394179,0.9834824932717317,-0.7849873764130708,0.9710657280689972,-0.8327581318955517,0.9822351187054899,-0.6731113947921147,0.9710981711300692,-0.6373282629718757,0.9907988158465354,-0.9138257644231632,0.9884352812633863,-0.9070911783579423,-2.7579330348572473,-2.262298119492282,-0.7318809905410246,-0.7740940336738161,-1.7430266730341542,excellent
0.6364293201771465,-0.6275997756773257,0.6296697455992692,-0.5993316295218994,0.6300520271257148,-0.5855064587377689,0.630343362870222,-0.5707229368355455,0.6267210199938531,-0.6373999471331567,0.6253025239565153,-0.65077312183991,0.6235578033732442,-0.6622646524617255,0.6370367064627831,-0.5792220609515277,0.6225146522581596,-0.6831497534837264,0.635030963583742,-0.5986865751576474,0.6323928559008826,-0.6343000195875294,0.6115226661840687,-0.49452466534214623,0.6268950168758283,-0.6904998577160169,0.8982032285709977,0.7813925655928927,0.8233566739870168,0.6584179299308672,0.8763943106287995,1.123226970801211,0.794632000872365,0.9673897547294489,0.9286130805261604,1.1428049080486902,0.8270628826813226,0.9577944068211923,0.9140133392000879,1.1379122588977004,0.8036353925884051,0.952182750476655,0.8846922765811267,1.1447995628369076,0.7949872502867648,0.963598582429921,-0.7997618992095943,0.6389243254690851,0.7997618992095943,-0.6389243254690851,-0.6437004668957389,0.6570598492971521,-0.5740975434582938,0.7817686235699725,-0.6591780819272856,-0.27946007189317085,-0.7193791399170346,0.44389455829525626,-0.6552790602326326,-0.4395084886127479,-0.7542251501135229,0.3610034105352838,-0.6855556192739454,-0.26066413089373286,-0.7066476922386717,0.6615840793386515,0.47931427243290065,0.4896195372021852,0.8778025100004224,-0.059363195227763614,0.5083080151283735,poor
-0.9871908688870121,0.23148506685962414,-0.9870428714094827,0.2749327608367031,-0.9834217203426218,0.2631928606701036,-0.9810671852214967,0.2514205185349632,-0.9980551878099228,0.3203987153981258,-1.001251292275613,0.34108813882850997,-1.004976802682834,0.3612488198951398,-0.979131062928617,0.27762860379696785,-1.0107842905945799,0.4148567587639321,-0.9762112976968569,0.18305618612413158,-0.9905453118103278,0.2590165988525741,-0.9399265037521459,0.34859457711518804,-1.010568783961558,0.4196024794685025,-0.9950354690980342,-0.07081763384259217,-1.0003022810671252,-0.11419575304371392,-0.9864676625433222,-0.7725039885986484,-1.0068486596178114,-0.8715271863423741,-0.981516825795692,-0.7772756007338852,-1.0094507404629065,-0.8796497781981293,-0.9945353160771557,-0.7873748805333891,-0.996168007451116,-0.8743184025276101,-0.9989841675061624,-0.7901918449553655,-0.9909206779677862,-0.8721168522570478,0.6875515697273746,-0.1600583332514827,-0.6875515697273746,0.1600583332514827,0.8962819591226225,-0.7307904194848005,0.8957493817693162,-0.8154652457079898,0.9669404752240398,-0.5411890429013141,0.9737203107302994,-0.6326088377303739,0.965208661125326,-0.39747301286826286,0.9755958703298422,-0.41615306009839464,0.9781482141532174,-0.6960801534278107,0.9826117597712402,-0.7821537830034853,1.0567528688506236,0.9433363012766784,-0.7512814260012398,-1.130254321221769,1.0761555019676938,excellent
1.5189037472617346,-1.9258170932282903,1.4966357559502852,-1.9275457629498352,1.4954917335989553,-1.9174441624579097,1.4934905704668795,-1.9101492259778494,1.4931485847048755,-1.9231431286397696,1.492047197268784,-1.9057267144023824,1.4917566854259976,-1.8867887965768715,1.4636836363741814,-1.848222756573697,1.47945677755355,-1.8077951033351216,1.5224360549138098,-1.9098599890697425,1.5173169603100485,-1.9145585577439979,1.452647161572341,-1.593044817015243,1.4274512268016706,-1.6806534727672124,1.8864466697129567,0.35060994430794373,1.6590492436801725,0.678858089100753,1.851361851497063,1.9320249600141939,1.517780253196509,1.8077024055887085,1.9159266436898987,1.968841038359315,1.505623732764468,1.8006684684441931,1.8346332846203508,1.9758293687299584,1.502072368916892,1.8253072354264956,1.7917582729497026,1.975999416476009,1.499266432146012,1.8299600345361864,-1.2128025068734238,-0.7051402129723591,1.2128025068734238,0.7051402129723591,-1.4731340365664682,1.2352440979818673,-1.3726570415733792,1.5270972623091759,-1.176737891666694,1.3316836201680158,-1.5468791960700516,2.490023104849749,-1.5456741651958028,1.8193044281560324,-1.6077185918599375,2.293883066815123,-1.5397801131218036,1.5868779328362188,-1.4788332682387757,2.3804480732917184,0.4400776778017659,0.5221906842835593,0.18377020069291736,0.21582603661417318,0.5704893681235842,good
-0.9629336016102682,0.2630376082336859,-0.9653466977200785,0.31010665053560454,-0.9626978940402678,0.30922428746866865,-0.9597890219973059,0.3088376105467575,-0.971482393235544,0.34339389216522687,-0.9762894709811475,0.3663118705473858,-0.9816117169243546,0.3925650577661293,-0.9591224540254477,0.37615440279092976,-0.9958550472765269,0.48367105232344476,-0.958473751823543,0.2602400407762067,-0.9691340789618468,0.31125989043272145,-0.9317479529128578,0.4638788511065383,-1.0032286865479305,0.5175576416707638,-0.8479175968965486,-0.09894768236964405,-1.0546200335055782,-0.08591371942123875,-0.8858331179115946,-0.800303118978984,-1.0370372770393959,-0.8965760492090594,-0.8990796159122781,-0.8046574758744135,-1.0280920302275711,-0.901879326028171,-0.91455656272774,-0.8198082419072772,-1.0228386494066422,-0.8986130823446158,-0.9125747422214127,-0.819093670969954,-1.0260101359950617,-0.8966988552225545,0.6132543246226005,-0.2793944227099118,-0.6132543246226005,0.2793944227099118,0.8779510090227385,-0.7864952121834666,0.8994639476915501,-0.8910406776735642,0.9498190869922855,-0.5674771156536563,0.9700865490665166,-0.6457372646419214,0.9449069433191851,-0.4034197731690786,0.9696641783484816,-0.41849246098832804,0.9589011402613383,-0.7506220817682888,0.977449695595366,-0.8056608540993935,0.34882210824645893,0.520772579116616,-0.9462760236651958,-0.9608094369797113,1.4586579218009674,poor
0.24634968321112732,0.7808222175586153,0.2587471659361822,0.7101514067746075,0.2543147540604337,0.6991630495469426,0.2504358036047883,0.6859527927360997,0.2771681503096269,0.7120052796105499,0.2868322666300752,0.7070304994745954,0.2979257546454105,0.698884919230106,0.25356499914671815,0.5968083596806553,0.32033545720125683,0.5959843180359709,0.2271789597409682,0.7406480371116309,0.2533397099165801,0.7515834236158349,0.2139603990409458,0.16559125365161634,0.3818384850079911,0.43386498984984195,-0.1129617958593805,-0.17617563611201487,0.22522710223054673,-0.03583490938109207,0.009492650795795919,0.02811745667559136,0.23477551534538452,0.09243649570195213,0.022266374834355448,-0.014957838971322001,0.259957002872916,0.10280065190787226,0.04622821321985429,-0.042251211103792645,0.2400060182600618,0.08481755193662537,0.0654313338901542,-0.014406864935222037,0.22643514757678776,0.07789400802735803,-1.633107670541258,-0.6419892981601439,1.633107670541258,0.6419892981601439,-0.42996788242631523,-0.36919295502524935,-0.2815395053213922,-0.02662148934701062,-0.394949172858354,-0.17910494761618326,-0.3288104187779935,0.08542573959758251,-0.39674158768089385,-0.3114085101446656,-0.2782772814949753,-0.03789889103972129,-0.5022124309304947,0.30341244665474376,-0.41965723724121257,0.3131817893959625,-0.764272263844645,-0.7481688320436143,-0.7004329973881719,1.1519876644294276,-1.0365859670232482,excellent
1.8727405250695737,-0.46211346898376127,1.8894725000777672,-0.49964763213579866,1.8971760651471297,-0.4588637752085892,1.9050930805016713,-0.4205645788681814,1.872307369699358,-0.6639648205064987,1.867726272857676,-0.746799967231248,1.8639199410138574,-0.827523868682854,1.9382290502713984,-0.4397820177373726,1.8799563239464916,-0.9522573076455966,1.8895030770973082,-0.3317694940234968,1.8734605960432935,-0.5586027483006082,2.0080224802933286,-0.7480036702984354,1.9498246514011077,-0.7876129600894054,1.63222873925954,-0.9981322844146224,1.63770609769331,-0.6091922206153372,1.7396384200695558,1.2268575998598903,1.684727717360567,1.4743367987814715,1.717892703581538,1.1822328415846513,1.6847664431301679,1.461380396554412,1.723212310021667,1.1595559040697916,1.731553070413967,1.477617812276395,1.745063922266797,1.1553449866111616,1.7377964031716324,1.4785291762100938,-0.72803521567423,-1.3058374008957865,0.72803521567423,1.3058374008957865,-1.9076835415272322,0.5452958187589785,-1.9665768295197639,1.2591545032058375,-2.0769700726510627,0.3894956405522294,-2.1467120120857603,1.126871258686139,-2.1373915178725613,0.00356206421166616,-2.243792188095683,0.6011138566046674,-2.084501668858657,1.0795281056045936,-2.1142119939892563,1.8903653705749943,-0.8782011556414606,-0.4649508402470862,-0.04719953080521207,1.3841803707054001,-0.6659552435331011,good
0.37803494510342633,-0.054058274595243615,0.38211445405797057,-0.0438861881156199,0.38044560764652285,-0.03249126938886027,0.3789132848147137,-0.021841928343112153,0.3857248973237599,-0.09193985903375664,0.38657713719370257,-0.11445764960359947,0.3872098756128563,-0.14019379740382593,0.38026440353834795,-0.02527590164949974,0.3861527799508127,-0.18282171793912555,0.3710607222837176,-0.04910065937504461,0.3795405620299993,-0.11550335039926742,0.3731390646195564,-0.09296418870067234,0.41674133617117437,-0.3060100633826322,0.09863869245309938,-0.4628007616419937,0.33396510528967976,-0.5757229989640023,0.18323123146656875,-0.21362277394954599,0.43450622825017504,0.12941786186673687,0.09080672464027083,-0.21336425714912888,0.4403350284580179,0.11196389909125938,0.24626424479058834,-0.17360030088110975,0.4357557076993694,0.10011633821284711,0.2543107922576221,-0.1943000483660828,0.44026539132368886,0.09540784059600264,-0.7850385470323954,0.6129010391370855,0.7850385470323954,-0.6129010391370855,-0.4651093360875216,0.04011982899257735,-0.38326439116508454,0.15016815385572793,-0.4728395062797271,0.19678423384648108,-0.425253461226197,0.3495405874140482,-0.4891840147828341,0.2055633062816502,-0.45252403266916924,0.3538144669665697,-0.48265712050033954,0.35109018318790036,-0.4501504723138048,0.5398612078211744,-0.6928130436887313,-0.24690537012776329,0.09323823388014771,1.0360571355502202,-0.4963509021881428,poor
-0.9569828160672674,0.29711422164397316,-0.9594040571225161,0.3276864986819979,-0.9578750336748452,0.3238930653388255,-0.9567300419287292,0.3222638863794466,-0.9658422599388017,0.37077460402697743,-0.9703143692648944,0.39627702157941724,-0.9747842682975092,0.4234230145777958,-0.9595835082675973,0.39539565011066846,-0.9858658109822593,0.5162435913629579,-0.9546937821173813,0.31260946591331534,-0.9631656082379483,0.37235827602571214,-0.934918315597379,0.517193991516896,-1.0061523310035914,0.5939238605709773,-0.8494114728924075,-0.29667381084725686,-1.0829357459457183,-0.30719836352126184,-0.9182975568113502,-0.9713201772084623,-1.0369585254968725,-1.0442171418270363,-0.927283447212101,-0.9781733283170073,-1.0271959108848543,-1.0388728790721065,-0.9349582909975925,-0.9949596795676615,-1.023177910595579,-1.0402662413480719,-0.9319612775627074,-0.9920806230584085,-1.0267542340993445,-1.0410500417538624,0.8937476439505249,-0.18654569951867125,-0.8937476439505249,0.18654569951867125,0.9002298823855756,-0.9790908248937773,0.8819745754515627,-1.093019539938902,0.9556760471961575,-0.8335927938449543,0.9577355912148354,-0.9270451361613694,0.9566050183939807,-0.6803641779072699,0.9589794823243891,-0.7186958553395659,0.959900648589054,-0.9393778120442893,0.9657963984670556,-0.9919002294559339,-0.5041667755585253,-0.3923138103759989,-0.7381210227337358,-1.2239337916759219,-0.7362543745522011,good
-0.9726058819916128,0.20240895097368844,-0.9722028088585033,0.23868465133085695,-0.9705668402706242,0.23071750766051222,-0.9683729356411637,0.22469307250071932,-0.9816544773027849,0.2863765825434144,-0.9857453404008735,0.307284984966694,-0.9897161346278297,0.32779476572847205,-0.9657527763813465,0.2692344096179527,-0.9999280850998933,0.3803452298972211,-0.9657631502198748,0.1648270811862669,-0.9782959875142588,0.23844090945589413,-0.9330524726334106,0.3415443937944182,-1.0043928637263382,0.40087540304797764,-0.9430898500842952,-0.10024745987458261,-1.028324238266362,-0.15981903719793042,-0.9293917383382166,-0.814169961157279,-1.0364023019225432,-0.9111248156853525,-0.9233912088590069,-0.8221715441558711,-1.0271370521549579,-0.916948393903977,-0.935275041643258,-0.8328794373320824,-1.0181105164206268,-0.9116962883557326,-0.9399668316625165,-0.8310344189842686,-1.0184194264252735,-0.9086254284495999,0.8883591030547827,-0.13544475437628078,-0.8883591030547827,0.13544475437628078,0.8856507428340465,-0.7856998583217585,0.8835931755137539,-0.8937251346003479,0.9570898376570944,-0.580563792052294,0.962596623859049,-0.7137013889411687,0.954432911571064,-0.41668146244370063,0.9631502401307724,-0.4574545872426899,0.9622706039696977,-0.7917941876462304,0.9722343007590297,-0.8483002586662598,0.9682671988010373,0.8131243681704017,-0.912307288751986,-1.0943525943164518,1.076088073764244,good
-0.9593196585971697,0.29290349086177114,-0.9591595402987924,0.31908117307024536,-0.9564160066459175,0.31857577102601387,-0.9545306091343403,0.3198836794881407,-0.9700145921615514,0.35162916469218736,-0.9755483352248726,0.37439154428087446,-0.9806273117830155,0.40044908257690254,-0.953884162778744,0.3945644949887263,-0.992565322666347,0.5002424267596948,-0.9547753027505743,0.31558601248452434,-0.9667552462590858,0.35764934702705503,-0.9286769138945521,0.4969721746069835,-1.0003589297662672,0.5866433981777364,-0.8430086207573003,-0.3807963799561211,-1.1042955910190266,-0.43897239091111057,-0.9080168551445346,-0.998388476457324,-1.05211200076818,-1.0805229766459767,-0.9206958678298557,-1.0090114475329583,-1.045774024409794,-1.0744563151439752,-0.9284077777622456,-1.019830033653861,-1.0358176876901992,-1.0718268298369333,-0.92413072037243,-1.0172525985765895,-1.0368648053865759,-1.0721688985890916,1.0152542659013342,-0.13743054663380377,-1.0152542659013342,0.13743054663380377,0.92313030932522,-1.0003596344059198,0.8595125470760903,-1.1157905011608977,0.974427292223648,-0.8890873041859951,0.9334759746226401,-0.9091304679512054,0.9718649672743658,-0.7495170793831423,0.9363906721442943,-0.7072559048473865,0.988077613303969,-0.9766011158271912,0.9304369480555478,-0.9652098469175701,-0.7030652118271824,-1.1421695098697446,-0.5952208380195975,-0.9897969121977253,-1.0094498500795173,good
-0.3282788690619836,0.3730699619446006,-0.31309904095868535,0.4415835413417155,-0.31331385886952806,0.4572664588879965,-0.3132379643041457,0.47230195382742,-0.30937579365700085,0.4000034223182024,-0.3068402338979746,0.3847719857066507,-0.3030768504421254,0.36969982556182407,-0.30307226126581055,0.5030667348042441,-0.27760255778334264,0.37388954479253417,-0.3383186003830606,0.3813945812547611,-0.33102257401059026,0.3399113322557576,-0.28590968756269636,0.5987089636108915,-0.2981572335209678,0.35839426426825344,-0.11662731369631718,0.8114421899319981,-0.11666916972629587,0.7616219960997538,-0.18326260566216543,0.1368681228485844,-0.1406532965280677,-0.03024053321281537,-0.20907111952842578,0.12605590178935625,-0.1665245999810025,-0.03547905538118398,-0.21279777404726205,0.11243493434751342,-0.19064905345891217,-0.02712951745637317,-0.21170953518854513,0.11180684892901414,-0.19273042835547718,-0.02098642156113115,0.18969790536775594,1.0683652602168732,-0.18969790536775594,-1.0683652602168732,0.25452383432125175,0.12177782354021169,0.28732637161187885,-0.24899804646125553,0.23813971238448145,0.39048125615005447,0.28764651490643034,0.24792464496233904,0.2323118930675635,0.46719425827656036,0.29583549280403587,0.35862074565969154,0.2810270411769765,0.293542397332381,0.32031499848308265,0.1148773112482318,0.7050483874049785,0.6668034261868463,-0.0874437379520237,-0.6500315296368806,-0.17528170100707716,excellent
-0.028862879679136543,0.13253229279690695,-0.027873608222773787,0.13570510044722212,-0.027639698476855486,0.14287237104378384,-0.026793265413447842,0.14980758488637277,-0.027042214809012022,0.11701519623359719,-0.027545322193384222,0.10881783374332014,-0.029817387743090815,0.09808442417340611,-0.02621761328946028,0.1836173696580636,-0.024135358290601178,0.10878671073414665,-0.026812091989211133,0.17233321903790846,-0.025362019083366227,0.11616091022246555,-0.013312244503508718,0.4095993521497439,0.04382165584142573,0.16296021106765735,-0.2827084705157543,-0.044662705608574035,-0.07239666328459472,-0.22008680764581653,-0.1942525423788901,-0.2312739505655909,-0.04538183230686728,-0.20758096407796778,-0.14916617581974703,-0.292152526653523,-0.019472029388636812,-0.20678570452852044,-0.1278207242770239,-0.2986013952507879,-0.0347456796998213,-0.23323406504026759,-0.12612770923973585,-0.2893256037240334,-0.03386070285529567,-0.23689867290944353,-0.6285142427162824,1.0510612457331696,0.6285142427162824,-1.0510612457331696,-0.09640230607836903,-0.26019616889833797,-0.010922356943565976,-0.30111079863065215,-0.0805694380325611,-0.41846937173284043,-0.031692723303303715,-0.3963086631595138,-0.07555963259300073,-0.4068962597030214,-0.035395105983228786,-0.41151469177296557,-0.12092548147295855,-0.33463659298794185,-0.10116142967229308,-0.3065957748647814,-0.8651850840872853,-0.3382758178933399,0.13999525185995718,1.6080632669293002,-0.4684409046819234,good
-0.9959393075637742,0.4547954082113314,-0.9978439857780627,0.48215757823959743,-0.9970951477300067,0.4751722713670341,-0.9974529892108921,0.45061985637815327,-1.0103288145058735,0.527927738265651,-1.0134925091194114,0.5451373974346904,-1.0167521790444969,0.5645614378906583,-0.9941327673391397,0.470187823604142,-1.0241944738459168,0.6065276513728091,-0.9872034373507286,0.42819050592220526,-0.9971455774908118,0.4943493961574045,-0.9599086716648842,0.48250862916166964,-1.0253437656065973,0.6007003886853168,-0.9172624890137686,-0.2612099051167676,-1.0572735359312921,-0.23105327193638683,-0.9808266846526803,-0.9602230720302745,-1.0133308314369767,-1.0300719792993507,-0.9800753037864898,-0.9672109783459274,-1.013078750478369,-1.0312473089999483,-0.982023838225978,-0.9753308657493042,-1.0040501577460887,-1.029729537049274,-0.985837565344362,-0.9733841703047493,-0.9992032116926663,-1.0312192690606943,0.87720759667424,-0.23925443977530217,-0.87720759667424,0.23925443977530217,0.9241137915073484,-0.9384788292097871,0.8829597856180956,-0.9641427291980497,0.9919218089178065,-0.7690049646314898,0.9606495355143329,-0.7940645038734286,0.9917037887388863,-0.6148914888717171,0.9617105462453804,-0.5709503045040232,0.9986372451503659,-0.9012199795742486,0.9714122239833325,-0.8947659891985225,-0.05364529556397068,0.23421281351416734,-0.6079794859602355,-0.8866747575497498,-0.711521271293304,excellent
-0.922500220605489,0.13434762642176779,-0.9232228584978666,0.1818114375643819,-0.9207712152681777,0.17833850576414778,-0.9187849039788837,0.1763290814695341,-0.9307124894080975,0.2179610001904748,-0.9352462837134704,0.23972649858939818,-0.9402905764525272,0.26497506741594845,-0.9185692086194976,0.2563603036266645,-0.9537363581259286,0.36743908792633195,-0.918412946773334,0.13990857888079725,-0.9268678445459902,0.18759767589400644,-0.8929009305689098,0.42616870030813103,-0.9668468140684757,0.4437440363518693,-0.8925942949836261,0.017554836781501527,-1.0020600782063793,-0.05916334917615988,-0.8704423367426269,-0.7267729354474907,-1.0266210793575328,-0.8464501105073667,-0.8609054413504044,-0.7175947331288268,-1.0395352152676067,-0.8472420351818404,-0.8867520178093122,-0.7325487058674995,-1.0227973079624337,-0.8275082870789925,-0.8923481250926184,-0.7358401955992424,-1.0171414843902924,-0.825097247009339,0.9922461742432885,-0.08995223293640274,-0.9922461742432885,0.08995223293640274,0.8756120595745917,-0.48707477030321483,0.8392413253240758,-0.6221596416029428,0.9354596873132244,-0.5202112693287455,0.9443948051230591,-0.6124134321250655,0.9393069960106059,-0.3934756475508839,0.9482784764790273,-0.4399351686640846,0.9404155537338682,-0.7314027545891998,0.9427137176577212,-0.8058982059930755,1.0701472443897788,0.7792074006575551,-0.8335374126384618,-0.7108065079191564,0.6750476538119966,good
0.15521236845804523,0.43576594628015175,0.1585450902369073,0.4060273595760184,0.15416627474057829,0.4048572410743752,0.15011972128586767,0.4015006213652224,0.16980995062629803,0.38838961509638886,0.17375131914205705,0.37738382902572654,0.17876492177484035,0.3661400045005084,0.13360369797798735,0.2996467518830899,0.18500742657025981,0.30201644354312485,0.14200566386663507,0.4446410539256893,0.15281356192592296,0.44128508047831344,0.10839472356167879,0.518784546459624,0.17439198859209243,0.2765119544407505,0.6817830148984375,1.7632186251613362,0.5900615545214625,1.650982939972063,0.7957932516985955,0.9735615365240716,0.6935937482389066,0.7219900028964185,0.7387575101510832,0.9606185042598123,0.670278892866209,0.7185664654082029,0.691560028499442,0.9090169725351503,0.641223658539235,0.7149049009389669,0.7041511916093134,0.9143542566576632,0.6401114837946613,0.7181515563253015,2.5396753380124886,1.5881138648744253,-2.5396753380124886,-1.5881138648744253,1.0790438181229909,2.171526849630799,0.40069467744245024,1.9775964111383901,0.49930873879949483,1.448967132095305,0.31949450630866155,1.3625818335888533,0.4734855598888112,1.1107756534774225,0.37464579759101235,1.2088932177289244,0.385088572994146,0.745476685092099,0.16724625316555833,0.8066796128899875,0.6770585587492919,0.5942715865619325,2.029214132144773,-0.20694446090172627,0.23251745015499337,poor
-0.9596282626561923,0.139533290713599,-0.9611463115471124,0.18988887508556312,-0.9592145817556786,0.18660081912527926,-0.9572288759395352,0.18596097878302134,-0.9683260573131709,0.2319194243528413,-0.9732687213403165,0.25805366763688464,-0.9779623635695289,0.2871392985057445,-0.9562500518731563,0.27448878042430036,-0.9888256752641461,0.394214230373401,-0.9558503826020003,0.14424436245495165,-0.965694719678358,0.2036442527901726,-0.9310701541653369,0.43163704533698,-1.002888888744443,0.5064445180818338,-0.8669713596871448,-0.22264436351538494,-1.083781026982524,-0.24667610921781152,-0.9123060074543125,-0.9233510907406625,-1.0374709023193132,-1.0107436499853268,-0.9255459343863851,-0.9313018247771393,-1.030062478940833,-1.0068017558819782,-0.9352298978511661,-0.9488271591208995,-1.0230687036686124,-1.0069431491355718,-0.9304910832556225,-0.9464725621175345,-1.024658687324386,-1.0071819893609546,0.9321237873336673,-0.19676247831903376,-0.9321237873336673,0.19676247831903376,0.9053988589112925,-0.8941404527939089,0.8811389911875265,-1.0140825668714317,0.9645409655966625,-0.7650563973481709,0.9553169219347816,-0.9024670446925187,0.9627648358829571,-0.6086767976491383,0.9539757328251735,-0.6617964168962781,0.9772161586777433,-0.9067300161852292,0.9639479227046973,-0.9699693588490959,0.27690444969782796,0.06535188421933463,-0.8869975799554625,-1.1867833461116233,-0.07884901182700142,good
0.7927941912320392,-1.0548322586464212,0.7843682647067158,-1.0194169102856294,0.7844436126617004,-1.0080802392796901,0.7841895971997584,-0.9977613525132785,0.7817197861869861,-1.0409559881684827,0.7812770317796331,-1.0381009130164685,0.78151788177371,-1.0319765023876915,0.7709576151724332,-0.945792122064881,0.7761683263433181,-0.9868759245840413,0.7958375089133323,-1.0628884285911613,0.7936235471812849,-1.1032768606471324,0.7414429938163464,-0.7921568571873755,0.7500784912730831,-0.9704656232033428,0.9960206040491643,0.4053167512423081,0.9227940680720157,0.20700514193187264,0.9657024026504321,1.1371738747806257,0.8017052399890954,0.8495785760810407,1.0040317925327211,1.160335520999334,0.783552993039573,0.8591944192321224,0.9590161103922038,1.1492174022039754,0.784976752512013,0.9038451588284471,0.933332821976238,1.1568608966271394,0.7783565789646777,0.9113385751666432,-0.9704114422871055,0.07245853123414334,0.9704114422871055,-0.07245853123414334,-0.7593977185590702,0.6009898498393969,-0.7005213468919881,0.6940909641749153,-0.6743652528513097,1.0524332691910063,-0.7907061126453251,1.508365685401659,-0.8366233289647425,1.2988113484807973,-0.8477805944773953,1.5298572611861017,-0.782570772979853,1.2798613211087826,-0.7453759287721093,1.5857844862363444,0.432821842770381,0.5062923225907912,-0.013942597628325086,0.2794793055938029,0.4437662766183091,good
-0.969534811094608,0.15737175465795442,-0.9699561822852181,0.20353612805569082,-0.9674448428825163,0.2003977206315463,-0.9649417406285384,0.19807705302149137,-0.9804341459721552,0.23936229969856823,-0.9845800495813247,0.26291932344596325,-0.98849787496036,0.2908059871840078,-0.9592003376381116,0.2707531609784453,-0.9989148712596226,0.39199541326225895,-0.9628793526341828,0.14244104862130746,-0.975447800081536,0.20791077626601204,-0.9335369575309316,0.4224780551673404,-1.0044981146611907,0.47077699147440605,-0.9595864443273333,0.0033256264638276134,-1.0260053242331975,-0.06327685694313996,-0.9415008789722734,-0.7371628506923003,-1.0459089468245975,-0.8482490458257724,-0.9362057716425801,-0.7453861096339532,-1.0385814379144278,-0.8610786789223692,-0.950808994676435,-0.7664367020214647,-1.0246750446178146,-0.8528206348699461,-0.9541525772102778,-0.7644106537266706,-1.0239058732671757,-0.8486287952188819,0.9209718721368306,-0.20412687855924244,-0.9209718721368306,0.20412687855924244,0.8811878983061643,-0.6392958909446068,0.8824543101678091,-0.738260002161275,0.9524379499307318,-0.4861697045370704,0.9589928266001869,-0.6106604794822013,0.9523394778630042,-0.3139897656243481,0.9607211431816912,-0.3888205835730608,0.9605634376310274,-0.6763883486561904,0.9649219585634101,-0.7646700459290516,1.0245867276147584,0.8660039881340749,-0.8209768923559384,-0.8828937319856797,1.028252618844875,good
-0.9846832347427331,0.083768760362736,-0.9837631225182621,0.13629186026850293,-0.9804703103270348,0.13211601096089634,-0.9784481562840073,0.13026068634824328,-0.995303687215212,0.18553848052415095,-0.9981660345132223,0.21486059624833714,-1.0014582210180067,0.24694584578515463,-0.9753091284576888,0.2125702625169417,-1.0082783991175959,0.35540978780919696,-0.9745232696898471,0.06451156394645459,-0.9897430960311114,0.14673460588321222,-0.9376339151746625,0.3616883529269752,-1.0085687593499748,0.4304366034730839,-0.9965435929428187,-0.08053122690870193,-1.0025306531550437,-0.10868511026079228,-0.9923184439452183,-0.7912467210548952,-1.0061123825519411,-0.8814635688532841,-0.9826577597291352,-0.7971876738161646,-1.0093617272764552,-0.8870662886324568,-0.9999603164049334,-0.8064571222863174,-0.9955378395799112,-0.8853924245457394,-1.0052947181832192,-0.8077493174969786,-0.9933055341698178,-0.8829057236718262,0.7407141304301534,-0.1770358311933595,-0.7407141304301534,0.1770358311933595,0.8940431999359622,-0.7355619297636196,0.8925273998547104,-0.8216372142180217,0.9621516363992043,-0.5681613874020192,0.9703706414435868,-0.646028282505404,0.9601857282291871,-0.42003322111793195,0.9726828549904589,-0.4293978718809731,0.9750762334592634,-0.716087634630451,0.977355550851608,-0.7881020059374821,1.054853947729391,0.9098593834816547,-0.8386436727143126,-1.0277884896914835,0.9631711061123645,excellent
0.28148972815172896,-0.31016736541016415,0.2844249025966104,-0.2753986468127873,0.2840422409925208,-0.26005578073210334,0.2839206345261466,-0.24413620767799016,0.28629604202987197,-0.31598713202786494,0.2871815072015242,-0.3280115034280362,0.28882313176412827,-0.3374090230494289,0.2879165317032749,-0.22444152382557017,0.29392575894657913,-0.34198303594469626,0.2778586173341578,-0.29685807936686676,0.2804155151342019,-0.34361884987916974,0.2523345113765011,-0.1310499195525187,0.3070731167414912,-0.34524913300410953,0.5160151593560545,0.7300339807042933,0.5247124058493763,0.5848409071197014,0.5030469056859003,0.634932585234156,0.48687499014313085,0.4876346735287435,0.6036959153139864,0.6541674409138022,0.5070845566416243,0.45854962471490884,0.5910033370330477,0.6340043037253166,0.48955733389211337,0.47596804745399346,0.5465444592968272,0.623230336950471,0.483329584293727,0.48828910441796575,-0.7215991754545099,0.7557767138408951,0.7215991754545099,-0.7557767138408951,-0.34797101364795435,0.5577957908649868,-0.2382907751153448,0.41227618145492884,-0.29999382224932447,0.3978940121604886,-0.32446968643422036,0.4834944118182463,-0.29765824502633553,0.4141512096623643,-0.3392469388240522,0.5247008741965521,-0.3054373925408883,0.30232743181589045,-0.3372021778622001,0.5488861516387438,0.5242411294974323,0.543629772120187,-0.007478497044798085,-0.2703551925308992,0.46582172325143784,poor
0.7409657462720914,-0.4475487865876786,0.737508365392991,-0.4700730047499051,0.73973303805137,-0.4559422288236796,0.7419958912426098,-0.44280276275053265,0.7284957334104041,-0.5203918962841683,0.723906058721473,-0.5419423845671982,0.7183154239372302,-0.5642937736802275,0.749294834951203,-0.4609608663388181,0.7033951908214663,-0.5876847192958577,0.7465274931107326,-0.38067135472686486,0.7403484404503401,-0.46353908624136503,0.7351728996241285,-0.47899443697341326,0.7476730657672016,-0.6670187673976641,0.5011125053128148,-0.2000981487194761,0.6692704003393604,-0.3886433812277413,0.701688865834662,0.366896787857517,0.7349232256007643,0.5514478736340388,0.6669904670544387,0.2845503982261278,0.7546533535907888,0.5453820673065797,0.6902279510650619,0.30167558175744585,0.7568858431629509,0.5451795870471569,0.7456993733904015,0.3811355049953627,0.7721571899103009,0.5434592302837333,-0.6782062725111124,0.7370752233758758,0.6782062725111124,-0.7370752233758758,-0.7606151003403988,0.514718881852986,-0.7148333214498253,0.5039905326512333,-0.7927066879266594,0.1497136242280304,-0.8020600832913309,0.135118726942115,-0.809104964601752,0.03480699443683968,-0.8358693373373959,-0.04802399811935932,-0.7939496461425849,0.316531355501071,-0.8186887623683762,0.4831110528676245,-0.3936398476905699,-0.027851824900228087,0.6958830897920086,0.8043340063808827,-0.22137082023628774,poor
-0.49374373009755956,0.7405315065878404,-0.4971607926508489,0.763333065330902,-0.5009639885514204,0.7733051043276685,-0.5047855471048827,0.7845464042859118,-0.4861745886259776,0.746313584590127,-0.4828883325521951,0.7398751064949913,-0.47945261188646987,0.7334491257446568,-0.5069682549834981,0.8296674664788561,-0.46931209407471886,0.7583577331820814,-0.5019265748868869,0.7680428526546362,-0.488771537276001,0.7347905854948633,-0.5852304293928784,1.0360266695249674,-0.4137676235570672,0.7804727045721134,-0.6798168117771817,0.8005421558875162,-0.36566459934929796,0.5165234142220019,-0.568087786075761,-0.35402468275407634,-0.3572080845802238,-0.3869845129259184,-0.5911293190735029,-0.42291621006167895,-0.3594331456072569,-0.40094365810395766,-0.5643162431850751,-0.43067180103550795,-0.3773173630430607,-0.39359025525563157,-0.5494102183325142,-0.4091502480832514,-0.3766227067578503,-0.3890680302306909,-0.9122025421777896,1.1873689569082937,0.9122025421777896,-1.1873689569082937,0.38103074867132475,-0.3874273439782079,0.5429162626637971,-0.7882094086476996,0.5209974319136492,-0.21729843139261004,0.5851799490935902,-0.5668164482308498,0.5368836134139264,-0.0409405066795263,0.5963384234026335,-0.33427654292354914,0.4865080603645056,-0.5016139327405749,0.5389759846018193,-0.609641844164756,-0.6216164959379988,0.02705049620175849,1.3586087755615421,0.01880976983128935,-0.5987435672831876,poor
1.3379354066802212,0.3419661726524613,1.3501577847818607,0.19609551454466434,1.351198300786798,0.20228732870436153,1.352357223699446,0.20711232057717832,1.3484858069079289,0.12011953528526957,1.3467219565065562,0.0744800238761395,1.3460760766334599,0.024693298019382276,1.3584298711853509,0.10775660692272164,1.3411398010428666,-0.101368421782186,1.3287055030624724,0.4603919947296769,1.3319566186533038,0.29800254387776204,1.4372587265712249,-0.36464134545822074,1.376652971045495,0.012706885882888387,1.0721863560778349,-1.9119071654203377,0.9870868245038682,-1.9225466272407596,0.8416857045625822,-0.6925125752246046,1.0414827938730427,0.2010755206085633,0.7570077854077232,-0.5311169746713498,1.0797042150802505,0.270834805233402,0.8708510258155288,-0.3887075284519633,1.095508146288511,0.15709369108444343,0.9037665273961855,-0.4269798498910398,1.1149992475915156,0.11898371967768302,-0.4853971414974854,-2.6159405199353376,0.4853971414974854,2.6159405199353376,-1.367050280104888,-0.9001328368728095,-1.38856809879431,0.029773701440234532,-1.4375646970853413,-1.8235226514432843,-1.4127468325483559,-1.1672387657868943,-1.444295065370453,-2.327690933346956,-1.3939588470810673,-1.7198916669039608,-1.4682206201901777,-0.9040330652419005,-1.546979812865196,-0.3572180921500392,-1.469755030169095,-1.7185014955073141,1.0969919646367443,2.1261121991890253,-1.561230973870483,good
0.028847566538681667,0.2967229126986966,0.023652474280033014,0.32111766401615965,0.021947743523371487,0.3359589618543671,0.020236043137535704,0.3497363049862511,0.027115559324104442,0.27736842392575484,0.027691134737290655,0.2626951361618775,0.028020586788881308,0.24961434652958397,0.017736648281603436,0.3772611310122189,0.032854762385282864,0.2586891510184417,0.023234404642562403,0.346337946385905,0.022669628896608875,0.2808103714165683,-0.009363259910896874,0.5976643585267746,0.0551832758488244,0.34613939721253073,0.245958581958207,1.309510009471041,0.26469930874611464,1.5720326167331065,0.1595455399585461,0.7537682497294256,0.19724472018153383,0.5907646083814618,0.1904802185267743,0.7234133040588816,0.1979325190974844,0.5522305170194006,0.18546838492490905,0.7055728169551948,0.1843039441592403,0.5747296641579346,0.1757999781597198,0.7131641441955173,0.18616987396522217,0.5807768372527561,0.21237328082111795,1.553398537960837,-0.21237328082111795,-1.553398537960837,0.14075995216477363,1.190864339007414,0.020088141738328843,0.6813802541337266,0.03888325032221108,0.16647267631489077,0.08459748066035962,-0.30249481627467145,0.05898518712983545,0.060714762455966576,0.12297722654681525,-0.39092587081235985,-0.05262055009399199,-0.04728564010081212,-0.017760634790330118,-0.3775767071174278,0.6770913468111112,0.646064325623614,-0.6302511966661603,-0.22674883663008039,0.4786979205486153,poor
-0.9876742390633101,0.21439974228855307,-0.9885223095821427,0.2590968888331241,-0.9859271101389463,0.24854179988343744,-0.9837511748822606,0.24006921126434858,-0.9995475686690809,0.3105877660624789,-1.0035003816603287,0.3330428960095962,-1.0075919170504672,0.3544487222969164,-0.981667319665248,0.2788367323194221,-1.0158920376733356,0.41603080576679513,-0.9786799373279249,0.17504283252259736,-0.9926815838185981,0.25340994273803014,-0.9471094711873707,0.358685973041823,-1.01677239447884,0.4373924487966222,-1.0046173458220597,-0.05226215514492498,-1.0031556548591374,-0.05440782960771262,-0.9978656735483558,-0.7609550543764573,-1.0089076092877154,-0.8608392834281172,-0.9931570862704453,-0.7654215912824647,-1.0119164536280023,-0.8708716432365055,-1.001609897208082,-0.7778016684649489,-0.9988265171477976,-0.8627090230182869,-1.0062559254144885,-0.7787920896511645,-0.9933835615393869,-0.8605542416419484,0.6624383953384815,-0.17885067943477315,-0.6624383953384815,0.17885067943477315,0.8883716902611551,-0.7449823626841755,0.9044657374314253,-0.812911103345266,0.9640616121526234,-0.5217824104214807,0.976983090271314,-0.5971535761758421,0.9612148651645489,-0.36465100263043265,0.9769633420787426,-0.37535227454401326,0.9746061126634997,-0.6860346769699583,0.9825159797134291,-0.7685895392529098,1.0387565634829867,0.9517020829681753,-0.8234102225910972,-1.1904008720560564,1.073805449800119,excellent
-0.9757151987467088,0.23080934030371703,-0.9772428533951887,0.2772330553280239,-0.9755770526144179,0.2678374450819327,-0.9737590834407209,0.25929285705272215,-0.9859183244859743,0.3286093998221713,-0.9902173655988589,0.35171712107256126,-0.9944151362234571,0.37355074475373423,-0.9703951123391775,0.2912931840520219,-1.0046469853936277,0.4257531697225772,-0.968879613318776,0.1810868555357723,-0.9796397351215832,0.2616993210994936,-0.9379694199346197,0.36082556935661403,-1.008476566363118,0.4145589508775735,-1.0030368027380647,-0.0550680939752882,-0.9927771045036314,-0.09663451485347196,-0.995062801869772,-0.7732222726755584,-1.0061092885584362,-0.868542485194445,-0.9871514861618756,-0.7769959275736931,-1.0093141446355671,-0.8742625702689875,-0.9998704576164179,-0.7894517378380997,-0.9945367660061379,-0.8740304533788151,-1.0047628574359413,-0.7922027254787847,-0.9910027009260567,-0.8716658556264483,0.7019402054690136,-0.17224603400003416,-0.7019402054690136,0.17224603400003416,0.892681047860277,-0.7316684546749789,0.8940345453518503,-0.8135691591891019,0.962553109577642,-0.535377652050137,0.9721541254198597,-0.6176244915479164,0.9600641759291961,-0.37997409682984506,0.9753862444372746,-0.39431957583844807,0.9726371979970624,-0.7022531245696245,0.9801935424104714,-0.7781245927116498,1.085616676283024,0.9262716267144268,-0.8149270028793996,-1.0073208169280143,1.0858835640925064,excellent
1.7852558286487843,0.041403067058042184,1.8051474807756196,-0.07522885201268635,1.805129760300334,-0.06955202195635818,1.806347827053646,-0.06866150552582623,1.8140404574568654,-0.17694712955031683,1.8219141728585175,-0.23248755464124018,1.832781583850812,-0.28528657847607053,1.82675315780562,-0.23557787160055102,1.8501553399591595,-0.4707152663894112,1.774136994385359,0.08058110209400736,1.7896737443343087,-0.08683207828374433,1.9380321354141339,-0.9116287588908155,1.9057724027266127,-0.6937960819183684,1.5240494132319147,-2.5197391114489176,1.4825216026996102,-3.3764368479464153,1.5193748993474296,-0.2597211470590897,1.6446060360168828,0.2788490410811962,1.5831262197919485,-0.27168326944219084,1.6001643145943893,0.4286913606198954,1.5592139138820245,-0.1832060427100384,1.6236972283141402,0.3481493754394122,1.5584145413883657,-0.1915346095606864,1.6422525037631903,0.2997985856338032,-0.6792198619464002,-2.6479704260463763,0.6792198619464002,2.6479704260463763,-1.8934373338856125,-0.4530492619445513,-1.8795661169828077,0.4590556052709895,-2.0399845803372543,-1.8927049183250946,-1.9978785233354166,-1.248567578113085,-2.0419782484173354,-2.6152066529407234,-1.9694961141327243,-2.103483090554123,-2.1323614142573746,-0.9216732741415282,-2.2007451308852732,-0.3994204033853083,-1.4888068189750594,-1.809147222842588,1.6174623273660613,1.6986738262764751,-1.29762982454452,good
2.6877871937902187,-1.4946826339482184,2.702677055184101,-1.725843807517493,2.70051118872773,-1.7715302152336743,2.696974586224906,-1.8200971998477646,2.708293768044623,-1.7141707185563457,2.7120627941769997,-1.7396192104652421,2.7157223159423367,-1.7694497339132242,2.616217127869854,-2.268146246501932,2.651308918381181,-2.133097230902268,2.647973380078616,-1.492668213880194,2.6500067734767225,-1.486083642230347,2.5525631334400765,-1.8290105990482572,2.2343781360050463,-1.9959054933978395,4.746309679870831,3.6193741861086903,3.620248634523677,4.986734007169233,5.07764674703379,4.846523300826519,4.210911698364265,4.378666844656408,4.80151935272801,4.9642168781351,4.134902980770937,4.297788205563297,4.573175894305522,4.964513085386254,4.056361412470705,4.375682764774628,4.57536008765802,4.942119396472048,4.0550300451303425,4.308797011879114,8.80734578373617,3.172815681273616,-8.80734578373617,-3.172815681273616,1.317901195393506,8.168346106371068,-0.771690179628592,8.156410706533327,-1.101267365834658,6.394618383554412,-1.8990598441601072,5.063304777413918,-1.2051605845431275,5.308909267039916,-1.8667561095330245,4.108716247388818,-1.4134644534785874,5.611610027427779,-1.9608935794758229,4.861757360151628,0.7511863841627655,0.5796656345415252,0.009884447975532895,0.05801790847590119,-0.05792644865050394,excellent
1.0210955946497269,-0.8830675016974675,1.0060558555625212,-0.8901427646243466,1.0036568337502216,-0.8809066691701697,1.0012547928936453,-0.8740097557785136,1.0088101205608844,-0.9147511520267092,1.008697417548888,-0.9198225750320155,1.0073388361104196,-0.9311853121647302,0.9878298236968166,-0.8491084984305446,0.994301116984577,-0.9518046818066125,1.0212372916538235,-0.8412095499955742,1.0189165189948999,-0.9057399433094249,0.9317275360675709,-0.8088276518484779,1.0176618896943614,-0.8455724380973396,1.1315442790890726,0.5644365113256807,1.0753528059019708,0.854682903852675,1.2099714851951469,1.4080304376189625,1.0621413520002692,1.3792027396758266,1.1975200618250432,1.3819145878176617,1.0559886902561357,1.3277154981870338,1.1825771156267764,1.3731946298414048,1.0445356684327467,1.3386372775550173,1.18027018632404,1.348320352663393,1.0473353181798195,1.3524627319299536,-0.7877164463848685,0.48815817045841087,0.7877164463848685,-0.48815817045841087,-0.8953054256228948,1.2153237573373163,-0.9077195043801952,1.0943532635252329,-0.9459593092759536,1.1708903694486232,-1.0723341430832056,1.6063821992082763,-0.9295798725028485,1.1727680122244337,-1.1082782611835909,1.5673999719435578,-0.9293682309421286,0.9653522876941582,-1.047614977414254,1.7417139518971942,0.2872194433224062,0.33148327720860327,-0.1940525130241685,0.31875563365323967,0.45268228704478075,good
-0.589475149432192,0.17655731026585259,-0.6033980011799793,0.21616681617298583,-0.6083589824057495,0.213003687504983,-0.6134686865189943,0.21094231383473125,-0.5945786537086689,0.2445367321042613,-0.5937445193219896,0.2605005297997561,-0.5933850631426739,0.27366815786917115,-0.6391623084567845,0.26545320614351253,-0.6070416526451244,0.33245878468245205,-0.6008487731229145,0.16683763919909628,-0.5915309356324917,0.21113091570752884,-0.6287035003825271,0.505671797536533,-0.675689880047285,0.34292030331008977,-0.5147884588959876,0.3885365046002736,-0.6848697281446685,0.12275318124152151,-0.4295303586564783,-0.47325046017358263,-0.7156499240931525,-0.5656814528152656,-0.4245503084142607,-0.47380379594155864,-0.7349315681472138,-0.5542939553319194,-0.43760947382334525,-0.48385378232325454,-0.7298705011585773,-0.5319386343209485,-0.4470096879917872,-0.48288231304335,-0.7237591590884752,-0.533016321471291,0.8851574502505626,0.2751635794958976,-0.8851574502505626,-0.2751635794958976,0.9727330536249106,-0.04636159615030647,1.0002896834215804,-0.07999048696171947,0.8017398075725605,-0.12671859033375266,0.8306444961122014,-0.20656098644941576,0.7868837887752033,-0.05109616515901932,0.812665033272343,-0.1140640731261534,0.7667546808604301,-0.3075006088324363,0.7973249243170303,-0.43116687254736846,0.5979485158986549,0.5555162980415821,0.27096552857447453,-0.7656745781422241,0.47477996345377754,good
-0.9745937921676678,0.19978676772871104,-0.9740836546450348,0.23824061042833689,-0.9718994636180677,0.22998157245762127,-0.9698544296002398,0.2237117602033891,-0.9838852077667373,0.28773737258203785,-0.9879608584154049,0.3094409821341662,-0.9919444891094448,0.33061000846534877,-0.9677632203560466,0.26787614343115085,-1.0009237529342963,0.38823193727245986,-0.9677172218972122,0.1571719217982519,-0.9798887481792564,0.23232969024509897,-0.9331964828101875,0.32900519173957676,-1.0045986053241773,0.3917052680951513,-0.9391126258319122,-0.1142421940912723,-1.0312985791224119,-0.16247331027201492,-0.9316907738887813,-0.8175472520897911,-1.0422949061591134,-0.9119993576397601,-0.9276942177770555,-0.8227686745595373,-1.0363833240611424,-0.9172994670522628,-0.939660626921558,-0.8387273683187091,-1.028520184206616,-0.9109776358923395,-0.9444690289858708,-0.8374010497682832,-1.0271118562526578,-0.9083555614517119,0.8844385841675805,-0.13619567294353885,-0.8844385841675805,0.13619567294353885,0.8843444908394171,-0.7972942895498938,0.8827009517213276,-0.8965122256891052,0.9562122825179038,-0.5786722448411016,0.9622304923714957,-0.6916453842690278,0.9549764510313553,-0.4114772341076572,0.9623409344262551,-0.46376557610112046,0.9629793179388472,-0.7794485982211544,0.9708741233092889,-0.837696094275214,0.932198084451948,0.8206327848620787,-0.8935751710239843,-1.0091038151497431,1.070843763072153,good
0.9430563520768637,-0.3490706641121837,0.9382539000267633,-0.42723155475068836,0.933914662221018,-0.4372969847497271,0.9294119067649957,-0.448786227965201,0.9508942624540675,-0.42722750517379077,0.9568952282838539,-0.43327302730983713,0.963607681781852,-0.4394154965620119,0.9015652056512392,-0.5531539248987019,0.9438550103854497,-0.535344368009499,0.9239554942255439,-0.35403476024521446,0.9446426839977107,-0.3903886569787129,0.7711785373639007,-0.5445985606307973,0.87710526206561,-0.5952300937731235,0.6462308012101866,0.8439070275756575,0.8632733752602283,0.8455486305701289,0.5614480567789608,1.5252435046449857,0.7166585473462267,1.2674047908050035,0.5197094874759698,1.5126921763353771,0.6895038498596988,1.270353668530666,0.5371916238977529,1.469155297861063,0.6760456822014277,1.2978995288370008,0.5306122732414137,1.499706464601719,0.6728119905383195,1.3079446285535294,-1.478455556152449,0.6137249486051868,1.478455556152449,-0.6137249486051868,-1.096801842372969,1.038095367204431,-0.8556859908157022,0.9908438313397906,-1.1599365774806676,1.784806858438847,-1.085379415103958,1.883568820385627,-1.1160972773121278,1.684444837621017,-1.0334437322185128,1.7452467679789598,-1.0274844717043556,1.9464497611929445,-0.9536909687694486,1.677297870846004,0.26806447390233834,0.35591925392466783,-0.7087769351186122,0.7644648953402975,-0.23746823312574336,excellent
-0.9593452146834206,0.20245065670565973,-0.9592725064147759,0.23608479762905674,-0.9567007746419874,0.2323538718394684,-0.9549026512194657,0.23088480708268763,-0.9706092569459323,0.2805872383598283,-0.9761818083526916,0.3066311968470926,-0.9808963468266273,0.33476871683261766,-0.9542113498865349,0.31379839455409186,-0.9917753899180347,0.4388973910088178,-0.9548038322956391,0.21869805733552486,-0.9672313781010914,0.2798654242276195,-0.9300915945646091,0.4686884484635812,-1.002049991341078,0.5353646851587336,-0.849309802202212,-0.3113815799383303,-1.0999943645964083,-0.36756313637093124,-0.9107271681178616,-0.9666708944598105,-1.0483281766845802,-1.053393872292439,-0.9231046097075176,-0.9778633175827242,-1.0419505151458823,-1.0488972614877543,-0.930511409448549,-0.9901524902526834,-1.0329188016925301,-1.045851187476633,-0.9263967137630048,-0.9873102343842721,-1.034481661453838,-1.0456628128962213,0.9748819066076142,-0.17212199630564728,-0.9748819066076142,0.17212199630564728,0.8904621533091507,-0.9708966174908106,0.8699689933442848,-1.0854510069757568,0.9486905165627566,-0.8474012763267961,0.9482532135198938,-0.922811216077795,0.9489011701856763,-0.7051262792184609,0.9502367290731797,-0.7217524949234636,0.9576988201332776,-0.9404583714957437,0.955469919432707,-0.9682029377610754,-0.17565163693857153,-0.4075176374388256,-0.4090116920803178,-1.0495490492576274,-0.6034817680552934,good
-0.09606670496396402,0.17504645938517874,-0.10526455366644677,0.17046145410630517,-0.10813951725105056,0.17312571281293856,-0.11104410612808652,0.17899857433690505,-0.10077036357381386,0.16810072267860338,-0.10089352141786415,0.1655841403661838,-0.10254757622958306,0.16107063799278437,-0.122633879577788,0.20976727748618348,-0.10857941311172067,0.172746040735569,-0.10534505898942217,0.20516936121699755,-0.10178694873049876,0.1838024262604159,-0.141011052563803,0.5090578392343933,-0.10579919611521589,0.2544752672258736,0.061979483760661314,1.0428170462539255,0.07386881236046558,1.088196466187491,0.04430005336890916,0.41528411643998286,0.057866946112649024,0.2180989505421669,0.09349332915173658,0.4169014137555814,0.05065531759488622,0.20622425510668074,0.10723877975278744,0.3911791606207389,0.03618418271735572,0.2214108684697831,0.08407136149807569,0.3850254364117914,0.033223046375566535,0.22154734588433672,1.2919761634701892,1.6546840938483354,-1.2919761634701892,-1.6546840938483354,0.9367284985831476,1.3357919631755728,0.37414370949215847,1.0077037044846862,0.49727804034913586,1.0588092926273476,0.4126908669713624,0.36772333332132096,0.49676935661531285,0.9400572556174441,0.4645078407846349,0.31936431752125627,0.3997449056856357,0.6381094783753433,0.28674580674866196,0.06985237371994735,0.6096978714124408,0.5855024661377927,1.1975727937318852,-0.5543261361706855,0.3387263324485332,poor
-1.0034199789394413,0.697511690050661,-0.9995812462494019,0.7220955683404856,-0.993535988180431,0.7158730359418595,-0.9897031281271295,0.7102545681652642,-1.0119429894155445,0.7479788394631012,-1.0148832856840189,0.7598307219087134,-1.0195430738475775,0.7717111318439452,-0.981619720373522,0.7269143869722421,-1.0270093541181742,0.8098799140077217,-0.9921166354077954,0.6894500043706225,-1.0015263462517077,0.731936389840811,-0.9549972232698367,0.7163667068661451,-1.0234062099150332,0.761733051657494,-0.8672232212806387,-0.2764436977959352,-1.0669337052706556,-0.368240943479824,-0.9313911749823772,-0.989432296208364,-1.0058612421083526,-1.0427208694100067,-0.9366366408788628,-0.9785727661563516,-1.003436664440725,-1.038456983797423,-0.9404034569503386,-0.9680535494233089,-1.0055254685939787,-1.030158648489516,-0.9446982446402468,-0.967527313868819,-1.002382992199536,-1.0297676921963226,0.8953088246211406,-0.22581769070151966,-0.8953088246211406,0.22581769070151966,0.9412440266064755,-0.9834474660337937,0.9155745430927098,-1.0970828435384794,0.9792314924562951,-0.8555202675045288,0.9916712406398815,-0.9224948372291526,0.9753337070755653,-0.7613093086988475,0.9900058417612915,-0.7473517419568165,0.9854852081030094,-0.9292583754225913,1.0100495489202501,-0.9865607353077093,-2.6800915120489988,-3.1682428937691065,-0.12771722766216811,-0.5016339281843037,-1.8760869200798993,excellent
0.27719718155264195,-0.2671224220803831,0.280218560046302,-0.2472850193803873,0.27970239351287884,-0.23476949338637385,0.2795510398551468,-0.2224539595534212,0.2802577969182742,-0.2856716825744484,0.27926361480050527,-0.3000027397737066,0.2788235412882001,-0.31191421287382254,0.28138662581217433,-0.21866041120602997,0.2805018965366272,-0.3268400804506183,0.2765626513794825,-0.24622167771481843,0.27794297614684343,-0.29931956007194876,0.26043824635644475,-0.2258560939560831,0.30551861226521354,-0.4404453559281984,0.22427691202110847,0.02105274387968283,0.34590935635065745,-0.07131957062484638,0.32570698572816864,0.20237817992248217,0.37327498272984233,0.21019077743732242,0.3901146154112674,0.17689393616214769,0.38429406558597085,0.18601462036719585,0.3912023647439836,0.1663363847265168,0.3744999204436392,0.17176050367822362,0.3727984148635893,0.17464115126852675,0.3764374832876721,0.17440285277640755,-0.42801250583219896,1.3597207026251166,0.42801250583219896,-1.3597207026251166,-0.45923592891385273,0.23928949275074543,-0.29515262515391694,0.16535955318689874,-0.45068679921640203,-0.11852564087879014,-0.38369258687082014,0.07378697356136345,-0.3826329160156782,-0.20379950381312553,-0.3997754684659117,0.07377038738772891,-0.447948971451905,-0.2437804468068027,-0.4236702406135684,0.15281391361965083,-0.01142729551489864,0.2364287903979456,1.0156231857888627,0.41565201723972905,0.17151205697976998,poor
0.31929161268802475,0.8581127975687765,0.34099346550160015,0.7597439993912051,0.3396423292214371,0.7405833365871585,0.33840573512858274,0.719559793878361,0.3600888257790393,0.7646636599514421,0.3726201752320239,0.7536022338333044,0.38633758040928806,0.7409882529327275,0.3568134485816766,0.5867647609643423,0.4271771127533025,0.6243197687567318,0.30682062322404724,0.8181377508594448,0.33261269004349986,0.8215336463659204,0.32825341624555365,0.09354984778049609,0.42340607618208537,0.4467357787528674,-0.031981172439718035,-0.8811866287040849,0.2471534381352467,-0.5868837209448639,-0.024296012906222686,-0.3563634358086433,0.20317400676592293,-0.112449894399861,0.024056140192187922,-0.3706835252717157,0.18889767029621315,-0.11728377078511018,0.021403365482920156,-0.3659383534041329,0.19988574368018286,-0.1555147040400628,0.029869017960304892,-0.34630377580823757,0.20129676763010113,-0.1570431507626011,-0.6799614932125021,-1.1796944960657059,0.6799614932125021,1.1796944960657059,-0.5267891417689323,-0.5305972720748412,-0.3887237205521796,-0.038121461285894324,-0.5439390584073148,-0.3201396603830542,-0.48942814809060253,-0.05979048702676205,-0.5130492389635808,-0.46333545785791114,-0.4523503954264289,-0.1828101106877257,-0.4446585310637479,0.17903930484185737,-0.38578443127567896,0.17608203547335402,-1.2804142119729054,-1.2473699140316268,-0.45670820060132994,1.44504019831635,-1.4680315517045723,excellent
0.23868764706979853,-0.29870628504787583,0.2370799038485493,-0.28663884817061025,0.2374522560242317,-0.2780795678632536,0.23802153452675576,-0.2702637305150053,0.23426337606734998,-0.3065717147184968,0.23242693427686043,-0.31083014679861504,0.22893318931951998,-0.3186233255869305,0.2346012801256128,-0.2559383696835047,0.21660351930857785,-0.32587474708831804,0.2417707185637747,-0.25505428896021043,0.2359200154933233,-0.32396983909175653,0.1948814988702887,-0.17701946820021586,0.268162186149467,-0.3836431720386738,0.013552446954471107,0.0918862777417227,0.2919437905829682,-0.24302527662956835,0.14631011663036342,0.05535726868777772,0.3262727925248859,0.09514849939798793,0.11590576171315992,0.01744259440187302,0.3084481199593401,0.09994585817952018,0.13377599677402904,0.036981908703854274,0.2985956112810235,0.09098498622908935,0.16084450624339097,0.0053917407586148314,0.30032482653613823,0.08712105273601073,-0.4493710110676242,1.4951706122692083,0.4493710110676242,-1.4951706122692083,-0.29473634566063406,0.2906828992093524,-0.23173196230751483,0.027014203358433627,-0.2810039608043768,-0.17063543892885172,-0.3067429458656827,-0.08455427644700868,-0.2715231227280942,-0.23137041924824117,-0.33737176610041225,-0.1404845352053888,-0.32790372491757686,-0.13866825708871997,-0.34367099334881107,0.18996311653993628,-0.15775987715074985,0.15920685880530083,1.0647702408844222,0.7177512717866615,0.15913803546072208,good
1.6283681640345384,-2.038901818834357,1.6072461786069712,-2.006332131200102,1.6088982411911512,-1.994448179256256,1.6098794738672135,-1.9829374585742718,1.5963743558094068,-2.021325278440044,1.5925545428618824,-2.0132073683272704,1.5902050687564429,-1.9981437711276093,1.5898063523474215,-1.9097277453443573,1.5771978501409645,-1.9232554266637343,1.6475621292864906,-2.0366112611846594,1.6345044139471694,-2.056484203157696,1.6133854023269447,-1.7005437210751724,1.5597492697468294,-1.793485005972605,1.927846537000774,-0.04109466889613881,1.7217601860053566,0.35602842193205747,1.9414085301284703,1.9239957676275894,1.6158192186286175,1.7600574551292851,1.9895609069339981,1.980853665958683,1.6012731412423142,1.7778476877484706,1.9345241291448587,1.9818369227062052,1.6053291703785917,1.809370352669592,1.9072306342000016,1.9662280393132114,1.6015902421735841,1.8077182367582152,-1.0672519071616844,-0.55537281976739,1.0672519071616844,0.55537281976739,-1.5017875672311092,1.253663989549122,-1.5390938455264525,1.519183028106218,-1.6756662235810074,1.855924600621126,-1.6708197196715793,2.125078817690828,-1.7302135662203584,1.816320012623208,-1.767995753909206,1.9857915481600608,-1.6421332629078302,2.050846028298294,-1.576996730543393,2.3442384814316837,0.29449741788094824,0.43382598876750844,0.3693675407225568,0.37196662360809046,0.43391199825890026,good
-1.0240197482558206,0.2941408315889417,-1.0284873561995453,0.34123889409424063,-1.0264353328546287,0.3372594941623673,-1.0238691785654055,0.33272716483871173,-1.0322466737490716,0.37431099639549686,-1.0334733030869878,0.39533131949796435,-1.0346516580991514,0.41922797275397217,-1.009928403957129,0.37483145370521354,-1.026249091250711,0.4920474415585039,-1.013927583313997,0.28858355872694397,-1.0226174586875572,0.3392118398133229,-0.9529191820537795,0.4286720496861431,-1.0212936448436871,0.5223400626191151,-0.9574827759801527,-0.174035023486626,-1.049097381581103,-0.19116048775524447,-1.0018053276613568,-0.9013798021789586,-1.0125499596322916,-0.9850176656701639,-0.9978750370874081,-0.9071624458323931,-1.0112568600201652,-0.9839524552144316,-1.0068615270029935,-0.9183505686319614,-0.9983863553759248,-0.9869093579649391,-1.011342546570732,-0.9195605093306819,-0.9959753402453164,-0.9861672029630149,0.8268758514592711,-0.22971133029674332,-0.8268758514592711,0.22971133029674332,0.9170130387307902,-0.9214931721669485,0.8938989563427582,-0.9974116449434026,0.9795889663954277,-0.7531550234803777,0.9703347395052975,-0.813829732919091,0.9772300451518224,-0.584000046445412,0.9716563357017621,-0.5993274809763874,0.9838902989527819,-0.8616891067112143,0.9769244855172947,-0.9138794253805893,0.5394260492181392,0.4920114752567005,-0.5688228436280742,-1.2092397476608667,-0.0034999366431842623,excellent
-0.9569396392349421,0.24337251514379443,-0.95982379248658,0.28930036894294653,-0.9584262562558061,0.28890655734249554,-0.9566238346134653,0.28899409473721427,-0.9667373224342632,0.32121803399794213,-0.9722182360451668,0.3437541843608831,-0.977535751683623,0.3699308791506406,-0.9558249258677507,0.36152570041580984,-0.9909547816992669,0.4681166869392674,-0.9550281976877079,0.2384072867483767,-0.9644539207474627,0.29816671529747374,-0.9345639117723111,0.4613750845683185,-1.0059229349630645,0.5280988251424638,-0.8444871076191575,-0.12510092143447715,-1.0677891823044103,-0.09895309167147273,-0.8831232124464329,-0.8248678107199109,-1.0399785116540714,-0.9084392187310005,-0.8982734647059258,-0.8206683442098467,-1.0276417421770103,-0.9117070860629377,-0.9143207911688469,-0.8333692525577354,-1.0200888509019654,-0.9090853928776014,-0.9128138282431455,-0.8319760387109262,-1.024182995604233,-0.9076029759675025,0.6716024725797693,-0.25007258301277663,-0.6716024725797693,0.25007258301277663,0.8781497007094892,-0.7707187428388694,0.8998865085429734,-0.8808191969795368,0.9507374583661664,-0.5797373978664042,0.9698405188718099,-0.6575561921988912,0.9476392178639648,-0.4127867727980077,0.969062993196154,-0.4290229360175304,0.9588343145567167,-0.7511408256628247,0.9770990897953615,-0.8199313220355724,0.28337558907059435,0.4049816633468787,-0.9186227755771217,-0.8772053400057968,1.2706525283130226,poor
1.1627348886626807,-0.14674783385479825,1.1700437603869023,-0.27701446193178453,1.1660973146766305,-0.2956647653141951,1.1616382868414252,-0.3160942731585951,1.1883308571088753,-0.2934798412024032,1.1988956297628541,-0.3133334373860902,1.21038611087973,-0.3311294366628734,1.1542658578309604,-0.4980259627409907,1.2228033149573987,-0.4909132875615633,1.1414727241641225,-0.25089070537098845,1.1673260273034531,-0.2684806719761816,0.9965430192537351,-0.8599672719085422,1.1000055230000125,-0.7299908539871456,1.1440143266850906,1.1858373356044807,1.2215669061645489,1.2809813941996453,1.1469515377215682,1.983148595228351,1.15941834385819,1.6730148911603742,1.129745934082902,1.9063509937214613,1.1885778013187187,1.6164064882900342,1.0998266635418834,1.8754590939246834,1.1621922833343772,1.6553988733431624,1.1065643356714474,1.9237886906232584,1.1193679380223296,1.683544124431421,-1.8361687148150585,-0.9474629599789703,1.8361687148150585,0.9474629599789703,-1.3057209042348608,0.8848858271012044,-1.0734943596713902,1.3730848475995183,-1.3718103338115966,2.1025438383946518,-1.2504220565186677,2.3837231172066016,-1.2920678129189411,2.1790285295291545,-1.3828392449755487,2.40331477011163,-1.232564532365234,2.1395016310881387,-1.1118392436360611,1.9669158757138845,0.4037569290988169,0.4033742994757878,-0.7438720897480746,0.12043524431182934,-0.07513856826523249,excellent
0.2420636229942972,0.6137477799485852,0.24787181478687817,0.5529213897190586,0.24389844780360642,0.5421248540561688,0.23996514313544215,0.5286256372935144,0.2661083088319331,0.5535236063153042,0.2758263501797976,0.5464107196180995,0.2863203922477948,0.5381457646250425,0.24237519179101336,0.4477539783970244,0.30996830019452515,0.4573259881512849,0.22547026670579803,0.5856690716671066,0.25001158228662834,0.5883255393459137,0.17136393752417972,0.02138065200753877,0.3437666921002416,0.297482227444181,-0.09425506884295823,-0.26562277870929824,0.22823815402265102,-0.08487069299148821,-0.05687514944050118,-0.021512121049908687,0.20719123620747593,0.05122020255033968,-0.03433723999207905,-0.05202561786455831,0.1940755865941435,0.017903370752190593,-0.0029834245946013345,-0.10567648388317785,0.1813944845910442,0.008453013877933417,0.0031598957600667723,-0.08099020729931278,0.17869489303090905,0.02094446566589978,-1.211114564178183,-0.902512963710361,1.211114564178183,0.902512963710361,-0.38834756636421264,-0.3070037663290676,-0.22827108780051875,0.011205966587325972,-0.34767503707746483,0.04839233514891151,-0.2822547217088697,0.23450395681810587,-0.3306745327357363,0.04157211652407661,-0.2508089861222365,0.22248732905639157,-0.2646419890466852,0.36927070413905383,-0.17930686817355104,0.333194709282973,-0.4810120020068057,-0.5073165840859727,-0.6065097362563036,1.1334261957622003,-0.9326379713150993,excellent
-0.962120948624526,0.3286751696903641,-0.9617334589121881,0.36390801545411583,-0.9594150287565987,0.3570608430876141,-0.9573705984006735,0.34337900653567405,-0.9751037333019996,0.40667511722602495,-0.9801651243149105,0.42529817013154353,-0.9845280606379448,0.4443935880750973,-0.9558286377577462,0.3709407370581584,-0.9948733073316427,0.4938292759497833,-0.9530774977162338,0.2795230224009704,-0.9688451595212106,0.3616908097090664,-0.9307921633178509,0.46396860479400437,-1.0026570260751262,0.5362821733291938,-0.8542971699471165,-0.01738365623287383,-1.0638483788273978,-0.010747940567362505,-0.8764060203573995,-0.753376109241375,-1.047671456118612,-0.8557596516223631,-0.8895737844703796,-0.7568273826763638,-1.0349006560992393,-0.8616297522974673,-0.9101262478576913,-0.770065250881914,-1.027110298249299,-0.8570826006024516,-0.90855262228602,-0.768026688135896,-1.0307671200553687,-0.854960385356166,0.6603042822024039,-0.26820160626822614,-0.6603042822024039,0.26820160626822614,0.8765251970673701,-0.7120389506117291,0.8986485179992568,-0.810436103001787,0.9497566694819365,-0.5051161021676189,0.9687604738478651,-0.5867227121568029,0.9455962505444714,-0.33914748210314694,0.9686745116565288,-0.3576923870431139,0.9574359133027818,-0.715436549053791,0.9775652197460838,-0.7703064708498883,0.5182160773221658,0.5122802379743104,-0.9477519837083525,-1.0528112928532283,1.5347137232397752,poor
-0.9625687945934674,0.11166491743689452,-0.9631301234386057,0.15855684962631986,-0.9610225029967326,0.15594755881573924,-0.9589112056522928,0.15600889759299,-0.9733261489264745,0.19723474177020242,-0.9777110648648222,0.22314285456713437,-0.9811000606095962,0.2538413999825718,-0.9572189737200992,0.24268734278350554,-0.988593579712605,0.36544423290040984,-0.9569779070436479,0.11037485974435862,-0.9679659478242315,0.1696620740820041,-0.9313357952809832,0.40251404203469004,-1.003071535010456,0.4665679283538834,-0.8729455406365678,-0.12962256356416654,-1.0859758876570913,-0.16559365718820845,-0.9032449638661937,-0.8498186156130757,-1.0462545910826184,-0.9389757318183249,-0.9099279318328352,-0.8561499068179851,-1.0371222168313032,-0.9428174174618658,-0.9264538578238863,-0.8734426277274886,-1.029922327342299,-0.9364835082014382,-0.9234000318074673,-0.8716841567340897,-1.0320923599011311,-0.9352238529344591,0.8890361893519602,-0.15033627794319568,-0.8890361893519602,0.15033627794319568,0.8885147518164715,-0.8233491607871745,0.8808357672396893,-0.9285556327302874,0.9545122135768768,-0.6257478139517795,0.9577102922654761,-0.7615007908939314,0.953530129132218,-0.4408081657783333,0.9570538863251661,-0.49515068916961413,0.9621446845972875,-0.8034642809755705,0.9625524358907096,-0.8794962815887382,0.519092226646545,0.28129642229982343,-0.8087006589725445,-1.169865009877762,0.4304474136634766,good
1.399896983801681,-0.28494757187181596,1.4246540854722234,-0.3011476520711231,1.42974216166435,-0.2716792131730462,1.4350572015437006,-0.23946059423277116,1.4156725963469206,-0.4365191279297122,1.4144125171228523,-0.4948003494148227,1.4138376132143176,-0.5493892496323338,1.4679425282494352,-0.22932356376806604,1.433669136083141,-0.6439465604865066,1.40809636890335,-0.2016025296739515,1.4011321323187504,-0.3715431341699294,1.5652488462759369,-0.46590195725102984,1.5091560472125163,-0.6160358787276049,1.10109079440589,-1.3231820325316237,1.1623972305420596,-1.1728708186117178,1.1170259211537534,0.4473574074151848,1.2114724417955614,0.737153483537072,1.1485484262308325,0.4249809694590551,1.2197612995843004,0.7505045666153835,1.1689201291947149,0.42079335426715847,1.2532818098840008,0.7341265432182329,1.1951357019525573,0.4214605875231657,1.2615200924087557,0.7298262129596687,-0.4337777979111758,-1.3125242160650483,0.4337777979111758,1.3125242160650483,-1.5120396040172241,-0.05208133514502769,-1.53254630071938,0.4619122521554054,-1.5996222279988974,-0.6044110451929301,-1.637473238521944,-0.0038356002897339844,-1.6416951064924052,-0.99564587747081,-1.6783871383653641,-0.4814904333749848,-1.6243059791452599,0.03330375712622456,-1.6687247440669761,0.6927071064402143,-1.1756487520764582,-0.7180637693466525,0.5684665775220883,1.7536755632501937,-0.8875381642644213,good
0.3176667600879249,-0.3152007412681486,0.3188074699789466,-0.29982924314878356,0.31881862091632013,-0.28852465099172964,0.31909326991368786,-0.278189400489963,0.3188052742520401,-0.3336167551426531,0.31884930850066806,-0.3440937451504953,0.3195230038014855,-0.3534900669443928,0.3181266941316924,-0.2770369889574337,0.31913491184618065,-0.36787065764394683,0.3174388637865537,-0.2994107020451267,0.31995217529723685,-0.34510932420844115,0.29870771104898014,-0.22774628696108593,0.33610608347059523,-0.44333357621665526,0.31206767671381075,0.1887332028177942,0.4145736307505372,0.12267677636323461,0.3968648073559751,0.3408131671622473,0.42230504653933665,0.34143531493547563,0.4454512812553772,0.3240486536601945,0.42663291623010435,0.3159432379708264,0.4452128855462996,0.31390350262698313,0.4174762887576462,0.30483165204258494,0.4270124397646016,0.30711525332904893,0.42014633726931006,0.3081744328973915,-0.2172502109252376,1.4647370709908403,0.2172502109252376,-1.4647370709908403,-0.4769574334884462,0.5310023501561246,-0.32515749606290617,0.2694290355146499,-0.35306162512937966,0.14502848848549063,-0.3773043004444557,0.02875178779743653,-0.308661594699241,0.09420045891786065,-0.3753787323411418,-0.0010838829315340894,-0.3735312004410281,0.015093777888689992,-0.42766471857520544,0.06924722522968774,0.09200392160584389,0.3221269766806202,0.6916647350892233,0.3037159932857764,0.24019116814183583,poor
0.5093744824003988,-0.8351193898925326,0.49786447152756497,-0.7855893126004655,0.49692697984092954,-0.7750579756439249,0.4956261251914874,-0.7649799510386036,0.497602670480521,-0.7966603577265922,0.4974043329765838,-0.7918468411852508,0.4978168744814888,-0.7834602463663873,0.4807176687474624,-0.7029054332822436,0.4929274304859585,-0.7315947173155056,0.5118710235355112,-0.8353704095735967,0.5123896023293515,-0.8549563599048162,0.45504780469504336,-0.5001103421331666,0.48276908898867804,-0.7004205151725839,0.662671004986182,0.46253608318320993,0.651547122744768,0.3211312028074431,0.6377133857643914,0.831466134538611,0.5536398422468495,0.6015728859797947,0.6714140113280888,0.8154181244577006,0.5437562235322713,0.5842076552284752,0.646230883797751,0.807532717261288,0.5360909188576818,0.6215852431228637,0.6261281684375013,0.8197447556924196,0.5277335586545402,0.6311434425907192,-0.894105159461498,0.0799840371771484,0.894105159461498,-0.0799840371771484,-0.4874739091127029,0.3778791300843044,-0.43385107011396207,0.41767153543508106,-0.29005092978156616,0.48666421549344746,-0.4685669815935285,1.0884586271895549,-0.5157996541278852,0.9791949570435113,-0.5131674207118165,1.1120785041316157,-0.49586743471884936,0.7829398285590864,-0.44341360326012413,0.9914299517090444,0.45802240878694894,0.5365480851876516,0.009567099015864751,0.22776460836653062,0.541171396026423,good
0.7670089515464572,-0.39440238319880166,0.7653578078491352,-0.459623463348605,0.7603013624608305,-0.4744579030177412,0.7545678027493323,-0.4901140548670122,0.7806917622889792,-0.4497421676956476,0.7880874270273884,-0.452181919346895,0.7961183088861634,-0.45166037361908157,0.7354174186809229,-0.5908841444168397,0.8048674110237775,-0.5197703035659125,0.7484502623993045,-0.47107463005378714,0.7722879269738043,-0.46238454040533655,0.5909257946589589,-0.6669931831561768,0.7476623358717212,-0.5227495728217718,0.7260333545688754,0.7586466735941139,0.9587615066296068,1.0301705235760983,0.6477301384305184,1.4654418033446075,0.765966993166343,1.180540937089932,0.6339344389195195,1.395309910508957,0.765114687913906,1.131394750404968,0.6219069381584498,1.3647634269650502,0.7266553319560084,1.181054228816758,0.627101217181956,1.3993617499018747,0.7056836839896774,1.1946522529886767,-1.8480126478936378,-0.6392141520814307,1.8480126478936378,0.6392141520814307,-0.9391477440927343,0.6211292059660631,-0.7039079569814158,0.7814209683632192,-0.9448607200229238,1.546539857227145,-0.8487796356050933,1.6877509669931183,-0.9166317778438907,1.685034128436073,-0.8119422291134705,1.8044841775746077,-0.834723089520279,1.7819475305329553,-0.658896715986191,1.3578477267073104,0.5012643910832986,0.5877258776923796,-0.5533540595387576,0.21576327135734572,-0.0029701720728012447,excellent
-0.9640593382997326,0.2072293439047615,-0.9666998784267847,0.25652610255849184,-0.9649500455529679,0.25584513282615734,-0.9630185646804469,0.2565830324251478,-0.9733260773627607,0.29358569807767937,-0.9777674700913483,0.3188325295113205,-0.9823647335132064,0.3467501060313116,-0.9627128857128854,0.32645740092216047,-0.9961034123683279,0.4507589656734766,-0.9600778628788555,0.19722865823516755,-0.9704319164438499,0.25513593015761377,-0.9346249092011987,0.41433846067452523,-1.0059849343787193,0.48594125966591367,-0.8476759642519023,-0.16238467786984348,-1.0626317819219608,-0.1544682209672838,-0.8759489329511335,-0.8309107039844086,-1.0453560689967019,-0.9164099306090541,-0.8851191710980248,-0.8326394037245473,-1.039244553683271,-0.9218309226305795,-0.9027042421548626,-0.8447496150832158,-1.0325101308155968,-0.9161989784735698,-0.9016912283049371,-0.8456047093877337,-1.0334775304023203,-0.9138013151607152,0.6938865904517324,-0.20058444037544457,-0.6938865904517324,0.20058444037544457,0.8788435125031249,-0.7906821238235736,0.8956569488257854,-0.8961725919943744,0.9506132546434362,-0.6054537978148219,0.967806117081858,-0.674471561737655,0.9527482094253593,-0.4358245470952089,0.9666092214212862,-0.4488102508550618,0.9605669842093776,-0.7849190942501596,0.9750898239457825,-0.8315541308043887,0.38786922843100663,0.501444693174223,-0.8771260933644484,-0.8900009287217492,1.3346599954193124,poor
-0.9990777052164258,0.19934638302568167,-1.0038133399506461,0.23674196762573804,-1.00189250596109,0.22673789106084605,-0.9969419874988319,0.2186274551340292,-1.0139333852341734,0.28701322216674185,-1.0171337858335727,0.30690445030273816,-1.0201888545777842,0.33006880251696236,-0.9951946097399839,0.27519926803615546,-1.0198948651090103,0.4121082530478914,-0.9844487562285175,0.17453775005901628,-1.0000275753624486,0.2378008129119192,-0.9434248972822228,0.40843962561601155,-1.0135683383424974,0.4739281384620217,-0.9996094677368516,0.037616563788744777,-1.0266436938261232,0.018988997740553622,-0.9983194277936134,-0.7004949275716958,-1.0443452530815973,-0.8033191261687415,-0.9903287786894788,-0.6895852653614954,-1.0433675747085154,-0.8184862505482111,-1.007164003498365,-0.7032381170769929,-1.0348163715069054,-0.8006589185581794,-1.0108627940587576,-0.7102778262551714,-1.0333376100828375,-0.7971128521421904,0.8664593158226738,-0.10719350238523602,-0.8664593158226738,0.10719350238523602,0.8869429347376131,-0.5221558084556537,0.8780405842158131,-0.5792871408488408,0.9574001089724918,-0.46308754618525566,0.9573700497797398,-0.5606504474680964,0.9583166987263219,-0.31167002933033494,0.9551426132459646,-0.32875171980394935,0.9590255469430274,-0.6564940690634794,0.9488153048038901,-0.770540470231484,1.0247973235384185,0.9170940879320137,-0.7787785576603946,-0.7353051049544348,0.763524213379112,excellent
-0.960339345962658,0.13624250368637558,-0.960334335103883,0.18318316313565822,-0.9579327164608943,0.17964102371541937,-0.956296122922769,0.17906253127388078,-0.97088372454475,0.22890215023961194,-0.9759110218302802,0.25613201643327316,-0.9804900314121215,0.2859277213900936,-0.9561690466633451,0.26992706675012623,-0.9918428698173386,0.39355572494189234,-0.955899966609443,0.14953838558867458,-0.9680135582324179,0.21279794933589039,-0.9320591177565684,0.427315749090733,-1.0037600741650847,0.4997341170473141,-0.8591645249533945,-0.2517822071824956,-1.0998620824028846,-0.2993806089150452,-0.9131510488105555,-0.9353090788713362,-1.0482534048673,-1.0225455703619855,-0.9194111927923597,-0.9447302449055863,-1.0409828955272311,-1.0194091434810322,-0.9331243217565862,-0.9610425538486906,-1.0327581778511237,-1.0158733120982397,-0.9292615570310013,-0.9583343058650273,-1.0349089218183947,-1.0157082526179826,0.9315312999746894,-0.21347062556181692,-0.9315312999746894,0.21347062556181692,0.8865075746616332,-0.9167480896285682,0.8829911944667174,-1.0282635847364097,0.9510019160777393,-0.796884235282184,0.9572426070105841,-0.8979708265495884,0.9503493268734537,-0.6488144032214477,0.959165062001362,-0.6861780172045138,0.9610188747358448,-0.9102169414907583,0.9638433778785596,-0.971675070955934,0.16755253279390728,-0.08939243231237848,-0.6696185796684901,-1.0791083857045138,-0.2153817615511455,good
1.036483740813359,-0.4848745447151491,1.0478890290315332,-0.5522219853770526,1.0448422794144006,-0.5677489520238934,1.041953685439228,-0.5850450650589468,1.064002429893577,-0.5445134799602995,1.072893351670889,-0.5517606775846176,1.082674972599481,-0.5561843720096514,1.0279835554133114,-0.7455481493780202,1.0921190371855676,-0.6619948115895476,1.0191471816993594,-0.5397735476237012,1.0422648617067274,-0.5336376605092275,0.9030385367169461,-0.9894533930261628,1.011921915693273,-0.7828505835093597,0.8523104669137934,0.6544977943829575,1.071018280670847,1.0359080451633262,0.8124423271346005,1.6330186618801406,0.879608517725761,1.4896532182856972,0.7977826865878572,1.624996414565385,0.8818552881899827,1.4698033786283602,0.7985612424482537,1.5787098510047943,0.8611817125808614,1.4811563870233415,0.7807681634068333,1.5989240360977757,0.8416064335881024,1.492588076762527,-1.64345450732079,-0.9209821951287498,1.64345450732079,0.9209821951287498,-1.2482780632672492,1.0385489156884167,-1.043186412969335,1.2598078021520271,-1.2996615123728603,1.8135172629546046,-1.2243256888340825,2.0665753667497566,-1.2608873037394084,1.6597913878376,-1.16022699434066,1.9355733727871829,-1.1732463850926975,2.1476085124925572,-1.075185605702339,1.8936698867524961,0.32827869237903784,0.45689343939861066,-0.39603895123521143,0.5924330751733196,-0.1059979769808432,excellent
-1.0120746886552,0.6957192004673598,-1.0056212867582657,0.7196751127994975,-1.0025630249005948,0.7151779043179852,-1.0006082065703876,0.7121597052553073,-1.0181307967877289,0.7472465024330973,-1.0205859659579748,0.7608247318555245,-1.0231502172262725,0.7753830369528101,-0.994897963119379,0.7466691257834185,-1.0286754037208667,0.8183592138296979,-0.9975898901552479,0.7114295896752381,-1.0085302953289064,0.7532652537179656,-0.9573375186891655,0.7414951318127267,-1.0249441579046685,0.7744689075879592,-0.8633221719628573,-0.2671892100272193,-1.069842138556428,-0.33837312431354943,-0.9247113253712892,-0.9783131616045362,-1.0048150259705815,-1.0248517876629992,-0.9319182104818018,-0.9649648613482487,-1.003002679491951,-1.0243311892431863,-0.9379748866041261,-0.9517360980529165,-1.0062297186987823,-1.0125540623503289,-0.9419303852901414,-0.9509405880975812,-1.0045786695983343,-1.0122955217631604,0.8620793332331982,-0.1835157467495222,-0.8620793332331982,0.1835157467495222,0.9617430316368405,-1.0284697010693309,0.9159382430808566,-1.0877322291246825,0.9852462908337601,-0.8505123525245789,0.987035676727599,-0.8877029404180997,0.9793439240931487,-0.7305693137571075,0.9864273320127892,-0.687054495895259,0.9926202333704405,-0.918026195265772,1.0071193648975425,-0.9508468646235605,-2.7979072305028283,-3.1422227787968104,-0.34843315224185284,-0.3994358175951773,-1.9005692342453155,excellent
-0.039106792546913245,0.21798026075168334,-0.043181370583528875,0.2318269382604679,-0.046204339036212065,0.2387447163785955,-0.04912853043151984,0.24757652022887724,-0.03539552958363419,0.2113249053188206,-0.03347494841212487,0.20119553185741465,-0.0317918454025036,0.19158543404364134,-0.052071951459715216,0.2616778149350259,-0.02899354901671204,0.18758235972429813,-0.043334549682941086,0.21805840312954367,-0.03426208759554637,0.19139648561380798,-0.10486797114917941,0.32333643478587354,0.0012658521479809982,0.09393942614259042,-0.16316683190395254,0.408093920462625,0.029616785387441454,0.12376240245530507,-0.09007506045995267,-0.026863942301370812,0.05639053935659956,-0.042369916614062676,-0.07578724791660402,-0.06600276899858538,0.05884285122980208,-0.05936525071306418,-0.054564549724739356,-0.06831745484671936,0.04688792046455939,-0.0635345102395004,-0.059200224175919594,-0.05211698919945638,0.04870000129409465,-0.0584111514856577,-0.6096864670892863,0.7703532500722191,0.6096864670892863,-0.7703532500722191,-0.06570983923131495,0.11257810547432352,0.0751265980121743,-0.03032557916010263,-0.04359809516595541,0.3548974389279352,0.04993678689509999,0.23153097996615568,-0.0460036030811937,0.44371029589388666,0.03655904950445539,0.3941150059415818,-0.06073041991253148,0.24119190737311513,0.02294390995103629,0.12637604854916307,-0.031337466053259024,0.13861960680979457,-0.8411259747682874,0.38976173623825133,-0.08341191918984353,poor
-1.0094640406235247,0.2544466346052009,-1.0077545736251805,0.28194786719408405,-1.00516981718067,0.27029555988611775,-1.0049899738631822,0.2594064400519433,-1.0207447761836819,0.32927583471266597,-1.0231423930862924,0.3521599343883708,-1.0256409603396002,0.3769005602091217,-1.003013556860187,0.301575101259548,-1.028327097258443,0.47115336569000565,-0.9950911865359576,0.2341519820990076,-1.0074455860042266,0.29482553813546547,-0.9572032374783387,0.39648324502166205,-1.0245271635959485,0.49983122738269714,-0.9679524871423738,-0.03678265033357591,-1.0483413961004544,-0.05350627570097527,-0.9955971320007126,-0.7897515180525787,-1.0207933642656795,-0.8834229069502875,-0.9979975913670384,-0.7947933074618102,-1.0204756431778348,-0.8929700482741512,-1.0056889538787475,-0.8065650216478701,-1.0111037533212248,-0.8849467888549688,-1.0080082632194596,-0.8064943296938967,-1.008843835245627,-0.8828295934232943,0.7483761134847667,-0.22981641007502338,-0.7483761134847667,0.22981641007502338,0.8933343565493358,-0.7634980894370169,0.8995997880414686,-0.8638850653839699,0.9691939251604393,-0.5398689388490913,0.9741839827860396,-0.6182121086538853,0.9682102512899302,-0.35548722612869,0.9740394824858769,-0.3750559861757127,0.9789087326747196,-0.7217014909579622,0.976593880790741,-0.7964699717336088,0.7258063955693053,0.6615586581593942,-0.8971303020881395,-1.1509288868688548,0.6398519243847228,excellent
0.5052851039520997,-0.06873817278812817,0.4981132711986783,-0.10824516007515299,0.493485477316206,-0.10929247507111939,0.4888510120296207,-0.11113379268451933,0.5113389440504087,-0.12318942144100786,0.516457231753469,-0.1325528999673846,0.5210171792697481,-0.14066122903787853,0.46913290340141134,-0.17270160105829593,0.5068584806609611,-0.20527964659625467,0.4890224927223236,-0.07754858742584003,0.5066545357529277,-0.11357329199786628,0.3599253804637873,-0.16301077708655323,0.4828222687468694,-0.30144669667952934,0.15584283709339405,0.6285359584822998,0.4936943470664134,0.6192252679185308,0.1297394703465096,0.8594107977014087,0.36546668234058516,0.7471306208631454,0.1299471809393377,0.8602103385043773,0.352641706660478,0.7430882766694608,0.15011078689511875,0.8274467269141755,0.3362565546425366,0.7538324681825024,0.14411754857071843,0.8578674222836139,0.3263210735281137,0.7605258196755993,-1.6045331301151238,0.8175834677955992,1.6045331301151238,-0.8175834677955992,-0.6701558158944125,0.5659768764626962,-0.4634670611036601,0.4236304745362595,-0.7073712672531413,1.0918742383146545,-0.6265276082159286,1.1970398655603394,-0.6646010276748644,1.1198780490173688,-0.5906125042838815,1.1382388909028158,-0.6051025066572573,1.3167323403645335,-0.5290218946926627,1.0898833379423625,0.14568895347742905,0.3756257360872863,-0.6704399463571833,0.8322521475936877,-0.27524007847949894,excellent
2.425941072383627,-0.5291170929316786,2.437950412820056,-0.6855342026853923,2.4396952468862265,-0.6522916374748504,2.44313221724369,-0.6173982533138909,2.4386939202645546,-0.8287054889069257,2.436960261145694,-0.9146373573224846,2.4381066076806133,-0.9937023267952741,2.466982950572993,-0.7296414422884789,2.4415195947628967,-1.2203036744439122,2.425397887514807,-0.35985324680660713,2.4259612769009533,-0.5781598246938564,2.6208706367221,-1.1478061419943075,2.506483409439594,-0.9905873767682191,2.0126804458861693,-1.6235388652840255,1.8559387418829278,-1.6226141285509845,2.15141147366405,0.9946131475288734,1.971415289802327,1.3817736745148967,2.3545896804643385,0.9438835531811878,2.0572807334407233,1.4715842517443154,2.3103998053869064,0.9651023157464291,2.0561252447295066,1.3643017656142322,2.278728881111116,0.8929505618793929,2.0807174780628057,1.31460529855984,-0.6017501268304325,-1.5253781014889336,0.6017501268304325,1.5253781014889336,-2.445784802607484,0.3350505972030251,-2.5225061633267534,1.391131706522068,-2.5877981121354363,-0.918528826324945,-2.6780221423364345,0.04524576842961862,-2.6048162298653303,-1.522187393771727,-2.698621797784953,-0.8316897671970889,-2.6174800426911724,0.1853643966948964,-2.7945317488118446,1.094210159042013,-1.0508834123181658,-0.9008776097361062,0.7671793366895644,1.8542704477112208,-0.8955507662427524,good
-0.3372719020071342,0.3618174268274054,-0.32334549224125864,0.4295592253874327,-0.32380442997863207,0.4435809028207284,-0.3239385080928392,0.4569341619965276,-0.3187411115298157,0.39103367233278746,-0.3158989350397334,0.3769778392173614,-0.31189938029120506,0.36318201074224615,-0.3146652068384244,0.49414439309347435,-0.28728615524075624,0.3698007817412379,-0.3471251450994834,0.36692289870467604,-0.3394571751613188,0.32948097717047453,-0.30205962198540437,0.5919524670637515,-0.3049247263354364,0.3483847654056822,-0.1606324873337612,0.8033816039938448,-0.13146515468982287,0.7384254674481648,-0.21319609836603312,0.09025009130451724,-0.14684189160969263,-0.0541600217796492,-0.2417427018773959,0.07958850874632584,-0.1756690773577106,-0.06873958900390191,-0.2411123796754935,0.06664017645557045,-0.1992187003065103,-0.06095008414492134,-0.2400939333713141,0.06589972709638765,-0.19928408997607858,-0.054248936067217556,0.13819181741274844,1.1595850763468791,-0.13819181741274844,-1.1595850763468791,0.2615853875836512,0.09789192177462792,0.29644596022656405,-0.28000262362159184,0.23952932620076287,0.36345248095130084,0.29895313546880914,0.20168649946003395,0.2225958199890479,0.4474373226764979,0.26464304122912236,0.3148198393756883,0.28781951968653735,0.2408401257005629,0.3333271554741421,0.07481753837593712,0.6563807063148361,0.6420244555057882,-0.17583077902276303,-0.6299574957680826,-0.1719728885094311,excellent
-0.3512276336786988,0.28202137021328305,-0.35645311837610333,0.32955120787956105,-0.35914520214818046,0.3426651924082845,-0.3616829366930664,0.3566812910903631,-0.3491399136624657,0.31112241437793403,-0.34678295897574973,0.31031436242700566,-0.3447553416870066,0.31161208532094165,-0.3633328044154451,0.41243953102066544,-0.3383340313663947,0.35466387331416543,-0.3562403019435631,0.3007489313650312,-0.3521709742924818,0.2790453073866597,-0.40820769469807483,0.5916379065349321,-0.31007817741140314,0.33577618926509284,-0.4042050921203814,0.5719712472679335,-0.2195281250498836,0.42513852138581415,-0.4171474405038657,-0.14288878922715623,-0.24951301015005645,-0.24417072639387807,-0.39790264968914435,-0.1952255584655823,-0.2467741356397186,-0.26396654737822356,-0.3746938817165605,-0.2031175276870379,-0.2671166498610384,-0.26666497814441187,-0.38336688133441754,-0.18872012224119664,-0.27017533670025806,-0.2604907819182975,-0.3523930243828813,1.1547553688089531,0.3523930243828813,-1.1547553688089531,0.3351590277413785,0.14328814956347727,0.3731546451783926,-0.47336324459459406,0.38975898948635984,-0.19031663672120136,0.46158080761557974,-0.5939468991258342,0.40194986655763676,-0.2338352660982196,0.48591873836199906,-0.5543816961502833,0.32264823565474493,-0.3792274885134049,0.3987756325159009,-0.6556291137150012,0.3886981827791343,0.4805671576890569,-0.5890692170106933,0.24672204056757074,0.2492938760090262,poor
-0.9609821396849182,0.2885658288867159,-0.9618451078358299,0.3335043089388321,-0.9597634356955863,0.335106211968403,-0.9576507494884554,0.3368363107225332,-0.9705270616700419,0.36762523391715796,-0.976304498236243,0.4078941849190462,-0.9804895574731938,0.43404566232523767,-0.9564883251213708,0.40830724013902453,-0.9982137297066341,0.5095259825129272,-0.9555301476287815,0.28108704422960173,-0.9673445968166356,0.3437662677568339,-0.9300478908405417,0.48270656436129544,-1.0020143821945295,0.5492843525171255,-0.8433300112350041,-0.011956187243089656,-1.0724689921584605,-0.020846740090168337,-0.8819898240934531,-0.7362274696596118,-1.051989998073922,-0.8468232489297376,-0.8943996740792686,-0.7438239385841493,-1.0408067023739935,-0.8536613186712263,-0.9147352686012487,-0.7531360506664568,-1.031633754067307,-0.8441732608780016,-0.9121363992432204,-0.751166987368685,-1.0337195173272227,-0.8423318413705952,0.6819321134880573,-0.2570965223224748,-0.6819321134880573,0.2570965223224748,0.8834113567881688,-0.7538812164168717,0.897647070260095,-0.8679126581373086,0.9557509105326558,-0.5072044842398057,0.9687198192429157,-0.6001873620430273,0.9491493628232655,-0.36690748047389143,0.9694885885640543,-0.3830993128221226,0.9640633943062095,-0.6999738373668927,0.9788498303385025,-0.768958345104912,0.4061977837856546,0.43468899692074203,-0.8548865827091825,-1.2027204909077336,1.4875255093545543,poor
-0.8981886403646762,0.1614488245960941,-0.9008463763977347,0.20804778599169685,-0.9006745051758026,0.20862978725085413,-0.9006080705363936,0.20912752582208055,-0.9069533058327723,0.23905590934324217,-0.9120395231039444,0.2581136983790556,-0.9174299882692301,0.28100250076518474,-0.9054500377559133,0.286111120849184,-0.9322468035759035,0.3747984560561568,-0.9000999118386772,0.16556240580205756,-0.9049078318985276,0.2133307420244556,-0.8807200006655503,0.4216820963253251,-0.9544630142463445,0.4251627272715426,-0.8666322489574368,0.015873795740670056,-0.9941260771165288,-0.03841424044316053,-0.8625694950224764,-0.7205256947141009,-1.0030718814221182,-0.8391627011678754,-0.8556846520537896,-0.7278929542026771,-1.0000797572343547,-0.8490092523131523,-0.8804724109712377,-0.7394164264908033,-0.9853065412469291,-0.8431392128704016,-0.8875350256199147,-0.7386607216729606,-0.985019872291917,-0.8393475664526566,0.911372779955639,-0.09020507919111778,-0.911372779955639,0.09020507919111778,0.8556756729087018,-0.6384569681621727,0.8751723754163923,-0.7583941133558962,0.9364636255624402,-0.5184487284890834,0.9438570338078233,-0.6254959944896962,0.9373563260630567,-0.35998868837122516,0.9441632315986344,-0.4096736838941448,0.946697179153681,-0.6964634353300376,0.9520822967899577,-0.7531111259091953,0.9920909604844584,0.692502838679471,-0.9281800026184446,-0.6795393365827914,1.0288408975504526,good
-0.9610008619291646,0.14113342830701706,-0.9610327220950953,0.19222159792619517,-0.9588318843975169,0.1856186909557625,-0.9565772929836377,0.18019277993056323,-0.9711071630038529,0.24214840508328334,-0.9761955797740186,0.2667451272370549,-0.9807680733932161,0.2909306342937839,-0.9538093518926694,0.23138721912087104,-0.9908831842321547,0.3601174240374711,-0.9555095103070262,0.1072891179822517,-0.9680767077309049,0.1831707084979532,-0.9221378489788181,0.3584774149097323,-0.994818229018172,0.41371759415488907,-0.9284640241579168,-0.0702258562955473,-1.025038029935537,-0.16063049442305632,-0.9213474364647571,-0.7611273876900534,-1.0495489165868817,-0.8629149617663733,-0.9180239942943028,-0.7534379092276955,-1.049369101418896,-0.8720559158285222,-0.9430424885854701,-0.7777764825208255,-1.032716610013726,-0.8624293566203719,-0.9456653838680356,-0.7799077653228988,-1.0315192169147425,-0.8585118739058007,1.06347251064819,-0.17620434400910429,-1.06347251064819,0.17620434400910429,0.8820563085244603,-0.6537048431296635,0.8728805017049911,-0.752042960758224,0.9579269372504476,-0.5242348109773357,0.9505858335089478,-0.6473505066226197,0.9614028328339292,-0.36783598346889573,0.9502881841177423,-0.4286546032152126,0.9641012276154128,-0.7028497312878564,0.9553037606965837,-0.782382557228993,0.9597841428793273,0.8275908231166407,-0.8633892375672998,-0.7599532537744995,0.9229134059981188,good
2.0956591318481466,-0.9224058644648608,2.1374158829119185,-0.9716128901566289,2.1491711104079947,-0.9216517717159791,2.161180248546439,-0.8714351602471848,2.111178538371547,-1.1508053727735088,2.101471955650491,-1.2292789059500957,2.0902094193476977,-1.29738649006883,2.21721251325,-0.8254809261281415,2.102787845085776,-1.3876526834224727,2.120037228528347,-0.7441151531011353,2.0929254889290476,-1.004156011528862,2.3517094684732784,-1.0722170473965502,2.182075690027235,-1.208834620085021,1.8542115810166908,-1.4769103896741325,1.7242569031870483,-1.079206295287466,1.8826849953194718,0.9673136871162001,1.8181532883418212,1.429859637372148,1.821115387087797,1.0241466149063183,1.8239133065951745,1.4321033446807028,1.8694113684177218,1.0194537970852018,1.8653971477582219,1.4011493361286531,1.9264427766072671,1.0263533667795628,1.873261558186766,1.3886696222848842,-0.36095467202064546,-1.5465708852262814,0.36095467202064546,1.5465708852262814,-2.2148103310075045,0.5344305204331372,-2.2871653126993525,1.2667149560964919,-2.3658141562198876,0.4023711456151379,-2.4161239946112403,1.1203548672500008,-2.429570987688831,0.13130085898730803,-2.4918903557102077,0.6682222931459968,-2.392815556195807,1.1909338023642668,-2.4411574230861657,1.894553168736716,-0.9259917283273041,-0.5074428884706075,0.27821721170538544,1.6586218436234048,-0.7331491912450323,good
-0.9866979958084063,0.22475375063470365,-0.9869406959392611,0.27088691372072426,-0.984017679699003,0.25958239640150504,-0.9818859400927962,0.24805048722658452,-0.9985827943525297,0.31821088266501835,-1.0021961382495401,0.33974966490936626,-1.0059523671814135,0.3614069670502507,-0.980400015182206,0.2774976609999292,-1.0129215478943485,0.4179055582537469,-0.9767938975608006,0.1774378270687818,-0.9911188636093504,0.2503337167981225,-0.9433790295737738,0.35472959114866387,-1.0135055162746363,0.42064561868249856,-1.0047900424298013,-0.06211612663500445,-0.9992869811745745,-0.10716240070017169,-1.0017114948670278,-0.7649643506188899,-1.0072986163686342,-0.8663644808659003,-0.9917011485980202,-0.7690521548658359,-1.0111613046000638,-0.8754334065431771,-0.999292920059612,-0.7806064782557232,-0.9983072251420816,-0.8677623015367754,-1.0050893437892265,-0.7823493374818199,-0.9915625781233163,-0.8654486417810155,0.6724054138370702,-0.16664553748812438,-0.6724054138370702,0.16664553748812438,0.8920303706177937,-0.7407770108647734,0.9036206274797349,-0.7971542743428028,0.9665914141119585,-0.5243394510153897,0.9765553511292291,-0.6220600363042751,0.9641161374406857,-0.38114822516370683,0.9770266879862005,-0.4037026156130236,0.9776855768575865,-0.6864174200385016,0.9832880311850876,-0.7752798516481477,1.0447252636841973,0.9457451106975333,-0.7521376531380061,-1.0794578564554915,1.1100438264176644,excellent
-0.06764466242711027,0.41939916723342896,-0.07398552146201366,0.42473716351341606,-0.07744444355156624,0.4332469930700364,-0.08049758288562622,0.4423383859570129,-0.06468396502423818,0.4023277349119201,-0.06177610713298926,0.3925276441401934,-0.05904329239188978,0.3815644177740525,-0.0859525825762072,0.4464421060017291,-0.054211390719114946,0.3727836005003288,-0.07620604027442925,0.43586981281605863,-0.06940731549908433,0.4057788599992906,-0.12479024941578185,0.6538375887289091,-0.04531023172035804,0.40005492729418674,0.1395073644282617,1.3287746233924354,0.1949081696576485,1.3938624965306348,0.12537197441461984,0.5195471425406935,0.16665928827353593,0.3501583840926872,0.1390147031421328,0.5034761740480561,0.168583013466647,0.30841259960817824,0.12787327539657464,0.47987917852200246,0.14307303618338027,0.33116860074930254,0.11840565962059121,0.47228544969325753,0.14146564422657043,0.3443005272291276,-0.40454311718391833,1.2724436833360255,0.40454311718391833,-1.2724436833360255,0.1888561087210048,0.4796021920713754,0.2036349062213372,0.11399073070297074,0.23465330833957754,0.8454578678967343,0.26328662947682746,0.7192331960301338,0.23103434308457005,1.0456293233060006,0.2762444889476274,0.941092717576823,0.21836797083826787,0.6849902136654655,0.2132786631301096,0.5146170474104175,0.658876525432854,0.6376812354811642,1.3414681970765447,-0.8117280041796006,0.42501406496525895,poor
0.6985274756338038,0.7337603668239985,0.6954603499554938,0.5913700110986493,0.6893994815797871,0.572142452411239,0.6829372464778483,0.5498439406461629,0.7142132340012107,0.5855841547882324,0.7235185523394086,0.5672742663667452,0.7342030994310893,0.5470807124382487,0.666919399288605,0.39712812644406886,0.7481352290948728,0.4188133551547519,0.6785121817095748,0.7036446876472193,0.7039587062995001,0.6866263111694817,0.5461750924620895,0.3339446651651745,0.6997674015896795,0.31054895531679405,1.0759459516219707,2.621568929610715,1.0375530203036698,3.11932584994461,0.9530235453769836,2.2408672623813835,0.9139214313672613,1.848693817832484,0.93401453563048,2.1079992459268886,0.887748810305702,1.7862783769078951,0.9189355310430751,2.0603908387792305,0.8601544384898892,1.8318528679161854,0.9124812453408254,2.1283086037598373,0.854771343616371,1.8326121069424166,-0.9288327702593061,0.5232290962991336,0.9288327702593061,-0.5232290962991336,-0.4911488843275062,2.3516740736515427,-0.4933823356864893,2.016013912341205,-0.7201849597175242,3.215203303206278,-0.6569553898203282,2.9310801526445944,-0.7551268204696705,3.315926810940055,-0.6932843080044178,3.114165588498058,-0.6647271979570287,2.716554039146524,-0.585524848941737,2.4964149182726643,0.7866828502418364,0.6713272978802841,1.267686930462274,-0.5191032038947615,0.10626705326356259,excellent
-0.9602919699223663,0.3133337860977377,-0.9601935706633089,0.33952462994059857,-0.9573933851373134,0.33504472736158325,-0.9554468725097712,0.33256689813628687,-0.9710753111770394,0.38118403470259854,-0.976630947689373,0.40510557875634173,-0.9817395196669,0.43069663762351,-0.9549095081950095,0.4034252275806864,-0.9941088553416765,0.5184035369675787,-0.955355699709811,0.3299621376875758,-0.9675556782879576,0.3877007568879416,-0.9302870788480144,0.5040149708776716,-1.0017954499725925,0.5924634932887973,-0.8437883676353933,-0.3982224937526849,-1.1058593465159188,-0.4590661553093872,-0.9122261452310311,-1.0030653421558444,-1.0543776382805843,-1.0847727232478626,-0.9254225910735496,-1.013474387354753,-1.0476949981578572,-1.0780990572510067,-0.9312614553162413,-1.0238966962675182,-1.0377582998381851,-1.0753989006321227,-0.9271456155030227,-1.0215438905525556,-1.0388046254645924,-1.0759026961413278,1.0377854538516793,-0.13991776601257505,-1.0377854538516793,0.13991776601257505,0.9628849948407212,-1.0299882322441316,0.8584669638865366,-1.1195056771038727,1.0016935896195136,-0.9098660424590387,0.930380665987769,-0.9146786943423023,0.9954896236556191,-0.7716504661001297,0.9328315716509481,-0.7089867008832326,1.0197737471491763,-0.994538464776873,0.9270187427454959,-0.9633794843143699,-0.9060585552065098,-1.308687196624104,-0.812350363607493,-0.9691382315847749,-1.069477982498095,good
0.11757050528658139,-0.23541600324967682,0.11403693724572558,-0.19233248872742867,0.11225724261875941,-0.181717248408278,0.11067862809120388,-0.1707222272338551,0.12101166349295399,-0.20096692458081789,0.12435082739742509,-0.1970348750353114,0.1282523114433172,-0.19208100843041204,0.1033568790433673,-0.12213397506580934,0.12803353459053143,-0.16943542095532646,0.11443633523159302,-0.22479345772428558,0.12133010633880137,-0.24236452850545098,0.05545742193629084,0.01924600300003784,0.14306557030013325,-0.19718283152869587,0.1453820708280958,0.43112156728704687,0.30252014436029745,0.3755844795968999,0.18978981609149537,0.2203195957236952,0.2635651942576934,0.1760064827675309,0.16815509072091542,0.1926346375007242,0.25152287682323793,0.16035222771807686,0.20440291689032758,0.21764237049555518,0.23430783141949174,0.16248099612459632,0.18165283255082873,0.18083538971000765,0.23785051029315168,0.1642093256611151,-0.5285962659460052,1.0632760885216743,0.5285962659460052,-1.0632760885216743,-0.188008668815778,0.24726424748108541,-0.07154976693389095,0.13050732842580515,-0.1391067969104527,0.06837407490811742,-0.13416597799061591,0.02240225112443019,-0.11276661362100003,0.10977492705386137,-0.13469331858703468,0.040237166393893534,-0.1782384736422084,-0.04911353204316825,-0.16416064105068526,0.01826583462214782,0.29469086401782596,0.49347417799500143,0.34433908631868615,0.0043047964664305795,0.3159373426567523,poor
-0.9712082097996912,0.2708545552754616,-0.9720286908113959,0.3004744626367973,-0.9646545676468902,0.2946430091104589,-0.9619306819573977,0.29470191914106525,-0.9802845648692321,0.34340568402146876,-0.9839840868920945,0.36710585731201195,-0.9908213606894408,0.3788330443135044,-0.9580864975225981,0.3589812541891462,-0.9946879829437585,0.4602711340237088,-0.959051099387684,0.23770167394430627,-0.9745981694721912,0.3032587994542278,-0.9225433035767137,0.43241089806179067,-0.9952655695207954,0.4875964091311147,-0.8894231405852835,-0.022254916522787868,-1.0240296586806303,-0.037581114193169986,-0.852117658781079,-0.7307170223763378,-1.0413134667046853,-0.8199315526214055,-0.82964266934041,-0.7363228946068623,-1.0471866907297198,-0.8367452235824331,-0.8574961275275031,-0.7275864051256062,-1.0354933028660365,-0.8210919010927394,-0.8680569848854036,-0.732250192728326,-1.0300880001312007,-0.8154321537384196,0.8828911389346696,-0.15196027750028626,-0.8828911389346696,0.15196027750028626,0.8816807309704103,-0.5558051195248958,0.8830425557013495,-0.6130066460309234,0.9472549352993116,-0.4419128246331326,0.9434430487058584,-0.5086983843792555,0.9442462608534056,-0.24635457238706718,0.9444618452307032,-0.28220333669727304,0.9542582959668259,-0.6641958092036667,0.9577885748829771,-0.7242742861586713,0.9318133529055586,0.8037631204274727,-0.7072577900628743,-0.9947297964565367,1.4268181398747113,good
1.957108631844776,-2.6228502103671567,1.9284144523562006,-2.599677356565952,1.927418451867029,-2.6036599029830674,1.92549043339493,-2.610956720277339,1.9202257237978708,-2.5494085626930616,1.9143616473599911,-2.515171067105823,1.906756207089652,-2.4823774419023374,1.903355983269712,-2.5089976907154674,1.8972642745378685,-2.370261175368712,1.9715833086064556,-2.633473425321319,1.954894346981786,-2.5962679201883803,1.8946346048485634,-2.3209104122779727,1.8767653324548312,-2.1829461548020976,2.1459382261801645,-0.5732523141151133,1.9494866324244398,0.29498215941360095,2.237956107197428,2.0617426550417846,1.8826607481574156,2.1410386602418545,2.281200220505438,2.0794708755643954,1.8870539942350386,2.144272948101234,2.231600603517654,2.0947348739835467,1.8776637574823525,2.122738250060471,2.2143730001970416,2.0745736912377444,1.8806874409827672,2.1176778629432893,-1.253249862883302,-0.8832407608095921,1.253249862883302,0.8832407608095921,-2.0180198828459175,1.439260587966568,-1.906872014961089,1.7547556206340853,-2.180890323892688,1.6511161878732545,-2.236726436928844,2.0766583050471823,-2.228245390901598,1.5070317964348774,-2.331373063255956,1.835209705822897,-2.229121023989661,2.080761860633539,-2.176150187617028,2.6195290910108247,0.23380102219765525,0.3700560326931477,0.9956480577722597,0.4380243443400123,0.4480604671526321,good
-0.7137899556615543,0.2312770795690627,-0.7226059551458344,0.27814296958395907,-0.7271301462161228,0.2758243139047895,-0.7316046169999226,0.2744253032782054,-0.7136576732359969,0.3052159124338949,-0.7124865587868094,0.321392764251729,-0.7121757723458566,0.3378598224656651,-0.7542203937302667,0.3224120444010212,-0.7239841065489893,0.3987567373046861,-0.7259829665075468,0.21179712464676992,-0.7173638804272572,0.2580385125234247,-0.74218043806112,0.5176863150517821,-0.8037115196973778,0.4081852552725643,-0.6213466910871797,0.2030284511756294,-0.8008215346169872,0.09375673225234832,-0.5395244302889902,-0.6085377839038971,-0.8041741342515515,-0.7163686681259355,-0.5385941519298703,-0.6176646965896609,-0.8189502034304745,-0.7122441038263395,-0.5469586971318787,-0.615164112004662,-0.814549460938167,-0.7010433693162738,-0.5573945442632214,-0.6089608058999758,-0.8095971093939883,-0.7002873132341711,0.8615803270344926,0.09043974111454889,-0.8615803270344926,-0.09043974111454889,0.9246392653882775,-0.3757922141848411,0.8836047196234381,-0.3865205409268128,0.8364046078413813,-0.34517945925311283,0.842853166726554,-0.45342777722112426,0.8269852433913231,-0.2300393405440089,0.8363336808428276,-0.3177283509673648,0.8306600971389664,-0.5165705022255531,0.8239057955071893,-0.6363932589942357,0.8501955719620602,0.607264212413565,-0.800932184913519,-0.784682377524669,0.5933354527715358,good
-0.977286741827367,0.2112475212879705,-0.9796536414151913,0.25978739018598435,-0.9775778441797831,0.25142792199792136,-0.9753499649899263,0.2435698822983329,-0.988713343793314,0.3072219759862519,-0.9930170238305305,0.330483069558087,-0.997198559085247,0.3542602471871404,-0.973297364183576,0.28098255530101235,-1.0086780016029622,0.41370120511050457,-0.9704121639181255,0.174689209381306,-0.9812336956819202,0.2487768486694408,-0.9427063748498291,0.36077559288734184,-1.0128366338857526,0.42227460160221625,-1.0075337542981668,-0.0480904040007667,-0.9942117028531371,-0.08892911956877406,-0.9947749843336635,-0.7683646877461088,-1.005764114810317,-0.8626345071291653,-0.985968301807396,-0.772512645570542,-1.0091637676206846,-0.870609351150498,-0.9998624934713062,-0.7844317790732539,-0.9926519838001565,-0.8707989967324847,-1.0054355148716514,-0.7867680260790447,-0.988699709954782,-0.8681936160627752,0.7152116644283989,-0.17954571400715935,-0.7152116644283989,0.17954571400715935,0.8926295325936917,-0.7304698857207875,0.8946031191436209,-0.8095899781030135,0.9631836827205396,-0.531379229229779,0.9724435232930415,-0.6146474899536775,0.9606141991706858,-0.3776580287902723,0.9743601320709848,-0.3918223558686833,0.9743087382246224,-0.7021164337967903,0.9803067256270637,-0.7774638887206086,1.0904731103244412,0.9157879843375009,-0.8478913359858959,-1.1396140932862027,1.0876219319004257,excellent
0.5521747169210849,0.07531953021787434,0.5654890617783028,0.07096947410909091,0.5676685095693308,0.09153696606460508,0.5711446800361737,0.1138043243225601,0.5677681525109939,0.007543164523606119,0.5711894703652853,-0.021144671075073257,0.5749486203007346,-0.046304017391741135,0.5785067006630982,0.12508484213280494,0.5861241339083466,-0.11159732621141737,0.5538360143348349,0.14966091486251865,0.5612413618730554,0.037802126805083464,0.6291782912919481,0.12957512849166755,0.6631289031042875,-0.07604423713938659,0.26185272214686184,-0.5910521212262361,0.39804510172943225,-0.7036051680485833,0.3437458315247965,-0.031073597732278274,0.4468341648827632,0.102455245240981,0.4094764070659809,-0.11436676337228224,0.4929475019797174,0.13412463395289717,0.41253985847286473,-0.12563637973171063,0.4817008979463896,0.0786402947155746,0.41849940381626166,-0.11926978371535697,0.4844577641818641,0.06193479606006695,-0.7448335793148745,-0.4376234575368867,0.7448335793148745,0.4376234575368867,-0.6917969602372184,-0.302555286674063,-0.6360682854356182,0.08143351172270519,-0.7681886841662661,-0.7222630812887529,-0.7315599566909918,-0.38532215898604966,-0.7851325158715122,-0.9089386443677078,-0.7534308107076354,-0.6338927923042814,-0.7880252576009094,-0.2569441798946132,-0.7854772784430751,0.017369003603771173,-1.212138725815918,-0.7593887772174888,0.5134674329903863,1.84892842696346,-0.8557742017175982,good
-1.0137834921274964,0.2742468464964215,-1.0193527543508734,0.319218090453767,-1.0176003137587522,0.31377247349111287,-1.0149894127428292,0.30668036356904305,-1.0238926174811689,0.35528729552766647,-1.0260914909000554,0.3761642018785823,-1.0283500035792164,0.3996542259832586,-1.0038181782585953,0.34630394329028674,-1.022858760377351,0.48808217925036046,-1.0028889259747595,0.2603662107767992,-1.013402190456963,0.3173125720762301,-0.9540811769311323,0.422448523197131,-1.0211380870734355,0.533952293254537,-0.9408505526906051,-0.09712299379473964,-1.0478151355861738,-0.07030315737474788,-0.9822314524937057,-0.8524464692456387,-1.0103140267294686,-0.9343047036691846,-0.9847860971239482,-0.8592659688203534,-1.0125116777803593,-0.9428544181782316,-0.9905142750425021,-0.8678684815736003,-1.0028234474317888,-0.9420676284010887,-0.9935361219372598,-0.8679151925245435,-0.998237585090028,-0.9413548273987052,0.8108021285916363,-0.2204305751380652,-0.8108021285916363,0.2204305751380652,0.902504161101042,-0.82525188772878,0.8921875279868929,-0.9158778163493231,0.9771068770184684,-0.6001169513155845,0.9669554360368509,-0.6868115503235263,0.9783028454012536,-0.44088809260289313,0.9669136434472237,-0.41970169656548656,0.9879718693696764,-0.7973112941231781,0.976935488528108,-0.8505496711079381,0.5387894973030803,0.5326832031202234,-0.8247421656685475,-0.9983105156145586,0.22864655336463127,excellent
-0.9824608178347731,0.27063462278558886,-0.9820181142480706,0.3008375263303747,-0.9799615850648349,0.29578906886988815,-0.9782109570888042,0.29318511085786103,-0.9926147049805895,0.3474378511140483,-0.9957190020836932,0.3712160712264458,-0.9985694074881164,0.3958598152336501,-0.973350347349688,0.3567513126167313,-1.004852719261,0.4660911556773694,-0.9742199668035079,0.2792193808135203,-0.9873430047590696,0.3406514805077686,-0.9405263199950701,0.4752821592584149,-1.0110957472122382,0.5456547187916438,-0.9454437272579281,-0.2001702824476229,-1.0417781046944286,-0.23708074776553784,-0.9959356010782214,-0.939750316069095,-1.0070060200813404,-1.0283858545872078,-0.9928603541401547,-0.9484592998003656,-1.0062739677302275,-1.0249507683475345,-0.9937897718602957,-0.9618443502195471,-0.9950163008011653,-1.0296057711779976,-0.9966563639480251,-0.9618492224690453,-0.9952538972894429,-1.0298395519823815,0.9244694293992484,-0.1618918220368859,-0.9244694293992484,0.1618918220368859,0.9837208539862866,-0.9727508283095563,0.8812332772903158,-1.0788127747313732,1.0017030608552078,-0.8252827075672395,0.9540633593737948,-0.856018369900969,1.0338724319004267,-0.6863378861968715,0.9565368939367894,-0.6340571834862814,1.0441326342375716,-0.9780650957158948,0.95973006329673,-0.960741591936262,0.46162739347515414,0.3649160316536407,-0.3659838022330728,-1.0564129337635262,-0.4273283255023007,excellent
-0.9997146268334847,0.15440549383500754,-1.000424683065662,0.19539636636772373,-0.995031527128611,0.19141967053962003,-0.9909839746798526,0.18796850861667727,-1.009492150707138,0.2402640632898108,-1.01185420408928,0.26709882141730346,-1.0148421262406364,0.2956751772541847,-0.9836356523373201,0.2600624529556636,-1.0123046915716964,0.39562576121116866,-0.984956484726567,0.1470763817802876,-1.0008787576826572,0.20475455092526842,-0.9375893255068263,0.376770376926675,-1.008550379193413,0.45121825943766675,-0.9667022253616329,-0.020452813101126528,-1.0147101672976615,-0.019242422283075312,-0.9904448047350833,-0.7455125133776357,-1.0172294843285596,-0.8460209100110313,-0.9891928125245849,-0.7517837382070076,-1.0161055418363205,-0.8538021266337951,-1.002061622381006,-0.7678737908506468,-1.0040036358664541,-0.8474366289332301,-1.0049973472120872,-0.7694685889323193,-1.0016045157413176,-0.8461406470089717,0.809396736366709,-0.13722313567006783,-0.809396736366709,0.13722313567006783,0.88172731496707,-0.6901317426898531,0.8901046914080425,-0.7929884638672304,0.9571787246204788,-0.5492221707266625,0.9677271327865983,-0.6069927219433653,0.9546325051158543,-0.3369653901868214,0.9672689792698733,-0.38167829198604536,0.964570338960986,-0.704757385691596,0.9766628777404436,-0.7736110237637258,0.8677806385994282,0.8659684738645304,-0.9468613234102498,-0.9238608475808887,0.9591972244440599,excellent
0.6082922653580954,0.14505849133743737,0.6192406725335022,0.12991932937937622,0.6206277980444065,0.1381559946793646,0.6222817049558932,0.14663930369011988,0.6230435711016276,0.08108568186514271,0.6265309262511186,0.05251199459405019,0.6305429012914777,0.02390522736640794,0.6375225962993935,0.12023646487471112,0.6467997864214599,-0.031618389021497974,0.6117788090306919,0.16712678840056866,0.6163001722402954,0.0953145125363603,0.6706740137535315,-0.32462679242457,0.7062943206206119,0.056613331671945905,0.31538618675737345,-1.1191558479667778,0.4214886543493294,-0.9504303956486387,0.334636873541576,-0.5699945195363301,0.48029838260938335,-0.02812434037936623,0.2853012488937605,-0.4575030108868799,0.48562605783115315,-0.01585819057270343,0.3933025346069487,-0.28935259006757,0.5047747855110782,-0.06456606736643729,0.40733100821292506,-0.2881652430187088,0.5180125473001572,-0.067817222603967,-0.5942508085051053,-1.8248725105998043,0.5942508085051053,1.8248725105998043,-0.7388499862867981,-0.6414496524654916,-0.713035241322794,-0.1256114589520534,-0.8035455832628847,-1.143580300185058,-0.774462003858322,-0.6681401825571901,-0.7878118734436744,-1.3772706612323005,-0.7829446788821677,-1.00775312955879,-0.8244947239469363,-0.7665929533745102,-0.8325692221067226,-0.29284669530264373,-1.0210461169602345,-1.125238012541621,1.187119928359169,1.8969632204293285,-1.1235155622536106,good
0.11600585275441734,1.1891342059774956,0.12127579373247696,1.1584250848651862,0.11796745338190688,1.177153034878978,0.11507372271401921,1.1959248822963244,0.13566373404699547,1.094998442747925,0.14231799762044958,1.0666052114543914,0.1494737219698973,1.0332351649029619,0.12888205996721772,1.1882865547957735,0.1686361298674897,0.9518679655355171,0.10582536546048879,1.28248585555872,0.12570426390696654,1.1875076689806183,0.09261087312519065,1.1953557344165082,0.22216442593348537,0.9706947499046757,0.023986370912676056,1.340375778010732,0.2212359938559805,1.0763115024362755,0.1416563138287332,0.4586930617895661,0.27448223638772257,0.5469767334415402,0.08092195666717468,0.39796259243370413,0.29767675431284873,0.5322031243421073,0.08924248691974278,0.38985434617254444,0.27884129171501754,0.5398507394030487,0.11109767196369845,0.389933948209782,0.27954521400832705,0.5437811692510798,-1.24386252371808,1.2966855057893105,1.24386252371808,-1.2966855057893105,-0.25578209342741604,0.31211540172618507,-0.1274266907791807,-0.033342882516444704,-0.23337349169298935,0.20484433557348397,-0.1457676489748359,0.031700304834604044,-0.2184566516823099,0.1662177836047439,-0.13744441901846396,-0.03502056993964355,-0.3025165923048914,0.22672790530470377,-0.21877309276730958,0.12712726947659653,-0.7359757889482463,-0.42255981565232925,1.3276039373394595,0.443599603881663,-0.8235977020678373,poor
-0.9565996259412384,0.2060671442518457,-0.9587703825676597,0.2555034643477172,-0.9569310424628386,0.2552029896918945,-0.9557965846334341,0.2554702348192248,-0.9664683879462981,0.28787859490756595,-0.9713131864394564,0.31042093296918843,-0.9765200996682013,0.33810599886330495,-0.9569183335355453,0.33582291262798675,-0.9905771921725839,0.44690425282705226,-0.9527133649275111,0.2068441432128095,-0.962155274653271,0.26775603787400043,-0.9369134569857086,0.446083454241929,-1.007947340786731,0.5119514073099666,-0.8376471706859214,-0.14238108537019398,-1.0758540956867075,-0.1233239207529629,-0.8773057927431838,-0.8311536567995882,-1.045043058110544,-0.9207444834096002,-0.8908819566060449,-0.8288885674998532,-1.0331589911738877,-0.921807158721995,-0.9068710669840624,-0.8420607370383506,-1.0242369646999359,-0.9185408264757405,-0.9050829965063387,-0.8408078881212073,-1.028036672339401,-0.9167138738670684,0.7319871761580752,-0.2577308257449275,-0.7319871761580752,0.2577308257449275,0.8846347676970576,-0.7831891741612523,0.8980192022183544,-0.8797420792662274,0.954512967248603,-0.6017769826121794,0.9682448038882163,-0.6764260477166618,0.95266008074346,-0.4238825679804687,0.9743064293607215,-0.450943854764709,0.9619444133103923,-0.793597542153096,0.9767677514071127,-0.8361198394509063,0.25067237004042503,0.37003424869557805,-0.9263643732515189,-0.8222683054881903,1.1787772187774854,poor
-0.9731699123326222,0.20282433357234372,-0.9726922448929405,0.24059681803310548,-0.9709813079412049,0.23398778778638624,-0.9688880021623929,0.22879505236933714,-0.9818244844251126,0.28284008431161506,-0.9858655012229048,0.3060185621618385,-0.9898440243551414,0.3302990958664085,-0.9666034612667235,0.2739226972947264,-0.9999961049420529,0.3904726583927293,-0.966384801089992,0.16619677936086732,-0.9785989560673212,0.24026556381483805,-0.9331197267349354,0.3320109125564231,-1.0046660797291307,0.4027661219127387,-0.9396794764700805,-0.12506433496889582,-1.0323051933301985,-0.17301247613215998,-0.9299361641264527,-0.8255848444934983,-1.037347420559614,-0.919091907531819,-0.9236378212083156,-0.8332339272261089,-1.0270154439386143,-0.9247673059261432,-0.9356960797921132,-0.843727725038259,-1.0175001312755354,-0.9208669735770943,-0.940469432298372,-0.8419675072128122,-1.0183282353137342,-0.9177265879556212,0.8872081652426865,-0.13793386122013498,-0.8872081652426865,0.13793386122013498,0.8853029967546951,-0.7912293610643492,0.8826852692838574,-0.9024346775788704,0.9555474958434121,-0.5926039482044615,0.9616303017318004,-0.7105260714306919,0.9537468321241224,-0.4304143421173473,0.9621015225258018,-0.47479675511388386,0.9600302946930491,-0.8030264919451339,0.9707592839901571,-0.8510381260604928,0.9401126741497063,0.7816588363265901,-0.8718129864205929,-1.0832113737897175,1.0298816523686924,good
0.1665722203064801,0.765200038281134,0.17553735148628066,0.6903218602563724,0.1721190037745465,0.6751676222292178,0.1688102867263045,0.6576412788669098,0.19360315762041225,0.6991602168961196,0.20365369605000516,0.6946614371913408,0.2147754955674421,0.6888022687579134,0.17525876593769474,0.5654627430801702,0.24092446649031568,0.6024829810671434,0.1518190873843502,0.7338088882839361,0.17745381298219365,0.7462777026068791,0.13054739938369794,0.19783762925943713,0.2543211762837728,0.5449490587502115,-0.1932356601439723,-0.5728507144604476,0.11517720984868385,-0.26563181258657975,-0.17461712513988364,-0.28824157939056505,0.10433348539336718,-0.1589405559087288,-0.12840231381669326,-0.3212928502067015,0.10260392448251163,-0.182327123860191,-0.10486375567319581,-0.36061989392790683,0.09151119734879595,-0.21152231968923554,-0.10550752397382905,-0.33667285469095487,0.09502534796116556,-0.2092276844008741,-0.7716253878661562,-1.0678051674759652,0.7716253878661562,1.0678051674759652,-0.3433658450764422,-0.5253451986094808,-0.200248148712766,-0.14626843048217453,-0.32495941382607535,-0.27180731413813153,-0.25832565472989316,-0.08406149438275157,-0.3022211176407263,-0.35608062626460285,-0.22571852722530006,-0.1691346102960062,-0.2472778503995401,0.11512913655548268,-0.17264773377081413,0.11004770987304993,-1.0621824307538785,-1.0931600378495645,-0.6675859529191862,1.324736248331781,-1.3447111443095747,excellent
-1.0235771855821787,0.31626763905802424,-1.028269357886405,0.3606083944023054,-1.0264630221758573,0.35542831900280664,-1.0239449355520478,0.34888804555785075,-1.0307024334395645,0.392407699148227,-1.0318565527968242,0.4112090984751072,-1.0331143716951106,0.43273077884357697,-1.009019061971738,0.38512893613696675,-1.0267716460772207,0.5015976947217352,-1.0138732668997705,0.3083070838983557,-1.0214114738433677,0.35977064683106613,-0.9538549696048569,0.4425082860745072,-1.0212878965821348,0.5489415204754552,-0.9453272521657003,-0.08128458036972175,-1.0508931480412032,-0.0985576070906879,-0.982472061717299,-0.8340786040091717,-1.017512210199463,-0.9187251724356481,-0.9830316172112952,-0.8376513026564667,-1.0180558282609422,-0.9233633604831851,-0.99566823377774,-0.8482153486616816,-1.009621512693273,-0.9202253827832517,-0.9981025436229282,-0.8494081611104816,-1.0103124476406582,-0.919449125512081,0.6957847342909361,-0.18575443828793503,-0.6957847342909361,0.18575443828793503,0.9027747496978392,-0.8360232965718184,0.9075094879617924,-0.9349437826359446,0.9714348593945118,-0.6375266421978433,0.9759046735333409,-0.7197958678232199,0.972182665801454,-0.4896086226330088,0.9781512929001945,-0.4994178288035793,0.9802361385022478,-0.7817392420913553,0.988089433763199,-0.8491353003499388,0.5722673137683955,0.5428357231915086,-0.7580209162845107,-1.0915653519854833,0.1318148226821604,excellent
1.0648309470088158,0.5678404890390994,1.077918797599969,0.3992853171195134,1.074737215512382,0.3767730294456936,1.0726549354598902,0.351960768661389,1.0983162315164936,0.3967623325987292,1.1118648551133186,0.38250810174337485,1.1291190584482926,0.3681556522423714,1.0749397522528408,0.20612458791297825,1.1596515182422829,0.19078420425446296,1.0522650271348253,0.5385156018294657,1.0828861004567787,0.5262309812814663,1.0813351764500354,-0.07717822890559668,1.171251613685313,0.05987623705344127,0.5499627409810217,-0.6920762363240318,0.754607555457748,-0.44560415807153403,0.4386840489031431,0.42999002361379557,0.7255082124629125,0.7177005154665309,0.47071195029718244,0.40023190785246654,0.7525224049758804,0.7389230953171698,0.4675973445663674,0.7122180535504484,0.7851199141058801,0.7114479257308534,0.4771789917525176,0.5228239297734274,0.8000442649088394,0.6994548414883428,-1.3956258593322652,-0.7844867049528749,1.3956258593322652,0.7844867049528749,-1.2670512824081142,0.09441662128696603,-1.1049595191902792,0.5720829331299142,-1.311278134620122,0.31927023339413846,-1.285873410190268,0.8333220841499752,-1.2846641169805837,0.09061744738568867,-1.214151778599866,0.49101359078347373,-1.1731642577407297,1.2301880023303735,-1.1429396558168632,1.2314110451264686,-1.0071772279882378,-0.865515320831167,-0.7706277336748709,1.7363182576583973,-1.2578973821672657,excellent
-0.2905190476559415,0.849728970948126,-0.2893421398725541,0.8170792610404028,-0.2933695846765411,0.8058381029633509,-0.2968383962248569,0.7947630809393713,-0.2750331188802582,0.8401106860238878,-0.26877940256149896,0.8443786438872117,-0.26162087874016277,0.8489501471709547,-0.3039389661631712,0.7708262724202257,-0.24935072318825272,0.8457037887636211,-0.29843659369530384,0.8517608269465005,-0.2818014313273358,0.8791999403904289,-0.34488131376930803,0.5470963704691348,-0.2092923367275929,0.9191964765825207,-0.5067501971861308,-0.9787974825786802,-0.2727878092142331,-0.6758287376162249,-0.5782594246102135,-1.0318878222676033,-0.3231515115119308,-0.7856465994638285,-0.5841454461641274,-1.0043009459148013,-0.3282809111687244,-0.7828417826081482,-0.5481830379299953,-0.9910336287287722,-0.331962673502008,-0.7963600218206235,-0.5386216895769042,-0.9803938814194912,-0.3262529057643782,-0.8014101622451103,-0.5529278354100418,-0.9988601561192005,0.5529278354100418,0.9988601561192005,0.15953753308447266,-0.9670916091197262,0.2692563260196605,-0.7956764707959466,0.19726559650562103,-0.8391744267645806,0.23410122265630987,-0.7487731215737441,0.20188902263371,-0.82918623419232,0.24319867470445466,-0.7208716272553883,0.22102393872052864,-0.647803001905739,0.26475634087007915,-0.6300668783733552,-2.5585150384550355,-2.5638991682203844,-0.7202784265370694,1.531374971402117,-2.2856193346253293,excellent
0.913223460748817,-1.1109633955965188,0.8931385841141172,-1.0876657679929578,0.8907535989364687,-1.0783797293067878,0.8878629053245561,-1.0705054615000758,0.8924586720438927,-1.0877080750534338,0.8913196419762249,-1.0731749523119858,0.890825511572288,-1.0574388802479053,0.8637842778992392,-0.9980953847703631,0.87761139854443,-0.9864878447932803,0.9109325106577345,-1.0934724113982301,0.9060985542201538,-1.094939323157954,0.8719259286926607,-0.6874136302740324,0.8317611171473697,-0.8861255974413297,1.2107082632589812,0.7300858042988376,1.0337261980618213,0.5924337487673909,1.1526359063717653,1.3837094527800886,0.9395241063093974,1.0746847719163746,1.20405974277621,1.4114637879894814,0.9169854870609316,1.0582592299608373,1.1559790087835788,1.3947595867353695,0.9108207251325909,1.0967794998962046,1.1223279904437744,1.3855193563242905,0.9048978684865697,1.1073893025812476,-0.6640700600686904,-0.07931823732297494,0.6640700600686904,0.07931823732297494,-0.8624135982508693,0.7323104873573524,-0.8198466243765516,0.8490120365838729,-0.6449741725093461,0.9708408972202186,-0.847448227204789,1.3687793048385004,-0.9470453000328554,1.1281687524235846,-0.8984472124476277,1.4020986530795119,-0.8937051007921062,1.148159358721142,-0.8276791591852437,1.391753073969966,0.46364306310478054,0.5040547091905739,-0.1920651966964335,0.17267221046628334,0.47395498884642984,good
0.7653016314360594,-0.9987535767342957,0.7582588784603705,-0.977809735119415,0.756485969115704,-0.9759437855031035,0.7544994094961947,-0.9752791354162095,0.7596441198586716,-0.9747540600778585,0.7589995191219807,-0.9713094762032526,0.757731450716795,-0.9676614524185245,0.7362384709485228,-0.9592801319446301,0.7463453496635913,-0.9735812659490194,0.7645852208157147,-0.996073835472311,0.7593428206157705,-1.0060376820495016,0.6590728491305115,-0.9115396715824087,0.7400189808979659,-1.0246755137999064,0.722655222007204,0.10783181272321221,0.8407470489269726,-0.14345239610293523,0.9180312914177127,0.8700556042415681,0.8923949998615581,0.7302535730261062,0.8870836329585177,0.8400730084059843,0.8750349042295075,0.7351743605462586,0.8845785941206139,0.8419207443439828,0.8622213519535749,0.7299696725600756,0.8839085791100955,0.8644497024425202,0.8653708056815714,0.7362702020014467,-0.9388720877284196,0.9097178106406647,0.9388720877284196,-0.9097178106406647,-0.8161071574019206,0.7923111241338654,-0.7515657655627248,0.6392759542778492,-0.9624905124703875,0.7709460274836484,-0.9178006714122497,0.7788271406090497,-0.9861820796557735,0.7401095962894438,-0.9816518602441492,0.6408266719426459,-0.9925461287639424,0.9263571172965893,-0.9206317378051309,1.0698876898037366,0.1790777073278993,0.306209266998113,1.0064346923156282,0.03578660948355127,0.48338044574357436,good
0.14409141537943307,0.12980071507789948,0.14746521984140323,0.14304728444519366,0.14558041343465447,0.1537630815783125,0.14391374433617854,0.16506201349497043,0.15424961583601984,0.1127367845082322,0.1572349999169915,0.09684524639369838,0.1606949205004428,0.0818165446641671,0.14650650643803936,0.17699770529487915,0.1645720057846451,0.04762232140321305,0.1408948954047723,0.14533698509914653,0.1490263448282873,0.1002213029458903,0.13469609154139245,0.13828709841117293,0.17877330456028978,-0.09636353594064444,-0.09522762622928908,-0.02429773954894713,0.12815108929140764,-0.37789607381402035,0.04151498572025446,-0.2047803404664048,0.2262267480415817,-0.0851333396031827,-0.11185534719385683,-0.2343693507616984,0.2288653929076616,-0.111729568766451,0.08529986940845642,-0.272216948758748,0.22092723796243588,-0.11275350099277806,0.10342438144577698,-0.260836822301013,0.2284556531801294,-0.1118022712354521,-0.6576755626568455,0.8062342129023873,0.6576755626568455,-0.8062342129023873,-0.2182962710510068,0.1217521992723638,-0.12301124313034444,-0.10374137044991995,-0.11861718183811222,-0.03011228037177301,-0.10409631725482098,0.04944005675247366,-0.11762910190045495,-0.006826964831324643,-0.09902734843494783,0.13178330332988664,-0.13438721803352485,0.010746453613373898,-0.13827455158226795,0.2064106089670809,-0.5828304839701971,-0.2099425046050719,-0.07749985034111188,0.7640697066861986,-0.4584490807553593,poor
-0.10796050213469933,0.12263342451889422,-0.11703890377508969,0.10165014551465665,-0.1197069222389567,0.09267371792018142,-0.12214177610323038,0.09087389632391858,-0.1135352925040724,0.12441205782433136,-0.11508954277695785,0.13123542177364178,-0.11755383885847212,0.13620287591615554,-0.14058785406906632,0.10384426666675274,-0.129789236632715,0.10612165383529798,-0.11220594842576005,0.12104223370591265,-0.11255560832902997,0.15862235252882648,-0.11982883442377272,0.4373284099374718,-0.18142195980215714,0.22019051822888744,0.10541843267174428,0.9679044635489934,0.05273911841984897,1.0622802570258467,0.2293731245285976,0.30722454659577697,0.1774563313847169,0.1369741719025448,0.27647143902619914,0.3254732840255182,0.16227720398367834,0.1312084046536193,0.2522566450054137,0.29774200903780684,0.1470094238349933,0.14258548533388793,0.24920000672707984,0.289375652769309,0.15063534213677093,0.13837474140641068,1.1423496567385498,0.8580033443817008,-1.1423496567385498,-0.8580033443817008,1.1002730901557334,1.170428464054797,0.890531459299352,1.157771476950915,0.6145568857501419,0.8398965075146817,0.5432960976650267,0.5754176571934531,0.5823379324214548,0.7629450805801945,0.5147121786238864,0.5001785943528586,0.5067397977220516,0.6625975237589107,0.5158181143445699,0.3876092024763507,0.3851351819370268,0.45122446063716987,1.3905531070310153,-0.7344004328884338,0.23340332926220744,poor
0.3412842025164406,-0.4409548429507981,0.3308223458188535,-0.4204919122290453,0.3300096263299208,-0.40957972349643823,0.32871012214624407,-0.39732858042068236,0.3297030600868908,-0.44123886354611697,0.3285717648126845,-0.44393004330630215,0.3276489878734445,-0.4433121956839562,0.3270885593156654,-0.37283286224575296,0.32383300201032816,-0.43383454810912647,0.34123792494201965,-0.40789847513770777,0.34053474842462167,-0.4245042764009305,0.2979813676733523,-0.22696036837003522,0.34095661024135304,-0.4402314151927776,0.5036380339099066,0.6357103674600705,0.4786817991047953,0.43430231033343986,0.4516063329209198,0.6936678753372882,0.4539544063550479,0.5379467148271174,0.5495267144049083,0.6808137485058541,0.483032649923993,0.5220565553209692,0.5385176734286099,0.6645734137604424,0.4652451098514998,0.5153660443222988,0.5077787419459415,0.6807932190470961,0.4551150067777774,0.5260948603086084,-0.5684398539035233,0.9128151633107937,0.5684398539035233,-0.9128151633107937,-0.405385105577401,0.5291518902226499,-0.3224857287961559,0.39413221744529015,-0.31632872009446367,-0.3191178669439414,-0.38807021204147607,-0.24829508656276025,-0.3031249247872737,-0.42551203272433474,-0.40243192635937747,-0.4094664493669313,-0.34542559115641497,-0.31866613955594786,-0.4050315651630875,-0.005701555646195512,0.5101858770920812,0.45686206049312733,1.0980555078508147,0.0874834844774034,0.4656489198053738,poor
0.5421176614409382,0.7361203489507665,0.5553643225914084,0.6173462069075141,0.5526769154551799,0.6006077479302928,0.5507442675141248,0.5829959717594364,0.575226424561752,0.6198206943953717,0.5877586558049848,0.6087458541595041,0.6027246280747757,0.5979547586756905,0.554987226647677,0.47593847928850047,0.6308806900136862,0.4916831128312182,0.5339534745672663,0.7199529594718957,0.5636390717960577,0.7230038312924247,0.5624365305542862,0.22246316982917355,0.6715198812230716,0.5117255976228371,0.21160557222751158,-0.9501534208564533,0.4159965344453197,-0.6029857334904601,0.07538737757989795,-0.2900914854312517,0.33520099707712075,0.052665124282247205,0.06786798272262061,-0.17836809716168553,0.34516694619597704,0.06999047938029497,0.12847382602555366,-0.2503920960512327,0.35900334570574544,0.03116306225956275,0.12819265356353826,-0.2386667294241682,0.3671890123495049,0.019464198608667684,-0.7521346863235931,-1.1383723770896679,0.7521346863235931,1.1383723770896679,-0.7348840800406282,-0.4353129643276158,-0.5933754963398896,0.05135105377341766,-0.7620750402787904,-0.23768389147632318,-0.7415758500249665,0.0901646924605041,-0.7462445614005174,-0.4248615741832978,-0.711998947956835,-0.19431192014862983,-0.6909361242760073,0.4001533494126332,-0.6628150896671549,0.41939258509765653,-1.4557635180015023,-1.362599222084622,-0.819932984180738,1.7306903062962002,-1.6341377935494381,excellent
1.2958156541921921,-0.24096456330422425,1.320478383703989,-0.24674066936099717,1.3213969832326107,-0.21723060354858814,1.3234310691310667,-0.18666728322196904,1.3241779789086146,-0.3795434053364058,1.327820042114261,-0.4445292783619155,1.3329259300405345,-0.5181233845526324,1.3449283698046808,-0.18857238138935828,1.354351274559911,-0.6556252487597394,1.2871992145031697,-0.16054514549919982,1.2985366570475525,-0.3207887174308763,1.4093402377187882,-0.6724635591698359,1.4079004489119742,-0.7660454257973238,0.963654400696871,-1.4921882702782432,1.0252416572234608,-2.2017046916147422,0.9851065560598955,0.019158673238692667,1.191540461509612,0.21876017187795402,0.9975804274612096,-0.06254951265581964,1.1770787121270445,0.32663031656780245,1.0430133378767825,-0.04967934720839529,1.181404593131229,0.27599220518340933,1.0618024539260307,-0.05456840155221033,1.1931723158344654,0.23695612090072313,-0.7347062679000104,-1.040358382270868,0.7347062679000104,1.040358382270868,-1.3639291221182122,-0.3044576545871214,-1.344029888493521,0.4407317103806586,-1.4041578384858175,-1.4199496718248217,-1.418373513667126,-0.9380240612379679,-1.4277432745011283,-1.8920514250364189,-1.4191554958099748,-1.5605769392879003,-1.442893984850258,-0.6237244085095774,-1.5628135418396611,-0.12895577875592515,-1.0688140855914847,-1.1465124732780883,1.6745676004376697,1.7741688070442223,-0.935821439065269,good
1.0052690648843927,-0.4778520105005361,1.0103174243173956,-0.5769799480666478,1.005004600535192,-0.5948446896805228,0.9989307909621167,-0.6134841073283828,1.0259543717829724,-0.5632799444932949,1.033141569381631,-0.5632870675088963,1.0404988219424074,-0.5593272742625298,0.966339308937385,-0.7617644976669461,1.027750331297033,-0.6496065369789373,0.9820278735181971,-0.5203729354639145,1.0093831387182968,-0.5077743676207345,0.8312663253111027,-0.9360413212402915,0.9436085748417128,-0.7024775507055603,0.8323444862319279,0.6717528978173594,1.0235936698503558,1.0316486763449868,0.7296597869957855,1.6167325207431804,0.8214917727299097,1.4285739104010156,0.694123227685585,1.604347558528702,0.7794537640917979,1.4219861987444204,0.6870301323066842,1.5974109410115702,0.7883640725380232,1.4446407646121397,0.6809289138256022,1.6005817771133672,0.7802320094614985,1.4564711062779654,-1.573650732669209,-0.3729158998604706,1.573650732669209,0.3729158998604706,-1.1520348883650984,1.0923687246243514,-0.9566089288356292,1.1329823023747767,-1.235268779415154,1.9522689282351313,-1.1644295334770214,2.0444595614798278,-1.1895638317273074,2.053204180274556,-1.0937900693065667,2.0431330013554585,-1.0901690691903565,2.0609461762474472,-1.0494211429278346,1.8061327135850975,0.40534671912478454,0.47979355328961004,-0.4908159134484548,0.5791570610347371,-0.0986381437549637,excellent
0.5158826044573627,0.2630274976251378,0.5203919167600816,0.229383183629163,0.5194518231401043,0.23230005864380235,0.5193534501920952,0.23490671078351186,0.5283762620663415,0.20641317154739922,0.5326745212059973,0.18915297761278013,0.5377100982567912,0.16501266839040127,0.5317695723229682,0.201656617762109,0.5477513281543088,0.09952267462412923,0.513749762646594,0.2617765660501444,0.5252175180235973,0.21164581176857733,0.5608548527892994,-0.24839978072943025,0.6027955762505435,0.13653802375502727,0.20041323086822146,-1.2428938733717851,0.3447357455703713,-0.9842580298156923,0.09728814527561706,-0.7342534694954596,0.3596528128212866,-0.19117150303212282,0.047744509409192455,-0.659155434280713,0.3792024394700919,-0.15741169865114518,0.12509170532323016,-0.48900102516420557,0.38207801997787877,-0.22023921172195798,0.23637422526084764,-0.5341547265250244,0.393241618019643,-0.24155069829722373,-0.5423642496976728,-1.909044433906164,0.5423642496976728,1.909044433906164,-0.6488686368754539,-0.7905821210459091,-0.6075903121463022,-0.20344968973331432,-0.6585199698422912,-1.1802359477640085,-0.6534785280494484,-0.6585620391035877,-0.6786013743917018,-1.4012879987858562,-0.6695093402104974,-0.9398605523389832,-0.660985495748078,-0.764997011771383,-0.6885557293383316,-0.28448678691958607,-1.0468112900262685,-1.2075159778381106,1.1709031820140687,2.240880408497354,-1.2531799974875097,good
0.514663771496412,0.056568641437911675,0.5086236739545552,0.006222218428848261,0.5051648544651298,-0.0025901944558765983,0.5019314610057608,-0.014880859844123857,0.5202680188019785,-0.005861976664822112,0.5260330380108997,-0.017518020102895063,0.532118165415043,-0.02958540683584594,0.4898899178985029,-0.10247244585921514,0.5276219617498066,-0.12057190438492363,0.5068916566367867,0.03182097398918747,0.5201378636329691,-0.00035033435883571873,0.401295847090549,-0.017705479456807952,0.5004612990869995,-0.185094559519024,0.1456334040276588,0.48222115034916113,0.3716719654082467,0.41882106292731064,0.1494889201417998,0.6665484008412568,0.3249123460662223,0.5939088280430389,0.18461262320233982,0.6520743730816619,0.3328320150147828,0.5870041934394223,0.189829526427392,0.5927254688881886,0.3389708178864481,0.5766401371355172,0.17792090698060997,0.6036312728314674,0.33839655426597437,0.5815075770375772,-1.3948344334867502,0.649326676264654,1.3948344334867502,-0.649326676264654,-0.7009098731176568,0.37637681100681925,-0.49740926073033415,0.3983327697204549,-0.7174452593447355,0.941305921187147,-0.6593631622596224,1.0111742117536435,-0.6900507825603553,0.8165177595719691,-0.6319492576864424,0.8994928997669883,-0.5742985619636809,1.142424524842389,-0.5481854562608018,0.919324663159701,-0.08761108466609077,0.08547602755509813,-0.7769637845189664,1.0016671989667596,-0.5439966468113214,excellent
0.9399810190687516,-0.4104667450277727,0.9423296050428845,-0.5209523538829839,0.9381419704309037,-0.5451158131645102,0.9334368103071599,-0.5706517142268946,0.9588459638424665,-0.5030417129269426,0.9674747968689273,-0.5087287406428018,0.9767711842833782,-0.513705066455837,0.9206716741270558,-0.7095631862725686,0.9918537080802078,-0.6173863636448922,0.9202429936228627,-0.5251246467055272,0.9480209199055892,-0.505543225899561,0.7650327154862075,-0.7905671670403338,0.897081628433328,-0.7226750093188645,0.9632129179013716,0.8324309043737567,1.102559049852201,0.905060819401864,0.8268558313143983,1.6732749414173012,0.873113560650428,1.321275485415538,0.8139705021034683,1.6352150391858717,0.8615880988505779,1.2994974668194927,0.7975137350860074,1.6114870751004047,0.835816933099727,1.3625694939536008,0.7940893097674697,1.6356063157462237,0.8123405314137911,1.367324427230842,-1.9305320087071067,-0.5985691649154933,1.9305320087071067,0.5985691649154933,-1.115154888193389,0.8371314238726504,-0.8567581733068964,0.978948506307088,-1.1303428619354863,1.651669510438689,-1.0346570211107569,1.800706217452044,-1.108187254770854,1.6669868736444333,-0.9994464730187091,1.8203689181028389,-0.9535513449118772,1.7948986675226084,-0.8826997643593923,1.5783964874455343,0.536207614980877,0.5809153248478625,-0.4253609698094056,0.3010845017773059,-0.01217227927092641,excellent
-0.9586504805909782,0.20998482717326175,-0.959045415538778,0.2460041860563464,-0.9566381122475368,0.2415295616432737,-0.9551266966959545,0.2390490618670272,-0.9683262740817387,0.28864224598452004,-0.9734802843742377,0.31222462259176625,-0.9785801789648464,0.3374868120698999,-0.9549439555804893,0.31918936818212884,-0.9900483893898074,0.43379883366135275,-0.9552258480121522,0.22212825046544352,-0.9656680541141683,0.2834941725684982,-0.9295718357207429,0.46138424485840174,-1.001589030210719,0.535296761391864,-0.8513004429507308,-0.33452234214147936,-1.0927296591200164,-0.37481075922978846,-0.9104460151709143,-0.9862483782924302,-1.0421826541093444,-1.0615426363766605,-0.9143604970371652,-0.9935443925526877,-1.0369895256335935,-1.0565242107599426,-0.9271626104248307,-1.0060698996588562,-1.0301730277015677,-1.0574456255002898,-0.925152195626793,-1.0037331189003427,-1.0310950065437925,-1.0586898163289382,0.9602321063210535,-0.17979593642748784,-0.9602321063210535,0.17979593642748784,0.883735144341948,-0.9651283411525199,0.8656939506278771,-1.0849842170277557,0.9456329923046367,-0.8494155275312673,0.9401207620791522,-0.9073532757593459,0.9454135813214427,-0.7072928395471506,0.9430477520290479,-0.7068334159886699,0.9558347199235951,-0.9527262302534203,0.9473312436463145,-0.9587133262116303,-0.1910665106808601,-0.3890805910698635,-0.1736175754606992,-1.1073461647993106,-0.5987469536331392,good
-0.9568873338743534,0.17920490031257139,-0.9539811372344087,0.22996653097553266,-0.9509513765284997,0.22753191675650358,-0.9476298391112062,0.2263964930589758,-0.9626257150960909,0.2666055199011652,-0.9653200704940733,0.28907482890069297,-0.9677540953972287,0.31388542550760357,-0.9393506365001724,0.3022434518509548,-0.9683845841059396,0.40373110636498527,-0.9485398975095921,0.1848708577717573,-0.9598938484151358,0.23051437304506706,-0.903997655121132,0.4456218615856629,-0.9759587637916021,0.458202327054565,-0.9343527847682114,0.026490469855284457,-0.9862166856740702,-0.0331375758451755,-0.9555556199679152,-0.7347890103065264,-0.9933157888427747,-0.8397551543327073,-0.956860817682146,-0.7428961114290809,-0.9947898549278278,-0.8515047116549892,-0.9712105721901387,-0.7585104516562147,-0.9828518568055642,-0.8439648678271182,-0.9744501629463729,-0.7578001402451483,-0.9797776476617932,-0.8405384232516057,0.7985083156628192,-0.03786422763882728,-0.7985083156628192,0.03786422763882728,0.8604867223013771,-0.6221432052145646,0.8672252240902265,-0.7226450206627901,0.9364853427223577,-0.5692444972852911,0.9339453710464746,-0.6608729932355766,0.9358239235488521,-0.4331883720503995,0.9353019754352823,-0.44110082334679585,0.9424532015450856,-0.7314159540445455,0.9420489484379334,-0.8153341197158112,0.9564584587852261,0.8067255757885093,-0.5576698627240719,-0.6132886708021036,0.7882965584580376,excellent
0.009565113869294681,-0.04979084572942272,0.006662252914950468,-0.02453164498288322,0.004056952919264331,-0.022203255251851805,0.0015549247161469962,-0.020567549452537595,0.012956493114517947,-0.0314274509162276,0.014720934714443228,-0.033975860878173,0.016133233111680717,-0.040006562321569177,-0.0027092562973053324,-0.012952499562214293,0.016286323790555994,-0.06601844620243581,0.0013125393729895996,-0.06982151893542916,0.009104022616023647,-0.09076539305298534,-0.04681722650413682,0.12027367328281864,0.03599556327856926,-0.10868770360579363,0.07624003024869738,0.5430629234959053,0.2047440332462547,0.32219646046272477,0.09736743227914042,0.2268733945328589,0.18126744302033737,0.11084888166223023,0.17068608718379275,0.22569954275871582,0.20271422608114048,0.08420254380631007,0.17761143914754424,0.2214561728691696,0.1807546413267026,0.09549910777989158,0.14963026466447205,0.22379793373877124,0.17701489189392808,0.10951830918145372,-0.7638478780986109,0.8273322231399296,0.7638478780986109,-0.8273322231399296,-0.07382356327933946,0.15524121263088048,0.031365722571849886,-0.006585433766632852,-0.03773035636511202,0.22235421783803713,-0.01933277144774467,0.2112363644007389,-0.028269908148622708,0.30455241986375914,-0.03667964898007829,0.3412257982752153,-0.04277538840475861,0.07453580007025516,-0.01701593532444139,0.1947686687113707,0.4228015929522969,0.5109312350016788,-0.13128480457453706,-0.20245248320013504,0.4211112966459398,poor
-0.008669863814269815,0.9664755343295878,-0.011772828451773442,0.9279622394030005,-0.016114408304955998,0.9383922152720552,-0.020147604562687136,0.9492259343981166,0.0024232971694833415,0.8877152912135094,0.008044626688860943,0.8664798856310276,0.014468219694635904,0.8436764022761563,-0.021041955188975277,0.910086414370591,0.03152297135485986,0.79532339377903,-0.02444840061322269,0.9869299170640055,-0.009121809917008129,0.9344177831089278,-0.07388772523881054,1.1310442956002098,0.03566938306230116,0.8755469680286926,0.2549237708924244,2.1641200098207967,0.2928705607426739,2.3390400805318086,0.22136904443437547,1.0607868828278029,0.2622126416855948,0.8364022626790252,0.21545249399462071,1.0283224129868573,0.2562570110335622,0.7854147916091697,0.20111213354898144,0.990648923251293,0.2285451703965767,0.8192732408978388,0.20098751187851016,1.0027376203382286,0.23310650528799726,0.8360813691388709,-0.5100944327712164,1.6026019761049435,0.5100944327712164,-1.6026019761049435,0.04473246246368045,0.8570548047972367,0.13419632772057477,0.4370332100424419,0.047436649200359816,1.1664885036342931,0.10091902590830515,0.800739093075037,0.05007912520065289,1.2578451101910506,0.10341456250860186,0.8904516328512595,0.008800971278856,0.8965437544136093,0.04937616069302966,0.6034293672163293,0.7299687612731689,0.6284332574376134,2.8389870912476587,-0.8778043220246565,0.32727444390088806,poor
0.05322615917993443,0.04134110138664855,0.059125842973984474,0.08131884949321715,0.05830265228319006,0.09821987614891163,0.057780965904634836,0.1140072844420014,0.0615004064791078,0.03724052117720544,0.061756641536553726,0.02846612966074874,0.06193980706941752,0.02031706176827748,0.060881608447542895,0.1347191432117506,0.060168435810567224,0.021298928815972125,0.04862565133512338,0.08233959121858735,0.05312467944303947,-0.0009458133938126481,0.051219574428661895,0.2096085472709877,0.11514431235225506,-0.024894330575030973,-0.201357311990766,-0.19338016406640954,0.040170466064285495,-0.4910817549210723,-0.1405838087867319,-0.27849503009805576,0.08971506377957916,-0.2660423448414385,-0.11405175804068074,-0.33875088704729805,0.08136854898991368,-0.24042549035205343,-0.07121738628853079,-0.3351909042227761,0.07239461395718574,-0.2533525331393896,-0.06210230494098324,-0.33255536682764153,0.07412489767323471,-0.26233921982520064,-0.9607591101383531,0.5805322521517007,0.9607591101383531,-0.5805322521517007,-0.15266094293855798,-0.19048450717356294,-0.08463686561543395,-0.13249310477522824,-0.13637018795877556,-0.6445787215407223,-0.10046416456415463,-0.5078299850907025,-0.13611396336338477,-0.7175932923134329,-0.11036740492530214,-0.6456480141141856,-0.17490790379077303,-0.5339098081938748,-0.15504547932339433,-0.27363775073797914,-0.6645281683570202,-0.30687804058571916,1.0050712956962216,1.4065697451593897,-0.41028288402416474,good
-0.9599280340111814,0.16234764845990188,-0.9630833341980409,0.21110431923224898,-0.9618733704692686,0.20713588493746743,-0.9606726412867352,0.20528410482443252,-0.9683678401854158,0.253666412623285,-0.9728102200281662,0.27951376587549975,-0.9773327161396939,0.3080527304387377,-0.9625838008394066,0.2876536878644193,-0.9890734463608423,0.4118028131237235,-0.958261913795976,0.1672647740027331,-0.9656839544587816,0.23202213228937363,-0.9360337509202727,0.41612629121965883,-1.0069383170196435,0.5035304769237553,-0.8730837048095176,-0.34062750738137404,-1.073274811640886,-0.3578868507025638,-0.9295411587413519,-0.9910367310055056,-1.0340498736370665,-1.0591494581865801,-0.9398518115882174,-0.9892018294116759,-1.0227658513006144,-1.0501776314424558,-0.9429780812957795,-1.0086329278546275,-1.0161443027634376,-1.054675183651979,-0.9401913592456962,-1.0091006708942316,-1.0172517199657458,-1.0563663371615302,0.9052387088908583,-0.18323359102193026,-0.9052387088908583,0.18323359102193026,0.9110872103384077,-1.0013375457888225,0.8809668230784427,-1.0938914334338825,1.0156187556600105,-0.8738834768515825,0.9545214026557127,-0.9225352783898103,1.0129267689144525,-0.7136276309767099,0.954861525723732,-0.7046459221988903,1.0343023618261888,-0.9927660113209557,0.9571664318110853,-1.0168096090899248,0.05260990328274837,0.03532174870605285,0.061343947778559706,-1.199969474203391,-0.2973835204121075,good
-0.9538107132921949,0.20047542005454846,-0.9567190871317084,0.2480032893915922,-0.9546459833343068,0.24828444059627894,-0.9527087000262126,0.24917336772922313,-0.9625199450133475,0.28625403110980097,-0.9669874832481477,0.3103937667273088,-0.9728818810155171,0.3349756563161764,-0.9541220708277562,0.32597887453243224,-0.9903751732280341,0.44423172271071626,-0.951415223574161,0.20613305178176433,-0.959149117611912,0.26219923709675086,-0.9354092346515079,0.42459961435983934,-1.0066454071572615,0.49994444450517345,-0.8332262277168725,-0.198565298534352,-1.0658581393674245,-0.1875855892231872,-0.8767407697931455,-0.865754042214596,-1.042829500041121,-0.950949996620487,-0.8899964167501178,-0.8661823596373975,-1.0340362124219122,-0.9511241577846918,-0.9058987930624303,-0.8777083093012709,-1.0275260842272276,-0.9474724515093966,-0.9048937589280596,-0.8783636343625434,-1.0297021260410821,-0.9466665091941473,0.7316958469088897,-0.17370290734451063,-0.7316958469088897,0.17370290734451063,0.8835109384587891,-0.8291619909763064,0.8957373489720113,-0.9271728928819034,0.9496872603403371,-0.6600568646182032,0.9668318669294285,-0.7254930334681006,0.9516415037024271,-0.4845401352299876,0.9654262654466697,-0.5053849197792388,0.9560890161382954,-0.8056693685121981,0.9730297399157569,-0.8670873466722369,0.19823624590845976,0.41222855847182893,-0.8264026860902963,-0.8273238144617295,1.0899506699830104,poor
-0.10497436763097948,0.0354398009930469,-0.10414293754627535,0.06310638845204913,-0.10511146887044989,0.07293903970547301,-0.10597027392850017,0.08237037252145105,-0.10334668161796054,0.04336590983002942,-0.10438003447437762,0.04001144837921686,-0.10633910562563627,0.03484743589598119,-0.10857896224168191,0.10498938297449166,-0.11308840428588178,0.04605192799792419,-0.10792903412956267,0.0671094870760793,-0.10660461762615006,0.012131330144039821,-0.1426317117910487,0.22535986631801347,-0.060308302672495956,-0.012211412252771264,-0.40321256888786466,-0.04326697840692731,-0.07149903953805278,-0.3578434180424762,-0.3031487182692282,-0.37332998147215135,-0.03655095708930787,-0.35121683952234733,-0.3164689027487489,-0.4248399893925756,-0.044805871753503104,-0.3397169575230581,-0.31591691305262515,-0.4019645936750254,-0.05477508360035095,-0.3481265185602213,-0.25670561880549,-0.4225777312360237,-0.0563455471439437,-0.35307057304224293,-0.800004239864056,0.9727663203228621,0.800004239864056,-0.9727663203228621,0.01422779124398425,-0.21484743599601105,0.0937787267462474,-0.36417486950246114,0.03714852062098343,-0.5041824783441956,0.07956571248015172,-0.5258145638838053,0.038500780966647566,-0.5014949263126294,0.07133444838897618,-0.5785780010804942,0.00739903528429888,-0.4986916494246631,0.033894409928660114,-0.375189719188635,-0.5030548867679578,-0.03192771303370665,1.1768125336353488,1.1603044483989253,-0.14095711010487486,good
-0.9589674034855293,0.30167891163759675,-0.9596991391636951,0.32634075859362666,-0.9577050207440985,0.3221488802021535,-0.9562215925755689,0.31995949338696883,-0.9673411456308502,0.3703220150569802,-0.9720230883869266,0.395371866309318,-0.9768730480774694,0.4215059975530937,-0.9567069856167294,0.3947028715519723,-0.9881238001890826,0.5081229165469733,-0.9562195320839624,0.31497437887836854,-0.9654568668833153,0.37022908477810773,-0.9321359603646094,0.5046175267020466,-1.003669165056437,0.5850708568230606,-0.8699998090859107,-0.38454650450054617,-1.0869078877784843,-0.42930825070860107,-0.9259577065815388,-1.0105406712797516,-1.0410871339823784,-1.090287313442569,-0.9362243187147211,-1.0196443071041839,-1.030627140322348,-1.081829563582241,-0.9359037857370096,-1.032038901253563,-1.0223332343316418,-1.0856825842642723,-0.9343996275171196,-1.030271980871018,-1.024448448832413,-1.086849639531517,0.9235483650450704,-0.14278942620371407,-0.9235483650450704,0.14278942620371407,0.8992995288420191,-1.0129851079171213,0.8729367422714919,-1.1313630591964112,0.9726797183826542,-0.8848513353659743,0.9513036891128617,-0.9556740292101279,0.9728459069988029,-0.7445746915833674,0.9545262206010434,-0.7488729365245909,0.9846786675306368,-0.9894863178082457,0.9519676359243269,-1.0058842330058144,-0.6502520698373596,-0.9559942997178975,-0.9409629361304218,-1.041573987241968,-0.9431750971824131,good
0.8946001253434629,-1.1813789404110187,0.8837319420057332,-1.2314637884779709,0.8842823658710197,-1.2346543100988285,0.8846147150365562,-1.2332938437447565,0.8735270036034515,-1.2212902460110209,0.8648683443656482,-1.2212109632485078,0.856313127427718,-1.213516442141114,0.8749057242824992,-1.2017002355034203,0.8273835955290804,-1.1917071788906803,0.9021090191583648,-1.1509116078508732,0.8899273598263877,-1.1424061695288568,0.9415877557887347,-1.172304988468023,0.8287714554088446,-1.363688077302499,0.5005424724253914,-1.8053194143287605,0.45875005827737914,-1.959680191614338,0.32556065544718643,-0.36697057072704037,0.622370968268463,0.01401310289857468,0.3289504523722616,-0.30669182583984067,0.6270964710280497,0.05956379911289708,0.3533110967987656,-0.29817904527459627,0.6726833137959463,0.007100480960024426,0.36228174837998617,-0.2894695810826514,0.6633447386437777,-0.007144546850436883,-0.21585418413592014,-0.6568786635067678,0.21585418413592014,0.6568786635067678,-0.8100543857400996,-0.25220189222152234,-0.6917849448877673,0.020721832250946794,-0.7250176607984141,-0.6541760787519165,-0.644081560713292,-0.45314994806854364,-0.6755746790341455,-0.8997768618152865,-0.5834274349916451,-0.66851614872499,-0.7564287483146257,-0.30890686280379637,-0.72900863845507,-0.20672126114854777,-0.4997461240046191,-0.4201309158135708,1.7972126541744269,1.626306260034107,-0.6939748990186383,poor
0.7765913049374167,-0.5797179859982247,0.7785455268517373,-0.48515140431830844,0.7776954711552767,-0.44226254514887486,0.77843333696546,-0.4079489126981555,0.7809621725303286,-0.6385136275873944,0.7808052537726695,-0.6483500237569081,0.7805705095549244,-0.6676116786017087,0.8022339724313177,-0.40607265159378125,0.7883689788958252,-0.753261187175797,0.7702801873470488,-0.5173345173905892,0.7599568759190549,-0.6819644512846349,0.7327950529382079,-0.4265949388356993,0.7482690871118632,-0.6147320459197145,0.9523288973119319,1.1898401386992064,0.969883046278948,1.2313960085733437,0.8466445791089233,1.7534842543193354,0.8464109395193844,1.3533170855731458,0.8213226605604728,1.6737336572960597,0.8795265126508657,1.315721251507868,0.7828380528424094,1.6265516540257636,0.8409205973960598,1.346230753404586,0.7660510310173538,1.6686572055507967,0.7969866074070252,1.3736110309860141,-1.1297763417722502,0.5956126145596616,1.1297763417722502,-0.5956126145596616,-0.9909694048368243,0.9379940977262727,-0.7858584638806038,0.8453865220301925,-0.976099550691349,1.7491373321740724,-0.8708234806465475,1.7458503259240736,-0.9136978545887315,1.784183993311518,-0.8936149527701481,1.7722535007641542,-0.8510414024251015,1.884032674185261,-0.7501410980030092,1.6175289861025832,0.5060639191631822,0.5785888941675572,-0.8027255517702868,0.04997930632370049,0.013762032034803681,excellent
-0.791765501735686,0.17262111031938507,-0.7972290180874653,0.21585047434880103,-0.7993916215366734,0.21529655104657106,-0.8015578697866521,0.21498062947967603,-0.7965506673789062,0.24514849553836077,-0.8002098276629858,0.2604480600790662,-0.8056396670433582,0.2777066747336606,-0.8223570168238881,0.28725027201089015,-0.8226127315938312,0.36587834773773203,-0.800389865273145,0.17189534800466488,-0.8015328169512108,0.21974646639081663,-0.8030543164509507,0.4495782941928639,-0.8830880823011049,0.42810594939082225,-0.6976058629208695,0.1156045515717733,-0.8982050525513573,0.05930273447483711,-0.6410099096409763,-0.6534932864150413,-0.8857893331828123,-0.753329620781911,-0.6374990567306326,-0.6752385773223714,-0.8967783345958651,-0.7579996691717398,-0.6578844120573645,-0.654963394825213,-0.8881748507951861,-0.7507475328532607,-0.6663906886764341,-0.6454157042143119,-0.8838263923719893,-0.7486390100970515,0.8340793604749528,0.009381150177647516,-0.8340793604749528,-0.009381150177647516,0.8694460675124787,-0.4078730468715695,0.8170393669314897,-0.4599270074438753,0.8781289129463472,-0.4275280039501959,0.8499981925054763,-0.5118199779176225,0.8764062256175147,-0.2942000199843406,0.8485724652225036,-0.3143644439867292,0.8892127531898546,-0.6304454974301191,0.8564367413963285,-0.7063977363269005,1.0433504502728548,0.5939297820749624,-0.4463833752381949,-0.6430572247717483,0.8618232544755752,good
0.12846408290733707,-0.277993879691149,0.15768169701883436,-0.17924899105503936,0.16177523002662184,-0.15991347488467278,0.16592711421895262,-0.14114889376459272,0.15525440936712487,-0.235842406325586,0.1576832025471277,-0.25911890249787567,0.16159596203850576,-0.28138551869579687,0.18954469639980998,-0.12984578489559984,0.19528054308030499,-0.29593795232841863,0.12707490961651285,-0.28799780917919976,0.12400475398331716,-0.34909252704801336,0.2075473486250954,-0.10313865832072892,0.12211126126010977,-0.313202776566214,0.3953042427853754,0.4539746814708907,0.310919987861777,0.6476555789048918,0.250743179022844,0.31602641082243155,0.24804460426571776,0.38243442364724745,0.22125042182272261,0.43034742856678415,0.2341822661283263,0.37114093899266665,0.21415918820889515,0.4035951591275064,0.22697131986115218,0.37880385884483136,0.21550202763280382,0.3718519319771252,0.2191074917172306,0.39218234658768875,0.10513631863256165,0.36695062076248525,-0.10513631863256165,-0.36695062076248525,-0.358126450641301,0.19089161999167956,-0.21076030509615684,0.23422426004821256,-0.4175805000228522,0.6772916376258221,-0.3406623225897772,0.7649668618115655,-0.38507397269754934,0.7146173658784016,-0.31068861109761486,0.8487272100978678,-0.2842800937500935,0.7775106358079783,-0.22664169481771504,0.6171016540964723,0.5655880019556419,0.6237789991965561,-0.23775470291346,-0.08861645418765188,-0.28078303535777044,excellent
-0.9607451509200888,0.3359209245241722,-0.9615262505599196,0.3600430802679193,-0.9591131120851504,0.35660441900732653,-0.9572277623407853,0.35505659895687247,-0.969725158153984,0.3998205592464164,-0.9741552965856102,0.4233628160197032,-0.9788168159255496,0.44811362502622276,-0.9566050384249427,0.4264068719510744,-0.9910112229853398,0.5328605969011883,-0.9572098963977314,0.3544218343828566,-0.9670876247535468,0.4038767838782884,-0.9335373251654041,0.5361625854484157,-1.0048327996433193,0.6172503466484576,-0.8594737106770293,-0.37913669062951005,-1.0895034321886816,-0.4204540191227084,-0.9217564342022447,-1.0059338265382793,-1.038732570527246,-1.0836421763145534,-0.9303500237842172,-1.0171942876835165,-1.0322650648770983,-1.0779053195680295,-0.9340367413701618,-1.028709919754786,-1.0243740271391006,-1.0813328486077742,-0.9311275168129919,-1.0268702019301608,-1.024757621859205,-1.0824747458589452,0.9575885364632117,-0.170639868087258,-0.9575885364632117,0.170639868087258,0.9871557599460203,-1.0478673791805329,0.8699653006859197,-1.1403407304886366,1.0447479647851876,-0.9250573791335375,0.9398782971012106,-0.9129748634466137,1.0393348602968342,-0.7710755285363403,0.9429060859617369,-0.6847844732346507,1.0677246824689606,-1.0420381051825718,0.9381475314099212,-0.9815058502867278,-1.093601709361557,-1.3128222587221055,0.4137895036808886,-1.1476042654562832,-1.0908735390840207,good
-0.5679895325273758,0.16733294352855463,-0.5782130846886092,0.21419719459563974,-0.582276798247278,0.21035955724780378,-0.5863240690392892,0.20706502272725483,-0.5706140896223981,0.23138792799490332,-0.569608415152637,0.24685724939332546,-0.5692968508765227,0.26216653797379114,-0.6035336869344486,0.26582181979567904,-0.582118498291679,0.32815830565893833,-0.5771959423517986,0.16431413300993003,-0.5714600275755362,0.19212476850907648,-0.6163846684599187,0.5464920782189746,-0.6249199479489066,0.3362159851454512,-0.5246826874997781,0.4166992239576235,-0.5612787919830361,0.22679928532164925,-0.420635912793935,-0.4124417640430315,-0.4316934111340997,-0.546833719757554,-0.40983186113343956,-0.4172919107463474,-0.42507722243078844,-0.5489867654161021,-0.41859916108948125,-0.4295466007967545,-0.44094336681728535,-0.5517565119442612,-0.4245861297179659,-0.42639425888018023,-0.4426422286590389,-0.5447471371930506,0.9221952552410204,0.4258884969715937,-0.9221952552410204,-0.4258884969715937,1.0359153111974615,0.06981921404376829,0.9970415859813092,-0.042654722617163666,0.7783316558091209,-0.020317104445197586,0.7801568787077149,-0.1550483125218794,0.7585259203963366,0.03157597267983018,0.75426901738344,-0.05426609382627716,0.7388341131942291,-0.20781973027370076,0.7531632533839231,-0.3353429487439299,0.5068405394883896,0.24462263152088307,0.35817595899102034,-0.24135531923746262,0.3440634191694477,good
-0.9706577250810583,0.3265393476688306,-0.970420259717035,0.35186873764009247,-0.9687820007729975,0.3473938904632957,-0.9642836512230228,0.34626629469308823,-0.9792662012942974,0.3981051919895783,-0.9833716949592347,0.42174413373853975,-0.989918940214748,0.4431277943591711,-0.9631448857717327,0.39389711959964097,-0.9998380287663833,0.5026558749962375,-0.9623912059711016,0.293920018358624,-0.9741609274780442,0.3525539218192425,-0.9328497685975959,0.44610845970058033,-1.0044471488754918,0.5161962076055421,-0.8598872904909017,-0.06159734667809828,-1.0546296740824999,-0.05513875325584564,-0.8773710567913108,-0.7725769409103825,-1.045565150523886,-0.8683335826041746,-0.8871201562208962,-0.7767024370719382,-1.036619416861948,-0.8754776430022891,-0.9043561244896285,-0.7857861413152848,-1.0311382301722898,-0.8672544095664595,-0.9029889676307177,-0.7858954871070603,-1.0330729381461703,-0.8648516494547575,0.6577864172806631,-0.23399178806688076,-0.6577864172806631,0.23399178806688076,0.8765642689410499,-0.7350759635609151,0.8964472144749281,-0.8402847682700972,0.9506474640054972,-0.5162944886131958,0.9681801836107018,-0.6016015611928891,0.9453546711452082,-0.35607582958955714,0.9679618246313768,-0.37560123820984154,0.9574672009364185,-0.7219544895484707,0.9762175804228611,-0.7801289117203696,0.5304217832075439,0.5923341123751303,-0.9181865389697449,-0.9641553675844157,1.5600407574207134,poor
1.5547945734925246,-1.8510343306456483,1.5380965118356877,-1.8292673567032405,1.540058562468163,-1.8189152302676304,1.541355236730555,-1.8104712195673924,1.5266820353462007,-1.8542712396713779,1.5226598261796425,-1.8535571286574068,1.519506807940167,-1.8496571576408523,1.5207979586817821,-1.7492962929014622,1.5084773346772067,-1.8000091794367128,1.5716342005439106,-1.8404949684439986,1.5547091111566198,-1.8895420161912462,1.5438292617512372,-1.5751526178827115,1.500324934002272,-1.6717198480237319,1.8471682588279403,0.20737923764622088,1.6415283366584013,0.2883317120992964,1.8789250984091592,1.8652688256547265,1.5428603096630902,1.6407343640140637,1.994455898797996,1.95582431918429,1.5390048353808272,1.6643106481221348,1.9301955444292065,1.9472193970470995,1.545037037573553,1.6975210588733882,1.8968431421972767,1.9245999038576675,1.5452816965745297,1.6990764141339494,-1.039920729492547,-0.6058553184501363,1.039920729492547,0.6058553184501363,-1.4717308992581295,1.1450183183289353,-1.4857963664382667,1.4241195203833348,-1.3180331198335784,1.4190797598097613,-1.6164174472163935,1.895174257772732,-1.6635167547346918,1.6922922815042154,-1.6950611328368521,1.699853690622244,-1.5851075886466561,1.9125476929187009,-1.5303296788246155,2.1644462042502033,0.3019139998754546,0.40769905589117916,0.3502077140474869,0.37444933821148846,0.39479915832427664,good
1.5504394373140593,0.11236699351779943,1.5671306785693804,-0.02630801055751553,1.566849159507836,-0.030857374015010423,1.567898773948346,-0.03679574876079266,1.5771581637650207,-0.08500900230094575,1.584551794075745,-0.12729579290760043,1.5940700333112847,-0.17569744210849295,1.5876664908499143,-0.1737304921456684,1.6083382993793307,-0.3545308284896018,1.542003889591357,0.11694864237015039,1.5557964748869222,0.017649165158989986,1.6902564066393007,-0.8372719903517051,1.672540070352933,-0.5588351965545245,1.384355743216937,-2.5447270057305276,1.3220204402785807,-3.164914438671945,1.4442120283783217,-0.4396152939488384,1.4461484524865205,0.17209426141011847,1.514769291522692,-0.41314835638419617,1.4230575913594004,0.3090642315295681,1.4721988244057045,-0.3064097605812787,1.4376188404607968,0.23106425323277274,1.494499537664574,-0.29896953413764804,1.4437149012814225,0.18403779530400768,-0.41820572090323416,-2.2930523476378064,0.41820572090323416,2.2930523476378064,-1.6802540424293217,-0.49493550585284435,-1.6475438703511305,0.38984624628760806,-1.7295788647419643,-1.731598011529723,-1.727331434495167,-1.1082033754571767,-1.7498638327366698,-2.3131597177928107,-1.7157475975422416,-1.8562018007382495,-1.7805761100487427,-0.8328448787128048,-1.8944608381024242,-0.3166198096089192,-1.6042056819372117,-1.8430266750777795,1.5633784081030708,1.5182190636191921,-1.3195144099028804,good
1.4599203128997627,-0.7151874606508354,1.4352420955382377,-0.8059526546919703,1.433021446276313,-0.8067912638326349,1.4301466293130343,-0.8113423540924224,1.4396409500069576,-0.8175062068927532,1.4432379607498915,-0.8205836718840692,1.4482709597728198,-0.8238134333124864,1.4140488206543769,-0.8423576160202156,1.4509852294710397,-0.8318866559155981,1.4637213801751334,-0.670109991598387,1.4719560327646843,-0.6818280952709378,1.416138428856086,-0.6651242515122111,1.4634560857155263,-0.540878501801459,2.130701930432721,1.8786703938701814,1.7288895782299538,2.2180534304931343,2.0953145803289748,2.54764463782439,1.624960205456805,2.271694571445313,2.114971619467773,2.563679276391405,1.6100218360183036,2.219207825231426,2.0418629211560932,2.560963722698524,1.5914849682901684,2.230196655365715,2.0234866453137745,2.5711757792272762,1.5914259279594496,2.256852255583857,-1.1401381553147525,-1.005441673128625,1.1401381553147525,1.005441673128625,-1.011244661944394,1.5015177398934643,-1.0024007674765432,1.9446568834205091,-0.9292501522956796,2.069141339204488,-1.2656539123728452,2.1353865276697976,-1.2121906885630376,2.1121530023883945,-1.3185228427989466,1.9148575433619544,-1.1733379548483116,2.002686390920021,-1.2153076619578942,2.174368514290637,0.558274796330559,0.46508522458064655,-0.4410091833237827,-0.05799398277326789,0.6769991624698162,good
-0.13957594792674954,0.22742108192087981,-0.15082070905673145,0.24108093282566925,-0.15504595236731666,0.24362395427443845,-0.1593244843859416,0.2468367315124822,-0.1406599401892484,0.24037852743355842,-0.1378079683989718,0.24325346842940587,-0.1351034783453892,0.24700323963654103,-0.17356806664943242,0.24427717767201954,-0.136543174643182,0.257259465881745,-0.14719674465056873,0.2275478948208498,-0.13712975328909757,0.23766622187071115,-0.2136241479563605,0.5465521795404408,-0.15964384212522928,0.29060258975743075,-0.06011600935564795,0.9829621696930012,-0.012934314169380822,0.9020641426935648,-0.04575147497897755,0.32030643712550233,0.016176384265321073,0.1576239497268614,-0.007800922243686875,0.30476457893037484,0.018953450990155954,0.12213992301304621,-0.01903976013704927,0.27434791866297364,-0.009344786767065329,0.11787911444922569,-0.03572300451558627,0.26694528808797435,-0.01654582566267882,0.1316822574028252,1.322651731098692,1.4059673615772659,-1.322651731098692,-1.4059673615772659,1.0657469142366311,1.0558865980076706,0.23647698102768486,0.5827434883204603,0.630902697025614,1.0955832888943984,0.17500178916308642,0.5466167382741215,0.6088220877088093,1.0895230032969654,0.20156354428243323,0.757980116533541,0.5042593702147603,0.6295034266543037,0.05830843704553316,0.25650424713913483,0.5379689550429735,0.4855697995038641,1.2924444828766786,-0.6455465258527147,0.4117853884775221,good
1.55670628460565,-0.7855585353253418,1.5665518092944457,-0.8080706281464556,1.5662073952373183,-0.8014166427567121,1.5662930539726714,-0.7952736523741253,1.571503473155615,-0.8650936575472756,1.5738662633402976,-0.8990932552270344,1.5762540386661115,-0.9376800852204374,1.5787670357460883,-0.866497536497063,1.5870153774586264,-1.0928599707194453,1.5575453998699116,-0.7995957421048728,1.5565396831859306,-0.8596964987288395,1.5807426715678556,-1.4257859533776354,1.6042889651395231,-1.242463601227052,1.4202533827562598,-1.8663235834132255,1.5384934072748213,-1.9500952480603198,1.6590706211944108,0.5055948993713079,1.6162297621844262,0.6802321247005491,1.5848365973621492,0.43113244320352745,1.5896213409118134,0.7045358802340387,1.5720329657056724,0.45550495259759644,1.5973072746905441,0.6749163947089798,1.601129399729854,0.5064608392777848,1.6032662718212483,0.6707191663604557,-0.7131610451818032,-1.9843684717727264,0.7131610451818032,1.9843684717727264,-1.5542036832120516,-0.18557267603078864,-1.5951662981852557,0.556987526842268,-1.57684597558249,-0.6094564643146274,-1.6852030610341093,-0.2883516802939685,-1.5773372629836713,-1.0252798542919583,-1.682682486376124,-1.0183253730245463,-1.6996250887029023,-0.18868780892516912,-1.8420282560072292,0.27483555201015303,-0.6630447925132401,-0.44978838800554216,1.5944077198571909,0.7274837609934903,-0.52703202953865,good
0.47096219953132734,-0.15526647278827993,0.48091501218767746,-0.12216381868817726,0.48024575252870566,-0.1035845925024611,0.4793476843118979,-0.08380877242148514,0.48242158851626826,-0.18143689136603292,0.4815642884700003,-0.2103293883593909,0.47924977795334384,-0.24281729224176193,0.49246204653965836,-0.040656910966483724,0.49271004657842915,-0.26569611466250503,0.46656752497944437,-0.09563765724785014,0.47282545969987777,-0.1679396316468393,0.5047682968759712,-0.18202595993937784,0.5667811927140681,-0.36668816381958413,0.16417656455751295,-0.7438011496449076,0.47846489144030874,-1.303010375968726,0.20598817400289696,-0.359504946691495,0.5765573526146621,-0.11815496795259285,0.14952372154869206,-0.3749871668143615,0.5677399209427486,-0.07432851032232461,0.2369787276277902,-0.3484620909468688,0.5610818091474188,-0.09104725641543751,0.28642017804743597,-0.3522757868007255,0.5607160849541138,-0.09806532858168734,-0.8149575486610356,-0.4834136615600296,0.8149575486610356,0.4834136615600296,-0.5591959722947681,-0.36299811245378416,-0.5006185661757848,-0.1598906689273162,-0.5716288047263753,-0.7132882073219454,-0.5533020990601534,-0.3708265596798307,-0.5808487638755562,-0.8705579284864775,-0.5625071122775325,-0.5413875455572006,-0.6002966928160163,-0.3808300355676018,-0.6177296049475227,-0.1177255437282878,-0.8529354214410091,-0.6828217425090489,1.2225747355629333,1.37638895518194,-0.7349557093457292,good
-0.07586326731452393,0.12117584598709881,-0.08638661749870925,0.0937215682056276,-0.09116577529883783,0.08653872836348214,-0.09574854187001415,0.08034053140017915,-0.07615954353442683,0.11368439500717882,-0.07364775742356915,0.12134873393222695,-0.07119910037280634,0.1294076097111282,-0.11678969787033355,0.08311741779552942,-0.08418407271779951,0.12816415886827057,-0.08222072937750995,0.12069971025906938,-0.07094103188154323,0.13363551736709262,-0.15780143234221855,0.4503475908792677,-0.17497948990125797,0.20991579446448713,0.09827257139827424,1.0649370307017374,0.05750559251154166,1.195859907727207,0.16524670114658854,0.44349274348150186,0.13536165806302636,0.2937132464082745,0.20576422769428315,0.4711199966788618,0.14145802209646993,0.25113796879840106,0.17720467697798956,0.44191257177777177,0.11092807457603443,0.24059959977729198,0.16534402957137015,0.43423714281575654,0.10384677783987835,0.25952507726531154,1.6429484719880345,1.1822632218633182,-1.6429484719880345,-1.1822632218633182,1.07072125958494,1.3463825789371835,0.6587884535848577,1.2890804060591152,0.5709754445084129,1.177891056364492,0.3627330812031873,0.6442086512223103,0.5482142455121595,1.092214685597866,0.3478959056100926,0.5177761963645863,0.453252980155898,0.773083257895884,0.25660373245534973,0.3917238972627425,0.5852814630613424,0.5622052467088577,1.1494931327883549,-0.9495806550453042,0.32792128654092423,good
-0.9392517396537526,0.20540752309798505,-0.9422536894766833,0.2580207024193932,-0.9416011028447361,0.2534313139832995,-0.9373626940085052,0.25280836650318145,-0.9492123383620634,0.31137343829171665,-0.9533165827227861,0.33310436288342643,-0.9583856265501676,0.3548583496064996,-0.9294905313974694,0.2957582604686495,-0.9684514342290224,0.395525992253538,-0.9329716345452266,0.1555736477269467,-0.9413457317288937,0.22439784315587974,-0.8948175410565812,0.32839554885794797,-0.971116775954768,0.3838863054269576,-0.8875054727557409,-0.23933556556735525,-0.9974098216991975,-0.2807424973602013,-0.8794238412160567,-0.8644757456198104,-1.0324593419232406,-0.945969374229444,-0.8816933341973687,-0.8556869730014123,-1.0320914852753553,-0.9370908508445249,-0.8912633734312458,-0.8573750287762293,-1.0175436718052762,-0.9258913827561577,-0.8915708745413518,-0.8605376694695366,-1.0184410525534044,-0.9282624310704832,0.9109914866983471,-0.10479651063790305,-0.9109914866983471,0.10479651063790305,0.8599111595570711,-0.6895630696688416,0.8768402394247362,-0.79857867940444,0.9307370514293979,-0.6199096684193621,0.9518286775488415,-0.7000647702115258,0.934774172294796,-0.4947396424891539,0.955308339394473,-0.47544102592066156,0.9372874354147886,-0.7873577394833319,0.9520841584221889,-0.8352875072771063,0.9690343224285799,0.8239162973683908,-0.5661612592495565,-0.5093439813378027,1.264927492875768,good
0.49477806675458763,-0.7475212837585666,0.4783615634827685,-0.7146011393534817,0.47530283230793063,-0.7109577311479381,0.4717723789010036,-0.7080102046632952,0.4826416162287269,-0.7158779973282564,0.48285059802095176,-0.7138738457946913,0.4823234658644223,-0.7136178194103102,0.4503336300614933,-0.697097046221711,0.4764804812424608,-0.7016689324589515,0.49612295800555567,-0.7630501498633674,0.5014182739068715,-0.765308439948713,0.41322637113667565,-0.5848261621063986,0.5050244758324197,-0.7373678811264074,0.539001267272145,0.01295580952223211,0.6549724335624418,-0.20066903978740172,0.6642002435765859,0.5330078280185401,0.6529006345742002,0.3925787856995938,0.6368953930366842,0.527756534765594,0.622473074371861,0.3940286500655444,0.6204255643905852,0.533724072016527,0.6105116929375612,0.4144896144724254,0.6254247077815605,0.5508333300201691,0.611206307238852,0.4186047412512465,-1.1603072133176842,0.1445398548834007,1.1603072133176842,-0.1445398548834007,-0.564217283330179,0.2768198660128717,-0.4692734381495049,0.240787984345725,-0.6529767277551529,0.638276662285,-0.5984804928657218,0.792426076455688,-0.6732625623324505,0.6509328606812768,-0.6452874590153727,0.7885894717854888,-0.6679559219174771,0.6522320977130305,-0.5728322344590716,0.8467503403938426,0.22884695998753588,0.3698512883634644,0.6962985189556793,-0.026854666589699608,0.4719660560417177,good
1.588946555509534,0.6459449878661765,1.6368294770264777,0.530041026104025,1.6378263131581174,0.5301326476580219,1.6406833151192266,0.5263538296572129,1.6588529127448315,0.4370763326160665,1.6758621104383278,0.37315719061214647,1.6964689371427075,0.30220923781131714,1.692651952465982,0.28095687763966665,1.7679988948894287,-0.043300420738070396,1.5627573916657411,0.645073408533308,1.5838408009029925,0.4845107094678334,1.6976691672155697,-0.19178677444446066,1.7071989224325919,-0.08062498775014888,1.091243133216566,0.04058322937562032,1.0320897347896127,0.06773470556945199,1.2340290936751646,1.1067430078447849,1.2593113309528574,1.3400134248001807,1.1758347383303793,1.0886437843653698,1.2771953537266023,1.3765346832367606,1.2416281395268858,1.0800730489095338,1.3241643882698226,1.34323723233232,1.2555189173185437,1.057720205955695,1.336788462507499,1.3132017044542543,-1.2943012076322773,-0.7327100234481061,1.2943012076322773,0.7327100234481061,-1.843951593854117,0.6347466067135006,-1.737250379213793,1.284772422201186,-1.8776197943692332,0.8662891572327222,-1.9039809694617653,1.493402253090165,-1.8334430990075083,0.44442879840020744,-1.812387320643275,0.8547639010424587,-1.708817021915081,2.041361799893442,-1.7071862906840098,2.0234273942057444,-0.8699829318281588,-0.8668187834879393,-0.8999572588096636,1.320193903448785,-1.2213715143986748,excellent
-0.9379225450717051,0.2051756837577478,-0.9408628705369912,0.262200105121424,-0.9383411864385984,0.2566241905889391,-0.9354798566450334,0.25079249834627443,-0.9484991169400133,0.3053108644812052,-0.9522470495147372,0.32747714038903136,-0.9571628272555639,0.3497956851355991,-0.9293473955409195,0.27426416569628514,-0.9672804038848402,0.3997284701491795,-0.9315405928801279,0.16154900096946934,-0.9397855409848347,0.23035060318245126,-0.8915251641347195,0.33588754151681555,-0.9685571069461807,0.40092581100877406,-0.8771297124805738,-0.23560716720888056,-0.9903295091410235,-0.2645287431840324,-0.8729133180519613,-0.878819950987845,-1.021166131856276,-0.9416062527895579,-0.8696898676649207,-0.8643639150851812,-1.0201256034141388,-0.9290253384306355,-0.8778070574201531,-0.8640382516692455,-1.0079690565097632,-0.9205126101760688,-0.8777200364374431,-0.8658981886590876,-1.0085398440561126,-0.9242415837395198,0.8839305606257952,-0.08786757988915647,-0.8839305606257952,0.08786757988915647,0.8598539455256141,-0.6956114966908292,0.8565840633134435,-0.7836704200649183,0.926928441924936,-0.5864177500965548,0.9374112437198291,-0.6581281045764915,0.9303752414497704,-0.4137302023454524,0.9418567046141472,-0.41047288115116837,0.9290860505587245,-0.7268488016534856,0.9384610811089029,-0.8140270680491551,0.9372210400869013,0.8138293348355563,-0.370623161128599,-0.6300915499585906,1.1962670439878842,good
0.7238237168667412,-1.3425091773031923,0.7192724609566992,-1.3546764646803022,0.72502616607053,-1.3460436688095017,0.73073607376316,-1.3345881871715692,0.6943172461042898,-1.362636924535347,0.6774277658354619,-1.3662008473535796,0.6569163787651292,-1.357826364799563,0.7392514711966369,-1.2686683838424675,0.6280551682222637,-1.2795010032201592,0.7444147472759317,-1.289102149266895,0.7144309873972994,-1.301990181094074,0.8061690233216536,-1.0876467992374037,0.6678834448520231,-1.273406981674407,0.5057363308110708,-1.4140408711928116,0.48813412195481926,-1.4611525124591467,0.3146321341747342,-0.1591176201483407,0.6005941380645902,0.1718404902668936,0.3032926299930104,-0.09639144188157926,0.6144115712324731,0.18573220375985972,0.3340369723280882,-0.05222741679193495,0.6333499514802123,0.16209510395849913,0.34836940534431504,-0.08627088112851773,0.6271911200739836,0.15736072993372346,-0.2443219565784072,-0.35000254323450164,0.2443219565784072,0.35000254323450164,-0.7395039850044106,0.014449042308272188,-0.6236821968567577,0.2226125261680444,-0.5165195360900097,-0.5364442498175811,-0.45111153190457565,-0.35469889353110085,-0.5632861514536365,-0.6207506505469075,-0.5850104031139093,-0.5950306230840007,-0.6710895385716814,-0.4384522558777654,-0.6364961545586457,-0.26509615073864506,-0.2333006357651521,-0.09562137127821428,1.665261085225702,1.2977154178276948,-0.423399263171592,poor
0.0013077123391367293,0.18785237852609593,-0.010612279627771629,0.20481001331119553,-0.014852392668983477,0.21737329472241732,-0.01925213853932047,0.23094838791856814,-0.0008665791832935026,0.18185089825588804,0.001934515279504134,0.17980655936202003,0.00526166275606948,0.18059904821744677,-0.027561935246238525,0.24399485099023263,0.010363085507815985,0.19929920423670286,-0.003638772127430908,0.20787192359789516,0.006470098088945066,0.18672829374139935,-0.07507253236169811,0.4541889123494844,-0.002056207822540048,0.20795108628815193,0.20651103948308808,1.1231282676721126,0.2435992795944867,1.046870765892391,0.14061165200497494,0.5062511398698087,0.1793587435409433,0.34264270740191805,0.1557114866654342,0.49561749572293573,0.17472733416632746,0.3226995427101083,0.15014848706710657,0.4917780717486205,0.151823839194038,0.3401651303360894,0.13516522108037976,0.49299925479763923,0.149702096447772,0.34930870143904447,-0.38305027993805857,0.6328648643374701,0.38305027993805857,-0.6328648643374701,-0.009044263083072651,0.11804728545058792,0.06870723486896728,0.15463613522863462,-0.01050353325678509,0.5389399211943029,0.05483108168749762,0.5116739461931126,-0.01650503101219761,0.6580316401715364,0.04087006411292849,0.6725375025969345,-0.020586649644662457,0.42798983806233626,0.044614357871733505,0.4608367769356919,0.7404515224527372,0.6859647422351816,-0.21615994975612007,-0.5406735304911381,0.5105167120850973,good
0.3638286845709426,0.4525057849834003,0.36539940317176434,0.35956890791059465,0.36181455307679794,0.34488170391223694,0.35926455691520104,0.3277784798719021,0.38200761858770294,0.3639519490614399,0.3915162840293122,0.35764752522985455,0.40267689014688013,0.35048910210895357,0.3589935106892887,0.25236756924295445,0.42211546967868396,0.2597512408180248,0.35521360381708017,0.43954360378011703,0.37857400702625055,0.4321293332980733,0.27471055948791817,0.2829591946775927,0.4588851122187749,0.2379405920554474,-0.058925455964518286,0.3885078807049425,0.28917043884022575,0.3895569169914689,-0.07087095689105001,0.48332191629612326,0.2188468189101878,0.4630622503461902,-0.041120588107272385,0.4052901252150076,0.22388626036903397,0.4471970117048431,-0.009174386775972685,0.3685782631691392,0.22240473385319687,0.4407326601783767,-0.01807359278987998,0.4015611135530738,0.22531953129205412,0.44121844457411746,-1.530491258487966,0.14217060519769983,1.530491258487966,-0.14217060519769983,-0.513180432686637,0.30101818035552874,-0.3591310631222781,0.2980894956024451,-0.5336176552441539,0.6241782026419674,-0.4821607666110074,0.7885430539046685,-0.5191478099298206,0.5573921055896357,-0.47110501940692884,0.7052248803230902,-0.45883959483282527,0.9444935223191412,-0.3970586439522092,0.8028359663798317,-0.3648003895638605,-0.20561039498550215,-0.5652000726459718,1.3903871572138953,-0.7793308375067463,excellent
-0.11175993422387312,0.8263330435298036,-0.10936352101304446,0.772319615578655,-0.11247506011902318,0.757337588202839,-0.11500030021458453,0.7421584693388238,-0.09287434275835886,0.7906924394851121,-0.08380689438822934,0.7902340711712013,-0.07363599300929907,0.7911296479182784,-0.111625885524038,0.6834712599599553,-0.05064425480300185,0.7569970860426058,-0.11837221714757158,0.7959016706820142,-0.09749787221567596,0.8203015861627839,-0.1353364869791262,0.3791734528531229,-0.005781954199081571,0.744496482982971,-0.3911267181904647,-0.7234605839116667,-0.12926028620572952,-0.4359736925196079,-0.393245841013094,-0.7617189087397096,-0.15993097843956666,-0.5284536916216416,-0.37696628105441055,-0.7457574109466777,-0.16325434725251362,-0.5352138803137138,-0.35085764004690273,-0.7362796755588938,-0.16208877180856515,-0.5628512894476047,-0.34672661505615193,-0.7271850434617789,-0.16005812957070337,-0.5663293615468378,-0.5601336742398813,-1.1586932762154056,0.5601336742398813,1.1586932762154056,-0.030753019188362297,-0.9043948204843146,0.07201920367785226,-0.5776977631713192,0.006479768960315748,-0.640396390243297,0.04423204121698213,-0.49126710373009913,0.0238921819232893,-0.6871992034445846,0.07556645615265709,-0.4903459701442929,0.057232321236756055,-0.3904147184700411,0.11680254678445674,-0.3501206361311134,-1.604770301522452,-1.7352995179736963,-0.5939240066412703,1.5634743635512316,-1.753301157583156,excellent
-0.9738794974432845,0.3243000083079906,-0.9734270106656473,0.372798680884841,-0.9703977174091017,0.3698120316785179,-0.9676570536848361,0.3663203507076041,-0.9829127357419312,0.4133798342561177,-0.9864745642187246,0.43438015283418807,-0.990574577710632,0.4525519484272716,-0.9652420908648923,0.39684108160072096,-0.9961835306624353,0.4919276850712509,-0.9662913315443347,0.28586685290517716,-0.97750807762104,0.3550749651223357,-0.9318460336467024,0.4531907342914517,-1.0035636056543362,0.5268659473378937,-0.9336669742396813,-0.035562463939390936,-1.0199428639148331,-0.03841095818591495,-0.8900411527551889,-0.7672291261254219,-1.0400135675447177,-0.86102046609911,-0.9010259087330863,-0.7712793172469455,-1.0333941082188378,-0.8695381819003499,-0.9152297620832963,-0.7790777725219548,-1.0275178634420397,-0.8599006675014633,-0.913443420215378,-0.7761130908612287,-1.0291614983907773,-0.8564978458601541,0.650857688033873,-0.23895848436121875,-0.650857688033873,0.23895848436121875,0.8742327861926835,-0.7185996914735995,0.8959541918602664,-0.8112512931929352,0.9499204793797852,-0.4842358784741446,0.9696313679511794,-0.5734717995190578,0.9456951742875898,-0.31783118695652174,0.9692474857886816,-0.33584210986415847,0.9630599388959369,-0.7004355720377583,0.9783299363766887,-0.7663732734849431,1.0346466749442056,0.8719060737462546,-0.9492377370929417,-1.0488752913463744,1.6851340310637632,poor
-0.272955357634946,0.8710808498210991,-0.27051724437155683,0.8516014465717121,-0.2739797093831565,0.8431284192684227,-0.277011415439151,0.8343253033822122,-0.25512579320782647,0.8696309179951041,-0.24750217254494591,0.8741643047778904,-0.23902977036051734,0.8796980981248358,-0.2757998356041411,0.8008485339013721,-0.2175141348450398,0.8662382275254482,-0.27889827380997545,0.8498284397608736,-0.2603853476885709,0.8751105899814177,-0.3048262291559905,0.4640820582171457,-0.15742496650557983,0.8294445652803378,-0.5011162414103947,-0.8366328299936735,-0.22867918291163136,-0.5906044930201728,-0.5724478214163994,-0.9744548742217977,-0.3046389496247714,-0.7382997163064005,-0.5576735803306914,-0.9398230882356168,-0.3162722270046596,-0.7227222241175072,-0.5287407925698252,-0.9313119803686818,-0.317263824485112,-0.7465085726381123,-0.5280170955642203,-0.9284586746752318,-0.31291342754895074,-0.7615215430364652,-0.5378806828859912,-1.0214407457203847,0.5378806828859912,1.0214407457203847,0.1475762358809379,-0.9535748522386968,0.2445147179210977,-0.7030986182770421,0.1771633483174746,-0.781737399893556,0.2151935192958105,-0.6733347163103035,0.18756756331498028,-0.7588612827562318,0.23060217349922144,-0.6484792023810371,0.18945266857573803,-0.5435703124021329,0.2730183331089464,-0.5521831213608503,-1.9894580846206638,-2.1868436905388178,-0.5300521947649304,1.7718092983153375,-2.061649335973654,excellent
2.160757691077968,0.2548484220543913,2.185089585237695,0.10826525022676203,2.186836133788409,0.13564849137134516,2.188829729678274,0.16516090904915312,2.187108479444934,-0.03373487671868964,2.1881372908086156,-0.11959903307981694,2.188976935880096,-0.20687236418615426,2.2321935199261924,0.05758962356131664,2.2180443262692533,-0.4458309197061568,2.1500799513453686,0.4062026774453757,2.162799297295825,0.19745158412750574,2.4174211183798318,-0.8493136376095097,2.2982395227105488,-0.559870860156333,1.4772984534098257,-1.5925599924769769,1.7348263506616333,-1.4212571723135403,1.7372927666150717,0.6328696235868312,1.82764403863393,1.374975601780979,1.7451314250949341,0.6849024306733159,1.8855419725571159,1.4768553089186258,1.78086678351162,0.674547047019481,1.8829139804962538,1.3908922763517675,1.7639654473440138,0.6869676512133792,1.8792578532307471,1.3484084183698326,-0.07922057418693325,-2.4951684000915986,0.07922057418693325,2.4951684000915986,-2.256896330647019,0.4593400610470357,-2.2371545545131064,1.4704162919061288,-2.250476559164444,-0.35121320902424374,-2.3929404059014043,0.33168158062631964,-2.3006978925580452,-0.8084245792980235,-2.44461642177113,-0.2856103564840358,-2.2615738053605563,0.6745082868089283,-2.5026813687197262,1.3167809458709474,-1.316013419671195,-1.0449439882600104,0.18167282690291975,1.9482486342950895,-1.0661318703517164,good
-0.9027559606331541,0.2967362200057664,-0.904643045601711,0.364770109035251,-0.9044562332049014,0.32345383194906807,-0.9040137993066835,0.32216970543739054,-0.9085272736575994,0.3958343980459404,-0.9108176555382547,0.41385888195916776,-0.9135363809104032,0.42490696255234073,-0.8970370543749925,0.3669368348588422,-0.9222479098436194,0.4570871516291857,-0.900246303018843,0.2553095991999385,-0.9038331925568295,0.3039123513451957,-0.8598697273118738,0.3467558111312207,-0.9382403984865267,0.36738084598330717,-0.8607355340050338,-0.10771746896753832,-0.9355764695990582,-0.1644021116536531,-0.8406652979484138,-0.8202103851558796,-0.9412348902443459,-0.877882270107133,-0.8197625085173926,-0.8261045797577193,-0.9528472831288574,-0.8769908559742018,-0.8332920938034258,-0.816360791343562,-0.9401387169007545,-0.866716373701823,-0.847633572897091,-0.812311435717318,-0.9337890056882382,-0.8648960403032009,0.8622668160102352,0.06584840704534066,-0.8622668160102352,-0.06584840704534066,0.9309640042042222,-0.5268520774319252,0.7901448448275393,-0.6382136690458903,0.9219638335702754,-0.5722448349553496,0.8503906674576648,-0.6852193046004013,0.9199174139939602,-0.44182791496677326,0.8574682178970024,-0.48578452883658274,0.9303628117364764,-0.7725467193547272,0.8380150179129973,-0.816098438825063,1.027024086630655,0.7817441838976718,0.6437748172607921,-1.0712964358686345,1.19014783492629,poor
-1.0311280304033368,0.5116838347185285,-1.022653795986799,0.5443628496418536,-1.021736609887441,0.5372715935653936,-1.0208427731578793,0.5320384534395722,-1.034284285310094,0.5658282828689162,-1.0369448249743511,0.5811483376769201,-1.0394968417704757,0.5962339017624614,-1.0072654483798176,0.5407409264833828,-1.0397978356906974,0.6435271401905468,-1.018754325675592,0.4920235689636211,-1.0240020140905295,0.5533400815879009,-0.9707231470195689,0.5075060858757632,-1.0363360265933719,0.6051696099573012,-0.885012339578231,-0.36734982943931904,-1.0825193253048238,-0.3617836156557975,-0.9602279538573486,-0.982852312370742,-1.027855239738598,-1.057783550575435,-0.9608391093277067,-0.9886583055581297,-1.0299234889709936,-1.057770311346638,-0.9739946351342,-0.9997830659501106,-1.0184666470549801,-1.0568437447982801,-0.9766891151267137,-0.9984514903405622,-1.0160291013506988,-1.0575632341381573,0.9167306863097621,-0.16416246039711355,-0.9167306863097621,0.16416246039711355,0.9420066891265259,-0.9985968010999374,0.8997647497618417,-1.0389287905121107,0.9966111002172054,-0.8808604393838569,0.9770442348011967,-0.9013972856610014,0.9956187971173099,-0.7326805425727189,0.9751504441032055,-0.6953996504449796,1.0065612828126738,-0.9704266141442376,0.995998235030407,-0.9745316215624399,-0.9191697946535127,-0.3331308201112302,-0.042929442316387914,-0.6528873488225309,-1.164394782082151,excellent
0.0976890982134864,0.5315951361902815,0.10046803295296677,0.5170823443773531,0.09632060987543983,0.5187322248409026,0.0927336192131695,0.5174459671180037,0.11384985389636149,0.4951357048380834,0.11894941158166875,0.48089043408524856,0.12532441951848886,0.4650195326768084,0.0868677316330445,0.42268535276770924,0.1377044937749607,0.4050393462530091,0.08206281890151916,0.5364395288604765,0.09393873249543155,0.5207619905931723,0.05144808362896531,0.6077420516571195,0.12102549110046959,0.36045528787021536,0.5674100088399403,1.760240735689266,0.48967408023358194,1.5962186264950176,0.6728350789162809,0.9420366807562108,0.5698179668689114,0.662704961576171,0.6132735834032735,0.9184756436082451,0.543525353871615,0.6559719933843937,0.58049081338849,0.8730702716963064,0.5142672058048869,0.6550993792723331,0.5939878460753957,0.8718442564460118,0.518393936263111,0.6586047561123457,2.5731268432289247,1.6051637569505917,-2.5731268432289247,-1.6051637569505917,1.0075254726391807,2.0315280335767683,0.4001758985246491,1.8897958879040617,0.4802125524234826,1.4662165056331455,0.22647355450267057,1.328697837453894,0.46075395018773196,1.1608763288973287,0.2560135986658275,1.21093885984237,0.3511809681535682,0.8247628791357442,0.06188266653157481,0.8296905162519936,0.6697037185163244,0.5897686505513609,2.069435393090028,-0.4030254478699093,0.20403510970767486,poor
-0.973923509357636,0.3198944794062726,-0.9731576692279058,0.3718631163913296,-0.9701103745501953,0.3667748990657666,-0.9679230105538662,0.36272231240184244,-0.9851621915010981,0.4102274662811177,-0.9890872426595193,0.4288000765863534,-0.9932682520334358,0.44528976141519705,-0.9663512470415786,0.4036043189857394,-1.0011835194402094,0.49920289490969827,-0.9651995915533431,0.2875965860162174,-0.9794892782934966,0.35540222917638686,-0.9300520489312534,0.4600994355082322,-1.002022598161949,0.530804331142262,-0.9228170204754897,-0.015480027736135842,-1.023350184823364,-0.012063540820743995,-0.8865960206610204,-0.7584739720228615,-1.0400176836164123,-0.8542451699367509,-0.894323155260951,-0.7647318072116898,-1.0339200548506147,-0.8629108789622615,-0.9115792645930247,-0.769546876039679,-1.0289174009851483,-0.8529766179592987,-0.9108530519013704,-0.7684617299686143,-1.029929799504592,-0.8502667972565442,0.6194054494745264,-0.2272151907085447,-0.6194054494745264,0.2272151907085447,0.8752749112381895,-0.7255483524208582,0.8964543606113597,-0.8227890533369515,0.9499595672313198,-0.4836615105567324,0.9689323140585999,-0.5747894552556723,0.9446783881947504,-0.32101809153730204,0.9683470701169378,-0.34254694178915474,0.9601504254410588,-0.6947359910625295,0.9777251600774113,-0.7547035764204438,0.9839854408830008,0.8377289751103171,-0.9319800752176232,-1.0703549570162223,1.6861283107188791,poor
-0.01233626342315162,-0.06383693950830957,-0.02988576072393418,-0.03929348147174671,-0.03425333970014902,-0.039367950735916694,-0.03875121693514788,-0.037534115263319574,-0.020673399572262836,-0.034417639442469596,-0.01895258164568043,-0.034249301030393545,-0.01789976394162016,-0.037411627489683845,-0.048297566001499696,-0.028906222568149658,-0.01569137386305315,-0.04386117948606492,-0.014306269549232494,-0.104196450848337,-0.004025692498937359,-0.09502293035368667,-0.07777007184636575,0.08620163343769947,-0.005248886552465332,-0.1464851775619012,0.08343770762384128,0.5186989968229099,0.14270400477359163,0.10778447241837431,0.1099040105948043,0.24913548310997274,0.17036127703764836,0.013055036072451948,0.08226633203210562,0.21611724673130295,0.15785977895049919,0.025822252018881865,0.08780379395740559,0.20320502519973385,0.14712674521001345,0.0521294859868613,0.11102356055908674,0.2175357006878816,0.13796486314710305,0.05460198715209112,-0.31578084939149365,0.9044952904500203,0.31578084939149365,-0.9044952904500203,0.03889230368398487,0.1802248588443319,0.10776307070585438,-0.1219569088795406,0.06419140552017892,0.15298245947666075,0.05169835825766959,0.1049495297408185,0.04073983778815794,0.2935272569485272,0.022643880744430807,0.2253461358289832,0.04946498542218107,0.09465259725707646,0.07058998944794465,0.18598106449407675,0.4971737040742655,0.4232531670367147,0.06592825254751228,-0.4326576230099042,0.6265168019701959,good
0.5574481416619278,0.045433948217468545,0.5655366355384572,0.025116548778960298,0.5662905560894398,0.04937799741374161,0.5671833881016569,0.07307937906020344,0.5636108361799581,-0.04722885580447896,0.5602542088046606,-0.07583193743246139,0.5556408860000829,-0.1085159502345758,0.5737872469684456,0.0754594122609918,0.5512054534774388,-0.16069965364322886,0.5508087064169753,0.11872912258343356,0.5478815502010472,0.046250171491031215,0.549437031316954,0.1326943712461469,0.5506029073034542,-0.09748772948942118,0.7441586004892315,1.3507893517900895,0.6769092927398188,1.357316077248888,0.721440204187528,1.3016461210437533,0.6122975195426609,1.1860328049564164,0.6909182674344103,1.2485807663521362,0.624166851565401,1.1573218583361906,0.6998927994003565,1.270956709180893,0.6159855935057933,1.1680957645464165,0.6861945410866218,1.280531004833525,0.608287851022016,1.1796601683111838,0.044988812012920334,1.4955392696912002,-0.044988812012920334,-1.4955392696912002,-0.35018069209803177,0.9029260500498144,-0.3456774382151766,0.03445706917542539,-0.35542832273781516,1.171463508547159,-0.309673846966146,0.9903250291396314,-0.36728696307349507,1.227485417075645,-0.3410295087894651,1.2008261191209793,-0.3352450213389869,1.01309745961012,-0.2667801153034853,0.9688007605100686,0.3621602602521909,0.44847322552831986,-0.2520223728418021,0.26063423095128113,0.28905584934982975,poor
0.7474050605287633,-0.41930066524105497,0.7484053438593438,-0.4762351585041522,0.7432081335937204,-0.49489798635456084,0.7378248995645172,-0.5151122089177435,0.7661456077771084,-0.45714369826452,0.7752338048329823,-0.45491753680371094,0.7854360375882461,-0.45277129394700194,0.7146287387486822,-0.6446548699157486,0.794922010820588,-0.5162218007796883,0.7260086831526072,-0.4965267045805999,0.7531042078282841,-0.4784350969886647,0.5575292626650264,-0.6637923801799395,0.7162308581667215,-0.49345544648663625,0.7076250802054678,0.6388087011506381,0.9244384727358539,1.117342881115845,0.6108854284572622,1.3867792825415284,0.710465642583598,1.1591415242668321,0.584736732737308,1.2938197201692478,0.7037124960456845,1.124631184676314,0.575331398177566,1.2763008161868759,0.6669919518835905,1.16472692665092,0.5699572264729983,1.3132421166936938,0.6452640504259866,1.1757614332774609,-1.550842566949663,-0.4964747367255162,1.550842566949663,0.4964747367255162,-0.9128907889531573,0.7842321157826279,-0.7054120143407491,0.8443215628831536,-0.9401237522555115,1.636156359090443,-0.8307042024372253,1.7176863342833155,-0.8884559564381224,1.802497384005457,-0.7796460804750542,1.8327966396375561,-0.7791840301371632,1.6819374802856977,-0.7152230862141503,1.449969286219412,0.517473411359814,0.6168679838745211,-0.5916716763877404,0.24110648728079626,-0.023697322937380794,excellent
-0.9662028446085655,0.09775647685911204,-0.9675819721284454,0.15732920673511022,-0.9656301007474533,0.1559031301369225,-0.9638403078009407,0.15612114695208826,-0.9729473359679318,0.1972231073596799,-0.9763136555131439,0.2235368032709657,-0.980052706175609,0.252678707122191,-0.9629758339911336,0.24303363290320731,-0.990054169391713,0.3626585991853021,-0.9621820351489717,0.08190612719500766,-0.9713653654447307,0.15074955340231355,-0.9353651013626476,0.3699553896404359,-1.006544340600139,0.4519438008120955,-0.9084749023040095,-0.2540755359014028,-1.0662347616283043,-0.2972143215861768,-0.9264356080467195,-0.9174472909863001,-1.0375837226871796,-1.0039044491961409,-0.9290435058676091,-0.9172527553864652,-1.0269456714076894,-0.9969595540644599,-0.934098099984252,-0.9347563387032966,-1.01902932606632,-1.000417442560191,-0.9323035664389102,-0.9334207164789766,-1.0194557488464238,-0.9994429461650215,0.9647048477501304,-0.11318057095338366,-0.9647048477501304,0.11318057095338366,0.8986026288630992,-0.9205100512599189,0.8791224750958652,-1.0215683639049702,0.9715381871988776,-0.7661913975314605,0.9555473929733028,-0.8601952390245176,0.9699137056293928,-0.6055716220899494,0.9563662984752261,-0.6328387581357778,0.9781041431288791,-0.9048660763462513,0.9513836690171574,-0.9530777790569424,0.6189907589708359,0.3577021560768471,-0.8849959848363552,-1.1699986766284134,0.31031490615314417,good
-0.14209724046573924,0.9291037198949147,-0.13901340671578583,0.8634748724421741,-0.14333608013105217,0.8501937185988312,-0.14720935826599782,0.8355306906159038,-0.12488092786311737,0.8831491870401222,-0.1188630051510259,0.8830690672087396,-0.11182008787962712,0.8818704304995683,-0.1551784065222227,0.7914699103636728,-0.09967803566627806,0.860231675297998,-0.1503536530094632,0.9363521842839746,-0.13123228831766076,0.9563366083385837,-0.18712447153596012,0.5574805242754285,-0.06536227259671051,0.9253242607638252,-0.36450136232439334,-0.9573146431754028,-0.16914434584562926,-0.7524933038045931,-0.41030791965215563,-0.9645477716645852,-0.1733970267611111,-0.6997391867188884,-0.4259967985113942,-0.9345269185266236,-0.18957246426066268,-0.6764987546989759,-0.3824305270687242,-0.9298672426847551,-0.18503837534166817,-0.6932007977665431,-0.36054074770595074,-0.9247845716020695,-0.17551423155770318,-0.7037412479426884,-0.4675164686589365,-1.1236273070420917,0.4675164686589365,1.1236273070420917,0.03472662815817317,-0.9614276322530146,0.13911958888390102,-0.7171802819462066,0.07211704490533594,-0.9136639266980624,0.0863035802064068,-0.7132079282764577,0.07888894047913436,-0.9519017443576508,0.1147565052171702,-0.7128748610562115,0.10136599068101507,-0.585440500088381,0.14208179959598186,-0.5138615401114447,-2.4724592208747924,-2.574348577615501,-0.7597513445542724,1.3320379398760445,-2.273557952885645,excellent
-0.9717314691130207,0.19046696032399718,-0.9684195394155276,0.23722393076626647,-0.9645487402303391,0.2343012006833895,-0.961287380379235,0.2330477982603658,-0.9771796623273523,0.27421755128912245,-0.9792869207196151,0.2963876069812759,-0.9815702214779906,0.32066941194921805,-0.9516591338559434,0.3082747353525478,-0.9808006847358572,0.40764945107758555,-0.9614580573650173,0.1928681122018746,-0.9730580090824235,0.23857764553493702,-0.9106692240166308,0.4497128857945521,-0.9822819522841629,0.46678545556676926,-0.9421523420969125,0.05630661646960815,-0.9959865807032583,-0.005085798372718629,-0.968093349227751,-0.7151876950317,-1.0037088108210954,-0.8341135485488722,-0.968522849528773,-0.724447390472653,-1.0033090576433883,-0.839168742393995,-0.9818048098338253,-0.7404261058496459,-0.9911225371729131,-0.8333535280366374,-0.9856083393555067,-0.7397150278892444,-0.9883958760885225,-0.8316746234108049,0.8218798916347733,-0.009653449685761466,-0.8218798916347733,0.009653449685761466,0.8514520771042219,-0.5974460674758657,0.8670787445150535,-0.7009030201936174,0.9369485900722022,-0.5446569029668235,0.937857406733724,-0.6482205959923109,0.9394818312272085,-0.42216512706443216,0.9392983814257203,-0.43031581202436875,0.9430452454792176,-0.7181045641672762,0.9420515429407698,-0.8105969466623392,0.9247399431782358,0.8122811451901747,-0.5854796118560003,-0.5644352169184791,0.8172695710535026,excellent
0.11727313540441937,0.10183938752356375,0.12432566127736337,0.1299958248929477,0.12289083291746312,0.14486499856239443,0.12209702866549114,0.15979602098461995,0.1311574222128711,0.09173560667504126,0.13424176596675708,0.08111975669520112,0.13772501568168746,0.06799876403805195,0.12846362974578315,0.18951086591277316,0.14532749669784484,0.049064900042233746,0.11033668769616624,0.13487167831615646,0.1224550511480681,0.0740459557440248,0.13489114678910522,0.22430196920689716,0.20139601630461818,-0.005112573245640618,-0.15062197970039112,-0.4918630964816418,0.069421965456746,-0.8355500534093356,-0.0901270113500524,-0.42154796150946733,0.13700737217824022,-0.3805864673864992,-0.05820220285853645,-0.4805263799572947,0.1316662166166796,-0.34041573443386236,-0.012099262329516242,-0.4745955132343299,0.12330474972024164,-0.3620726411650228,-0.0031585139019646644,-0.47109968308872585,0.1252806100551632,-0.37472850926511897,-0.9555923248452327,0.07834430333951922,0.9555923248452327,-0.07834430333951922,-0.2221367125351656,-0.4455936879925559,-0.14944993925378347,-0.24908046631065522,-0.2211701078235465,-0.8954630199028167,-0.17175165958521882,-0.6990334561542344,-0.22843025715598744,-1.0098475857280724,-0.17854603364439414,-0.8564902882904636,-0.25553149538192316,-0.6829390027572008,-0.24413970452076536,-0.3977074836235477,-1.085233605925276,-0.7340625781264067,1.2313426755420676,1.6394435707038977,-0.7664611141138882,good
0.09235111544088183,0.9449145026664956,0.10116618007065983,0.9163419162679747,0.09844755977445996,0.9231639637242611,0.09625629504885577,0.9302647677312879,0.11374558359895855,0.8768860106013566,0.12015519328938191,0.8519812592090397,0.127423782918074,0.8220597625965859,0.09824752395819437,0.8803058223977402,0.14834875554144036,0.7640044642828963,0.08335532247203653,0.9736607211317005,0.09806347486280437,0.9133463518039994,0.09655244657353325,0.46444534435379947,0.20075636908828953,0.8225087323431018,-0.14848607567482816,-0.9550553611714786,0.060494798214108046,-0.7038719826848384,-0.30924611200929203,-0.8046857102473498,-0.010282914923940059,-0.45663319441427386,-0.30482829758855373,-0.7552122228620974,-0.01671172042144773,-0.44353268472535745,-0.26249362062780673,-0.7356362037652087,-0.012739989980830984,-0.4773974033668524,-0.25982615941787357,-0.7296798494493395,-0.01158435885036778,-0.4916416144778533,-0.2280856815245269,-1.3393684122567537,0.2280856815245269,1.3393684122567537,-0.22648265359272,-0.9397093206505912,-0.1172149086013979,-0.48414918736805485,-0.20051864193472838,-0.8555391433812913,-0.20331034490689281,-0.529705778523875,-0.19149261857253602,-0.9789168291675221,-0.16387648836915317,-0.7356534892623201,-0.20072292826691887,-0.3344093689649099,-0.13187325125480692,-0.2756607595970555,-1.8867406875996802,-2.088970888035139,-0.7075050451999116,1.7948092779838956,-2.0476031547681686,excellent
-0.08330410894341249,1.0282870950569838,-0.08348951093609949,1.0231434994964796,-0.08795769384310965,1.0387857249178183,-0.09217717004472716,1.0545016455880176,-0.06846415857997395,0.9711610407131287,-0.06285447496230498,0.9432682520222107,-0.057032056024562294,0.9109010575692258,-0.08346839702859514,1.0610304381854228,-0.04015411339521292,0.8593692143301805,-0.09737010068168422,1.0897956416499075,-0.0783905229263614,1.0072061970031712,-0.10205801733002483,1.147737358803089,0.02260148865652397,0.8988295240715786,-0.33887262484646274,0.5764627942434172,-0.05524780961613656,0.5325127858184283,-0.2308335065165058,-0.08155395314795132,-0.018813423191336782,0.06746021295696529,-0.27708022246002345,-0.13184764132688437,0.0023312753462040674,0.05381499117375087,-0.253591334226188,-0.15704899392881433,-0.00970441765861087,0.04599197412694797,-0.23422852363401897,-0.12797690847963727,-0.016178582124365827,0.04116154817011685,-1.2836561395571928,0.7117794015940773,1.2836561395571928,-0.7117794015940773,-0.11842713128238373,-0.06360796109850117,0.03586053086111112,-0.20807669275267165,-0.003110159288071443,-0.20498197454169853,0.07761663808677215,-0.3656132446506117,0.013823713677784294,-0.21209762331444293,0.10154440111325747,-0.3839176436893608,-0.04555726900196755,-0.20450252343603817,-0.021651315666997416,-0.3160607220095921,-1.7415478501494601,-0.8308636278099184,0.874548813662421,1.2031072540364098,-1.1755647569963181,poor
-0.3851112731601096,0.4180572974031579,-0.3781072874136898,0.4860426927418533,-0.3794712057065421,0.49751954745447774,-0.38039304075633024,0.5099237415838417,-0.36960176111809384,0.4549431202465241,-0.3651517107764025,0.44175436604936247,-0.36023767121103084,0.4281059893977573,-0.37290511464135323,0.5485082539839788,-0.33992944251916674,0.4401886424565448,-0.3974786574796556,0.4091595064119306,-0.38918983484126946,0.37360319327429875,-0.3757750826753359,0.6336261479305574,-0.35213821632143993,0.3819583766849442,-0.30683986811040076,0.7133889706565043,-0.2120172357489959,0.6197469941330569,-0.3251847901351834,-0.04733445010596872,-0.2070588000772726,-0.16189563659480088,-0.35401237650148565,-0.053946854237368974,-0.23028298894969118,-0.1742109198102313,-0.3412456127042183,-0.0667764013989942,-0.2521790403996877,-0.16897883238913386,-0.3403423836943343,-0.07110864482568134,-0.2534681598123623,-0.1639263134278535,-0.039222979273973516,1.1816523721969194,0.039222979273973516,-1.1816523721969194,0.27554515789494477,-0.0016511653294748161,0.3460903253963226,-0.36357887003432077,0.2792096065225231,0.23458754399747564,0.3493678585124409,0.07185012256511333,0.24654968199318317,0.38270421073770405,0.29593156179313634,0.24776530702380944,0.3158102271383842,0.11385278650057941,0.3816859503711251,-0.04669770320006807,0.5044059923609026,0.5565528443143964,-0.24423177134837892,-0.5570978809073754,-0.22377926204089704,excellent
0.143909412377495,0.8775954600802452,0.15501630926512805,0.7921512383528069,0.15282355505947784,0.7751832795146973,0.15117568115613667,0.756071789306093,0.17195708666724754,0.807094756507685,0.1824603189630836,0.8032105060477611,0.19430752692265796,0.7981232506958231,0.15933968908626484,0.664970477538361,0.2233338608622695,0.7233830136921074,0.13685126058995278,0.8517850202582752,0.15955196720086393,0.8681101206944005,0.1509593471258213,0.31702123717429787,0.24201575591211072,0.684824670314251,-0.14986889182777308,-0.6138176199940408,0.09322130677163942,-0.3205532495571125,-0.10087073686642746,-0.4406696472219135,0.07406113475173111,-0.2512147008648267,-0.08069079970199435,-0.45193775132374375,0.07341218075306953,-0.27525890896446525,-0.08845096540341846,-0.4635494229610309,0.06823581577660026,-0.31242518137613406,-0.06587938791555543,-0.45198128899711315,0.06938608944490897,-0.3104267826158839,-0.6321258106974273,-1.2382661496409904,0.6321258106974273,1.2382661496409904,-0.29534346367234793,-0.6688864887891046,-0.16732328966758828,-0.18647738505767714,-0.27823627281662067,-0.47225900423368256,-0.22537984936088679,-0.20961652541944417,-0.2569505523449824,-0.5037835726403485,-0.19444638187803812,-0.31666269373323924,-0.1916968527408187,0.014769480128459944,-0.12072583565801458,0.010512061210207226,-1.4071193884291773,-1.4432782182517825,-0.8098414102359235,1.3568286665634703,-1.584938112692547,excellent
-0.2635154389660003,0.13719629291706814,-0.26849149598390226,0.17007468826799402,-0.26850010128450275,0.1774165414042651,-0.2683911334330055,0.1856567865272123,-0.2705320305959029,0.16231903702013611,-0.27301705720030417,0.16173655519847593,-0.2777234959047326,0.1592397654764488,-0.2671821382260792,0.24900563688852226,-0.27414747623272956,0.20724631164928706,-0.2600507531441751,0.18517318975599392,-0.26285924861001864,0.1369003435889161,-0.26461355185620167,0.5180429549516958,-0.2112632980872158,0.26308909771666894,-0.49546994503113756,0.008412012984520887,-0.2581502090469262,-0.1898621106754857,-0.41361272633003404,-0.44290654741223534,-0.2536949013897729,-0.44351028261249237,-0.39474003252225803,-0.4806560394770856,-0.23886145708807152,-0.44859808670202267,-0.3660877071657661,-0.4934533732639483,-0.25327615930499864,-0.4601346930856914,-0.36657318576264375,-0.49250629810344837,-0.2515246842190584,-0.46179537078473254,-0.6719187790285146,0.6372932691524652,0.6719187790285146,-0.6372932691524652,0.17329462313244692,-0.4511388227767495,0.25389087995378673,-0.55005580624234,0.27123725025115614,-0.5219237588645845,0.24466048983099753,-0.44543942149233906,0.21503989985628671,-0.3304220015934115,0.2361606026722438,-0.3542318555328965,0.20309784820501295,-0.4128782103682365,0.22115717198380994,-0.3521063578159828,-0.8437564435627007,-0.15748448567479026,0.0861747750730008,1.502532398690606,-0.38467331371894864,good
-0.9625416584127243,0.1727737437397346,-0.9652942246067877,0.22088514128575182,-0.9638813560419329,0.21705638510117103,-0.9626635503564833,0.21519020978196182,-0.9706292199742647,0.26438970296450637,-0.9746442885732932,0.29103975837697527,-0.9786982499485616,0.3204383275501382,-0.9636966454903317,0.2976807401685898,-0.9891950489069836,0.4251118937572645,-0.9605622949225916,0.17738523587002308,-0.9679811419913842,0.24229910725546883,-0.9357921553373331,0.4223701263053945,-1.0066065869627006,0.5128624754263732,-0.8946767148833299,-0.3306192074952723,-1.071922287023611,-0.3582398357563034,-0.9331480028168274,-0.9826599381332614,-1.0342509577473846,-1.0646097194180248,-0.9389563890678826,-0.9854986593811268,-1.0224520383834574,-1.0541212169322969,-0.9398544232306598,-1.0022087940509068,-1.015431564077823,-1.0593664088263839,-0.9383006359522909,-1.0001156579098451,-1.0163207387075324,-1.059677116581121,0.9165473636821371,-0.16457840928588338,-0.9165473636821371,0.16457840928588338,0.909854636031112,-1.0046013435041532,0.8802669662539717,-1.1060446854680264,1.0235853696404646,-0.8743979012829031,0.9496919320132958,-0.9268716443175665,1.0217273707363885,-0.7158873609955893,0.9534765346775819,-0.7038551680853156,1.044346415483684,-0.9938497025526525,0.9457648286800472,-1.0111188137785114,0.2536993810560712,0.01090684751185545,0.141086087370424,-1.1542639691575642,-0.3055795828789977,good
-1.014000594926465,0.6082052976814348,-1.0092931363164614,0.6274953604735939,-1.004098442632188,0.627414116595903,-0.9983599480349566,0.6251504921384061,-1.0188225277287761,0.6443495984719679,-1.0215121564368155,0.6555715245710317,-1.0243143926057112,0.6678446934957639,-0.983550687731899,0.6562980565507657,-1.023476150105148,0.7087095053183338,-1.0051178611004878,0.6213008603424364,-1.0153807847748997,0.6561890607323769,-0.9582260265219977,0.6413854795825066,-1.0260106947466032,0.6842607051831867,-0.882094139698614,-0.3466712918439101,-1.0859081860824353,-0.39911803251128064,-0.9624464600099804,-1.0296934514988927,-1.0345106687527008,-1.0765379720287187,-0.9657326129710331,-1.018219151316594,-1.0300561925202731,-1.06631929546736,-0.966060175970226,-1.016973969129053,-1.0239724182682848,-1.0600497358552539,-0.9690574933401627,-1.0157092876870912,-1.0232735367028685,-1.0639486083003726,1.0111114580884548,-0.1542451178891568,-1.0111114580884548,0.1542451178891568,0.9355476170860754,-0.9641704392322787,0.8924466466709217,-1.0829553229099877,0.9793111735594814,-0.8309915475304936,0.9738357679167179,-0.9074044357012484,0.9805059410742187,-0.7309263707739805,0.9730985290005303,-0.7264130910989518,0.9910682299764093,-0.9428246309100697,0.9901278897535929,-0.9592001616818471,-2.4566561528997246,-2.228327046840608,-0.4513450736690077,-1.008016658911114,-1.7560750761862276,excellent
1.0077015915162642,0.052957999808229066,1.0153401295199795,0.04792258946644763,1.0142164834238017,0.06559902780107074,1.013049990963517,0.08340141973044903,1.0212065250954632,-0.023348517776192897,1.0241149024614342,-0.05713425784424944,1.025938591666378,-0.1007092999538199,1.030885978864563,0.08599763812781136,1.0518980702131453,-0.1738342890267329,0.99307447352734,0.12311541769531568,1.005142915434936,0.04161137437216251,1.054636475895227,-0.5745063589175148,1.1168370397023117,-0.29336926658745766,0.7058543025018301,-1.7861340221428923,0.8746396676076723,-2.0416094984954234,0.6690777135165836,-0.5297987158739073,0.9856679028934878,-0.021882322046997,0.6831572932645033,-0.4885218970637473,0.9341691825132323,0.06361310083055653,0.7095333828490518,-0.3467595352298239,0.9380058422831126,0.018729047460573252,0.7446112932979477,-0.34967727119345415,0.9501669409709993,-0.004811874335019735,-0.5685695203376063,-2.114282104540644,0.5685695203376063,2.114282104540644,-1.0478794575974066,-0.5367396871013496,-1.0238186258411597,0.09447387226102265,-1.1186811352641723,-1.2194011088575192,-1.1224785573744227,-0.5690880387863366,-1.1010312335933017,-1.599102891947477,-1.1078635301288913,-1.0991252809905017,-1.156399278332512,-0.7350496084442691,-1.1957978155091542,-0.2835398312222699,-1.2456765066348212,-1.5084126355523717,1.3058506917685184,1.6771313953497995,-1.1882824930354623,good
2.4782811710392156,-0.39393165774960914,2.5008392015408005,-0.5063249038630261,2.5053557983996355,-0.4652472024671153,2.510297333230265,-0.41792896805467755,2.4915911259749834,-0.6500346717326038,2.4885094699829224,-0.7301360293864473,2.487218554438222,-0.7999077158607041,2.5295235650104626,-0.45794743907443175,2.4862804753044636,-0.9944052724658946,2.4716247598257097,-0.16744282560735618,2.471406084679399,-0.38124694510835866,2.699654291047693,-1.0739652439632936,2.5440753615768372,-0.7793446544815198,1.9408235143168011,-2.3790565883212675,1.880321191062864,-2.5767118920799836,1.6692173892726352,0.37837581748265087,1.9762478672709747,1.0306926068754576,1.5031940959197625,0.34403085795326155,2.0518826204266527,1.1706189650168706,1.8076943306620243,0.25109181502410916,2.0803630815242187,0.9906816307733483,1.7749765132923758,0.2925520358344318,2.104943047199877,0.9297851020703601,-0.32075598550994966,-3.51353523820615,0.32075598550994966,3.51353523820615,-2.4209549631515204,-0.5109063644718985,-2.5855502865305953,0.9024974670595174,-2.239751532948291,-2.1415174255898854,-2.605307189081994,-1.0287248352636746,-2.5186199475478994,-2.827824826047318,-2.6082815649578266,-1.9432450909709995,-2.5422832933035253,-0.6804892788456831,-2.753331071821409,0.19975212096036205,-1.229856487724612,-1.3579800448063104,1.1740216030035313,2.292342494937888,-1.2278771906485053,good
-0.3051435845495867,0.7943297556071921,-0.3079912166419899,0.7536089370747863,-0.3121260066694678,0.7448466824642856,-0.31569359108930317,0.7385424045750949,-0.2933579341881985,0.781412991473067,-0.28694225160138775,0.790875136420162,-0.27961552190178207,0.801968429229267,-0.3223470415529898,0.7295870348217411,-0.26590028140747285,0.8234054432575875,-0.31170571429869665,0.7929979911636514,-0.2944727879379696,0.8333685001231032,-0.3617475345459743,0.5610359556357656,-0.21450276326973158,0.9275283517228247,-0.5479834078382844,-0.8642693051136142,-0.27815939796367445,-0.5964806355578073,-0.6230877386787367,-0.9727276518512245,-0.3400676196926595,-0.7669492041668382,-0.6106819900916319,-0.9490110736486883,-0.3520779206830558,-0.7667544648073029,-0.5817034158566371,-0.942961536034431,-0.3557520085388571,-0.7746077956037202,-0.5724484851718212,-0.9318972144544106,-0.35035817616448905,-0.778067235762178,-0.6468025751785201,-0.9433617057389172,0.6468025751785201,0.9433617057389172,0.17636262663398755,-0.9596601547841286,0.28421833027792603,-0.7877205554154654,0.20294667218877185,-0.8429019460520111,0.24371890234305768,-0.7291724400869318,0.21778276325378282,-0.8165327716939943,0.26085413324694334,-0.6901024904218308,0.2280811151156163,-0.612116261761197,0.27200903105513585,-0.5905476187164879,-2.3723809060244774,-2.4767270944818605,-0.7774481607098294,1.7220101037408742,-2.208552981621895,excellent
0.39348608140757135,-0.5732712443457574,0.38708325288508155,-0.5575697531895949,0.38825684442642294,-0.547744425368279,0.38932209870688167,-0.538447568626702,0.38116409088395814,-0.5759994275765346,0.3777270487031555,-0.5772521029091472,0.3724634520375616,-0.579662834166054,0.3792907867371387,-0.492752382156906,0.3614393506740302,-0.5609161107115517,0.4036176376139857,-0.531474327313842,0.39255033284578694,-0.5900007501848057,0.356483413947327,-0.3464250818676377,0.38304533301051397,-0.5587891918978393,0.28322917762580524,0.0202373206650994,0.4392482374126646,-0.29883652724670606,0.4206146327340541,0.1817675768679485,0.4792182691407167,0.23686700462269125,0.4167741695213468,0.19214488067087518,0.4789710439201007,0.24422514158204184,0.43645864244006793,0.20925257352303403,0.4707012805997754,0.22657881926256304,0.41842926043041134,0.19941119006356203,0.47236281636700517,0.22944237701914288,-0.3645445870043539,1.7681963445058273,0.3645445870043539,-1.7681963445058273,-0.4078395385756094,0.42158926540151886,-0.36954599870244803,0.17887512466678776,-0.32469822662356784,-0.22588589182651125,-0.45616283070188984,-0.024774696270760198,-0.3123932731116734,-0.3504218241508827,-0.49371353201604823,-0.18383212176185976,-0.3881810261526391,-0.1558591753698723,-0.4960724810930317,0.3653000373081408,-0.07146502002004398,0.21210215364196128,1.192369479516715,0.40981717299391535,0.17306962855975397,good
-0.9647783553872025,0.2101695337758524,-0.9673358896408148,0.2504372008420443,-0.9661463583848864,0.24756105315565596,-0.9650424931365784,0.2461651287508508,-0.9726087549215535,0.2919931436071625,-0.9767803395401178,0.3174234332494309,-0.9808822267865577,0.3448642655807271,-0.9656335482124878,0.32892914965200587,-0.9912892584285854,0.4446346185387717,-0.9619379051369947,0.22293917591224444,-0.9702555775065197,0.2785091266679206,-0.9397225705281014,0.44502765533269684,-1.0100422536426463,0.5338901407628135,-0.9106558615428226,-0.32333609366991906,-1.070630125054608,-0.35147733403973974,-0.942875614432145,-0.980390113280265,-1.0364258225046883,-1.0698533804279498,-0.94256734895275,-0.9846425185697095,-1.0273642433473595,-1.0607243366409154,-0.9440457859419114,-0.9998316176547557,-1.0212359949281253,-1.063622321419088,-0.9444437246002497,-0.9986993373728006,-1.0200763555467078,-1.0639055341987398,0.8691736879102333,-0.1689860816524575,-0.8691736879102333,0.1689860816524575,0.9205593230376214,-0.9822984012270023,0.8820857175796194,-1.0746839732012918,1.0489731237131996,-0.8544077884387205,0.9525622645725942,-0.8867651193641666,1.0475002292697255,-0.6891899863553564,0.9577533575073817,-0.6464081177163504,1.0727602204805464,-0.9837394549402064,0.9546325488886414,-0.987115525861558,0.2754298882128157,0.001997941927929834,0.6528641857033644,-1.1435624928684793,-0.4129786675820275,good
0.042935059552269124,0.5554458435759263,0.045383201759941635,0.5315394687486412,0.04209465122058552,0.5326593245052367,0.03927744670940826,0.5316166517051357,0.0575334715270834,0.5058258267620428,0.062072706783662925,0.4902436796361464,0.0663677587099848,0.47340673326275,0.0333137099537412,0.4804861132377403,0.07242330843634938,0.4035340711079179,0.032293131502924045,0.5472527237028582,0.04229268169050022,0.5134818525819334,0.015299350903690322,0.645701817853109,0.0684934416899753,0.39017761126141814,0.3274989621078196,1.5519722789823513,0.2711202079906044,1.2255422054326952,0.3646033895058533,0.7497443820713505,0.302197990414006,0.466818455205061,0.3874583706032742,0.750046266552566,0.293793400508439,0.47044813453265977,0.3617380392404259,0.689440768896918,0.27371717170606774,0.4679427374781835,0.35248812732955737,0.6780942597272382,0.27215173382402785,0.46965579874988084,1.3959282744911983,1.7196145103758864,-1.3959282744911983,-1.7196145103758864,0.8794355217569784,1.7366015601856946,0.36321409704036806,1.5862972291112463,0.4240003520972739,1.3300780384234214,0.2446805892035099,1.1076268886865526,0.4290032001839127,1.0970512474334082,0.2661383608919332,1.038254651007138,0.3456380375934611,0.7778270569077518,0.07627592209399632,0.6799392633376774,0.55776224532233,0.45720721206290754,2.091675409956497,-0.9266821846192695,0.21006390820548543,poor
-0.7790232340999735,0.24414800109640886,-0.7851922268951878,0.2827711311627635,-0.7886810988628848,0.27861083613109194,-0.7920309014245691,0.2761306247175173,-0.7787875575980844,0.3162526286173409,-0.778968050878038,0.33360583302179353,-0.779705863223772,0.3532226140632948,-0.814640321607146,0.3150862184879782,-0.79388193123597,0.4114862899865106,-0.7909870694098667,0.231235277929786,-0.7852669104499176,0.2779568687907078,-0.8061593030310593,0.454832763506098,-0.8660871850715626,0.36455585484674263,-0.7397618310702072,0.06679579296304948,-0.8738386131570509,-0.055203155745765016,-0.7051783625803402,-0.6558511058735993,-0.8642616374176461,-0.7335906205107466,-0.6902800353782803,-0.6424711367151636,-0.8834147629132038,-0.7294534496844478,-0.6963384351007584,-0.6405737472397106,-0.8743863471890191,-0.7159260819228651,-0.7044608776643448,-0.6401042448287139,-0.8678178219078669,-0.7160090299665155,1.072922362729729,-0.239285003808752,-1.072922362729729,0.239285003808752,1.0634659322278253,-0.652919393806257,0.7834177382929383,-0.5916310894666803,1.1093913847364305,-0.20024978758422526,0.8298901839681841,-0.531868725204834,1.0954218597912515,0.039265656405308116,0.8304060201711091,-0.34405553235351,1.15114798311454,-0.4247903078413899,0.8296772423293765,-0.659408346949593,1.0499188606166576,0.6162962252647686,0.3636036993008667,-1.1103131792239083,0.3434723019058224,excellent
0.005208249727750074,0.8052052466925642,0.004112852486683949,0.7209497430426074,-0.0006606796563154732,0.705361315675346,-0.004726361401580243,0.6898795149894345,0.020744555455155436,0.7547585469555009,0.028423115614031262,0.7628408533362712,0.03747968542282331,0.7715288871914111,-0.01220514970704857,0.6446157840411708,0.05147903775734826,0.7593826931346241,-0.004922565164447632,0.8334715725176131,0.01756788269886635,0.8859716924182854,-0.030176728067676184,0.532163893389648,0.09658749636565296,0.8833524139302134,-0.2455513342798097,-0.8719605094031663,-0.037489160781107374,-0.642089901225123,-0.29681144108107005,-0.7820720180280117,-0.05630817728351901,-0.5153209300902445,-0.3002590731880989,-0.7466011931216459,-0.0814212706829736,-0.5056447396779783,-0.26875208274669493,-0.7456445054744552,-0.0753953582046189,-0.5148505471713717,-0.2508321840291247,-0.7400361765891831,-0.06532739774803573,-0.5209033501484231,-0.6061009632012391,-1.2452317782763187,0.6061009632012391,1.2452317782763187,-0.11583687433293051,-0.7849790955961303,-0.01226465371703489,-0.48201521322482194,-0.09485961578184306,-0.7089051520874796,-0.07921675232539244,-0.5211707862325529,-0.08329018803874397,-0.7305427058698377,-0.045924153077328826,-0.5864846901413172,-0.0415112815254506,-0.341480175282679,-0.010119176357876536,-0.2954972953365373,-2.1622455638371205,-2.2533714881115796,-0.9142744809590628,1.4545859415121243,-2.0631194102467982,excellent
-1.0126434139459062,0.34536907935275674,-1.015474326133336,0.3908493547547813,-1.0129064873004179,0.385531044759149,-1.0099087265189275,0.37960760683954975,-1.020871008990923,0.419956516691239,-1.0230421918001726,0.4368300861636153,-1.0253408104759982,0.4573314229831501,-1.0026668540696815,0.4113949095477861,-1.0201872536172283,0.5234377457339862,-1.0030874232823985,0.32880601891322475,-1.0122706231618352,0.38386383351047954,-0.9501538595947263,0.4679256856998615,-1.0194343310617104,0.5356499175328356,-0.9479085521033412,-0.16634929285685396,-1.0477182777324214,-0.1884581934810054,-0.9973544133691126,-0.9053093232147933,-1.0119130478481717,-0.9912569111304155,-0.9945537996283574,-0.9105568687015629,-1.00951789284207,-0.9917225125965363,-0.9997904147287318,-0.9235662144683711,-1.0003793166797073,-0.992600104405549,-1.0017369001103225,-0.9246448894622309,-0.9964923105802871,-0.9921641953944327,0.8300774237989169,-0.19993958507447399,-0.8300774237989169,0.19993958507447399,0.9107971939523015,-0.9275069230821198,0.8903223934589722,-1.0203297848407802,0.9717762090476335,-0.7610514784764516,0.9694421468947837,-0.8153616723579707,0.9678157425053663,-0.574504416716254,0.9663954256670504,-0.5678491011804451,0.9782477648723406,-0.8661633167273518,0.9731408232979543,-0.9189383313666317,0.44707011446102923,0.4687188141674545,-0.7069511604001094,-1.2263731130153404,-0.1688711413514779,excellent
-0.9786167473730267,0.27082512303384393,-0.9776615912691079,0.3126045391580855,-0.9749255768778606,0.3135959262078661,-0.9721428239740983,0.31429566325685215,-0.9872035395951869,0.34610509457486766,-0.9909122060881759,0.3673131897293003,-0.9946858330851653,0.3900033785046739,-0.9664834646662437,0.36996584091822676,-0.9979674424310656,0.4558732035492739,-0.9703144166434999,0.24030648233827814,-0.9824760922408091,0.29331603931642575,-0.9312058182145839,0.40788509897475145,-1.0022941152677316,0.45314504771646874,-0.8863570826715622,-0.06539318294655871,-1.0503425413292051,-0.12506130555565179,-0.8827689329201278,-0.7375134299521818,-1.083045764843665,-0.8495253121378259,-0.8818876533332382,-0.7332560395617468,-1.076257418548701,-0.8552442981020087,-0.9141583622799458,-0.7421254821335539,-1.0646228898501109,-0.8438650740816522,-0.9155802779348188,-0.746368644639539,-1.0661568053330917,-0.8389560987426621,1.0473600772624743,-0.1182666412399089,-1.0473600772624743,0.1182666412399089,0.8640547770136092,-0.5568849451119129,0.871289042726486,-0.6620609155445152,0.9458924422602036,-0.5232037502495824,0.9585676295269147,-0.6085912231008931,0.9465084385326791,-0.3523703732598463,0.9591169337755937,-0.39926756078466946,0.9520996291932442,-0.7310172612580622,0.9701407089833117,-0.7950951341431128,0.7463544888488087,0.7938881887410857,-0.7321003490049725,-0.866935084277508,1.4449413619238676,poor
0.06044563695896453,0.9274422104952836,0.07112460954359782,0.8804442119539009,0.06934756057134016,0.8674931642931225,0.06814320194768993,0.8526305388434555,0.08821034679108157,0.8906071983498164,0.09911200206901365,0.8850570236845733,0.11123186882810743,0.8781465652201089,0.07929311552019704,0.7410528614492696,0.14512156304035792,0.8039020765980743,0.05234349288856382,0.8900393239885217,0.07661557259648524,0.9030417459899551,0.08220508177559428,0.31249280417512526,0.19247528183422907,0.67308444206079,-0.2108737930741145,-0.9425642252438229,0.04444594332348208,-0.6469972110351353,-0.2843096536552673,-0.68612406340926,-0.03065192606820814,-0.428626466036591,-0.23756236336002942,-0.6457481244809883,-0.0395023642202596,-0.4260055749838311,-0.21884916352492484,-0.6597519482111505,-0.034036263025455,-0.45313818234092024,-0.21584893693922608,-0.6423920897206178,-0.030598894065906816,-0.459525694491326,-0.68837744803174,-1.3007224877133279,0.68837744803174,1.3007224877133279,-0.19848111929557974,-0.8649616338424283,-0.09160288339623579,-0.46076130259902687,-0.18457629687964655,-0.5966176545903128,-0.15525766469612665,-0.430801973053234,-0.16859443462131765,-0.6131078136676983,-0.12120272319947578,-0.4690342285130265,-0.10063950443563263,-0.19503882583344645,-0.060648492780839995,-0.16143624811556068,-1.6585307916904577,-1.7286483512067574,-0.5540174042682046,1.7951819951262908,-1.7671294172093974,excellent
-0.932828004038669,0.16781736901921024,-0.9337836397678226,0.2369976619274691,-0.9316180387147184,0.23156954421809536,-0.9293096909778188,0.22345032605648021,-0.940019614787982,0.28135892619022934,-0.943660304034962,0.3032526701910836,-0.9471660308944807,0.3271560860257711,-0.926615561262574,0.26075052650433905,-0.9586382169848207,0.38406270315947677,-0.9297159708079398,0.13525491440758655,-0.9349112673372405,0.20963453544138508,-0.889493075715152,0.3378437951388583,-0.9661666712263816,0.38586923086461045,-0.8721681022174422,-0.24782318309544898,-0.9862456539662988,-0.2837956106909327,-0.9015444372891266,-0.88952719825693,-0.9976860574905695,-0.9569365196783918,-0.9030470382844452,-0.8769214714089376,-0.9965857731672834,-0.9382737614926807,-0.9199721924029615,-0.8768271553469631,-0.9876158254337346,-0.9314514650497822,-0.9235812880412169,-0.8749544257586753,-0.9872383734901071,-0.935602219772209,0.7997139556034126,-0.07094155201405096,-0.7997139556034126,0.07094155201405096,0.9021629773441844,-0.7977095421607172,0.8631488297683946,-0.8125502732984002,0.9431326237008802,-0.5850364091612731,0.9387545475633207,-0.6850692638699306,0.9430049086521101,-0.42819854521318335,0.9404159563226635,-0.46923776214660007,0.9458776692512996,-0.7578533396554982,0.949587603058453,-0.8161276277064753,0.7938838841655976,0.7329546140166305,-0.6349421152797029,-0.5849881264504794,1.1795763600166356,good
-0.35847683790579155,0.5392090142111308,-0.36514678070150414,0.5694441653424346,-0.36894009783321663,0.5808654703923563,-0.3727141787994327,0.5926577564211724,-0.35431849669614013,0.55015615789638,-0.3509543577641895,0.5457823439192845,-0.34791564139930614,0.5432396595369908,-0.376479220853718,0.6307837002255386,-0.33766164323160036,0.5668266179760159,-0.3621305391699851,0.5587357870066021,-0.3550988553854792,0.5370476242311976,-0.42504581365118116,0.8191287691185747,-0.3101620698024163,0.5578113684374381,-0.3511733098244962,0.9188264685458845,-0.19206792222553676,0.8011685236425253,-0.3629809528824259,0.03704899388002372,-0.21444181874390777,-0.12606855482782717,-0.3533830623361334,-0.020488819936303755,-0.20492606021955342,-0.14365332938874625,-0.33487518197484945,-0.035171031733480775,-0.22468827989355258,-0.1404999141498876,-0.3404034397746939,-0.018709827753682035,-0.2315413176865791,-0.13134696874358343,-0.5145895605204923,1.3884108529643564,0.5145895605204923,-1.3884108529643564,0.3406806339808823,0.0817607655057209,0.4184575853548343,-0.4951910124874757,0.4794543962021959,0.17618562866774082,0.5014642301152363,-0.21037627980496462,0.5038140758910126,0.3036563125295584,0.5249141450826271,-0.024626951161507222,0.48249073104084167,-0.15549200571956426,0.4384672509435986,-0.3208682608841972,0.5267825888790778,0.5002237687520764,0.9625459644767634,-0.18959800362592477,0.2577703581314745,poor
0.7626495789345299,0.3335061032341747,0.7737110259739207,0.26756870842693087,0.7721262684392034,0.2673642305356994,0.7711626702007849,0.26561465308987803,0.7863733022942967,0.23327333069327885,0.7946463639486098,0.21307494845387062,0.8044045648024376,0.18856567699645585,0.7844126146909427,0.18976582443227355,0.8222947201445833,0.09343418045981718,0.7562785254094063,0.32870363779134965,0.771791817355531,0.2671183519472356,0.8276667937515881,-0.3635732028587222,0.880485086817947,-0.021004889276259316,0.5360889033090303,-1.9239621961326456,0.6249752990931281,-2.2276310087365063,0.5367475735450369,-0.6483266162628721,0.7196985300930168,-0.2717381610894246,0.5750108991823151,-0.6439489036310457,0.6801991958719645,-0.18840021624234715,0.5781341239707275,-0.5621442566250625,0.6868669651541246,-0.23464961186050026,0.573336640332919,-0.5677594366492117,0.7051766091341207,-0.2631269023029698,-0.6495217207541332,-1.9795507105610595,0.6495217207541332,1.9795507105610595,-0.8894942533230391,-0.7424527765778716,-0.8402725748001179,-0.15627103928916572,-1.0009461647396771,-1.5109670060328413,-0.9252802608748829,-1.095683311083477,-1.0089251797818666,-1.9163675831871994,-0.9157845025355535,-1.5455698103128914,-1.0465720430434964,-0.8882220138745917,-1.0324051280035818,-0.5610331139103792,-1.6387031634819722,-1.994729357004386,1.5979975200502825,1.7036849733863924,-1.3553494622813271,good
-0.9239176919349058,0.14583588710562956,-0.9250517381506055,0.19394643839955464,-0.9233294892264474,0.18740463303703095,-0.92240236459555,0.1832961885036554,-0.9344236386371291,0.2348567786228778,-0.938422237084108,0.2572858318568188,-0.9424306832596562,0.2827831301438218,-0.9234404913462498,0.2503928534483894,-0.9572995499740908,0.37530856784201705,-0.9204776753360601,0.14033792763043348,-0.9287186727497444,0.19752318736224903,-0.8975746211692864,0.38029476514109123,-0.9738433120230598,0.4596485912882579,-0.8931695491034028,-0.03112317609376302,-1.023956196875424,-0.03486576577907026,-0.8831643059914038,-0.7378642459091441,-1.084973202295235,-0.8029731928826362,-0.8771551217399538,-0.731862950268471,-1.0916548692868648,-0.8145513132607562,-0.902141155409968,-0.7474057259805451,-1.0709800704468357,-0.7974838958340777,-0.9049820329419899,-0.7499005456740264,-1.0647814386468735,-0.7922501396771037,1.0838434827749885,-0.10333123359933692,-1.0838434827749885,0.10333123359933692,0.873033917503167,-0.5109587564580221,0.856389655368459,-0.6249649591043075,0.9441215894106946,-0.5082543115062148,0.9383519291261175,-0.5967789412017483,0.9410995338463648,-0.36659497919563605,0.9441950364939053,-0.39824399557364476,0.948493202134114,-0.7011218350145428,0.9445814889974046,-0.7834717545068953,1.0022806743501302,0.8744992844193633,-0.805553271372956,-0.12425007271195315,0.8777430582899912,good
0.2935909832120692,0.49338431267294963,0.2977262791568127,0.45759207109948663,0.29344834202316294,0.45643412760672686,0.28975451878755315,0.4524714021327688,0.31127200512486175,0.4380446303647913,0.3165855692762026,0.4208775675215511,0.32360470487881793,0.40132112441943035,0.2830529058947641,0.32747783033494204,0.33723377659143966,0.31800372683933115,0.2776722037656084,0.4939503819197317,0.290543524956656,0.47927323514699316,0.25978376393366365,0.5011849225479477,0.30515657676850844,0.25940876449576006,0.9118437964630858,2.0275103049784398,0.7498429044645131,1.8595534740175421,1.0403585861720723,1.257539949684288,0.8634367730552144,0.9609339547629081,0.9704932279801087,1.2315439858595758,0.839166599956004,0.955802591155505,0.9199077991655374,1.174941418692915,0.8095424473989353,0.9488171559457356,0.9345237146387765,1.1792617561132634,0.8088995901195644,0.9527869198695554,2.8560400350974873,1.78428749536605,-2.8560400350974873,-1.78428749536605,1.0904315043223618,2.4070348544492552,0.3442988684282403,2.3604626133317335,0.43565424154866395,1.752992753389198,0.14626037550948034,1.6569022172161125,0.41134737201533006,1.3348828907883303,0.19230985733509484,1.4452432189381923,0.32575364611147384,0.9742670070453793,-0.022791777664329948,1.098741787027536,0.6611070744763531,0.5873877720045607,2.0180214972947894,-0.26440566608742544,0.22618975647468242,poor
1.8023143343212369,1.9856950380881861,1.8728123451295642,1.8577927284156606,1.8770256044568736,1.8899035312624566,1.8839472362618646,1.9173161166634498,1.8984201568555508,1.639111614920094,1.9250403861370764,1.5166738973920046,1.9593368645558003,1.395418559869151,1.982805819303959,1.7185800848232495,2.073371339936443,1.1496703572256823,1.7726779306654559,2.1409427278151427,1.8101815546378526,1.8351081664918902,2.222384121183283,0.5859510526191082,1.9996752403863565,0.963243657128793,1.4944802302114286,-2.3434347657648313,1.1115184529423492,-1.9998019514304826,1.156782685711548,-0.125638759461273,1.4354323391923007,0.6914667192465651,1.3494179893214426,-0.08087199313756699,1.465741195286505,0.7879080122917609,1.3601726037012465,0.19168368961921164,1.5680590452721228,0.7325263773703116,1.425279087984706,0.01251455789205193,1.5845911646023798,0.6883766883602265,0.4917259800289665,-2.887836424986086,-0.4917259800289665,2.887836424986086,-2.142740096454333,-0.48650093783461434,-2.1552147329296045,0.6800575235648395,-2.3164946683852903,-0.7642226272073656,-2.384962487912066,0.1743734891838422,-2.264574276235411,-1.453379529456408,-2.26669648797745,-0.5957637161571272,-2.141312459103483,1.0616893025342509,-2.2935163647650407,1.3474312275821323,-2.2620870106309705,-2.3469432674369513,-0.722706100704396,1.7756681992906564,-2.220776509765149,excellent
0.7960298885062876,-0.707547006371281,0.7852159440273355,-0.7486585699755437,0.7888446250476463,-0.7430980418211744,0.7928576631412793,-0.7377941688310292,0.7704826346849725,-0.7702895800946248,0.7628057777725216,-0.7844137299995538,0.752625595995463,-0.801301962458704,0.8027984530613711,-0.6980527558513139,0.751419304756877,-0.7983845551403682,0.8152536563720535,-0.6075553397946589,0.798031630017707,-0.7102914121134525,0.8112061473015938,-0.49271250322266735,0.8198141385876152,-0.675738066511855,0.5373257212696887,-0.11945882451377335,0.662011296608267,-0.14845162750889623,0.7048531811594759,0.6392699929957713,0.6886839211983797,0.6819484271302545,0.783518990749449,0.6057025482670774,0.7387626770587412,0.6865195534288834,0.7891346789646431,0.5896158350475335,0.7336714944944733,0.6604789258681587,0.7788428073869655,0.562199316735071,0.7427768302384841,0.6552297453648551,-0.5432772662158524,0.8885247595947814,0.5432772662158524,-0.8885247595947814,-0.8638902568292949,0.48941937374549205,-0.8266531924836771,0.47295295733291215,-0.9890576463741789,0.1383200135264097,-0.9722803951479057,0.2893801102340385,-1.0013706048927193,0.04294811089665313,-1.0139792196032018,0.11972655685380186,-1.0151733950258732,0.44967066114042253,-0.9982580709335939,0.7496631129947705,-0.3468076162398371,-0.015853990673776838,0.7339810984901144,1.1976513259707027,-0.05658156972704429,good
0.4687389053136268,0.1097424305386936,0.4785600284052988,0.11294203190086397,0.47801344032751647,0.12660276292862407,0.4779904178932603,0.13833402700417832,0.4812066122028866,0.0436401965544089,0.48258026879153265,0.010152926757563789,0.4847034934163121,-0.02557393711166527,0.48819245897525126,0.1069797739156396,0.4926293986774833,-0.0926448623357678,0.46038377107977085,0.13682370758631915,0.4673039325268687,0.034739791248966444,0.4901658394889998,-0.033073533458840565,0.5365730234832522,-0.23703518791621503,0.18991683982754143,-0.34649768118041774,0.45245732888541973,-0.47940439887803327,0.31898171900034183,-0.2155058783171492,0.516555403186779,0.2207793403553779,0.23926791117870178,-0.1959724817398067,0.5096837462476045,0.2162981038709462,0.319878575289944,-0.13443363110583773,0.5076315172122025,0.18586305177579926,0.35615926300524825,-0.15344974410786688,0.5107361149375771,0.1732893166640866,-0.9106489180908475,0.19411164884050813,0.9106489180908475,-0.19411164884050813,-0.5354301079626146,0.006634819727826679,-0.4643455986662551,0.29264263891718983,-0.5519004812352826,0.19679501179305525,-0.5469307354307298,0.37606457796900117,-0.5870065434373287,0.1833100903108869,-0.5859092209953752,0.3199280686035915,-0.5395098988238763,0.33368852955169537,-0.5544972588944483,0.5961033121200267,-0.8298686111177808,-0.2826955974006057,-0.14345211636106314,1.1033914706108243,-0.6644382583532733,poor
-0.95889310781077,0.1900899629940607,-0.9612075334578494,0.23929676921405169,-0.9590339167998413,0.23805214517817608,-0.9569337538111078,0.23803059786344832,-0.967252697887134,0.2771867832171255,-0.9714452656321642,0.3018123764277316,-0.9762242122008691,0.32832480321148155,-0.957720020287891,0.3229790392808855,-0.9905177416389684,0.434047592533518,-0.9562336905889083,0.1881156449127844,-0.9638858296023527,0.2473664080505331,-0.939448914150468,0.426806963047382,-1.010089961516812,0.4893694311356512,-0.8473381496086029,-0.17424931471301622,-1.0703170353837494,-0.16684608550681757,-0.8855995206409316,-0.8567936352559913,-1.0478316990246448,-0.9413710746922666,-0.9020094377995527,-0.8518758198511492,-1.0382675579233567,-0.9423887052509462,-0.9161736042058073,-0.8686144045924076,-1.031585662856059,-0.9380299702438428,-0.9136632717416646,-0.8674484195546903,-1.033894569932999,-0.9364237340024864,0.7463296939832338,-0.21186652048086044,-0.7463296939832338,0.21186652048086044,0.8845136874711237,-0.8199792500277621,0.893538686985173,-0.9090150079608992,0.9528430551281122,-0.6417866890190689,0.9656503845440942,-0.7147955951792395,0.9584262289975244,-0.4745133126787888,0.966201179906592,-0.49401816591475645,0.9627348067207313,-0.8213665234107845,0.9700558327654674,-0.860177828263668,0.2695486881356503,0.44941115890384675,-0.8244267113170587,-0.8680018999236466,1.2128870752533396,poor
0.2795666648319605,0.1448822082772074,0.26915376539247676,0.15764005900514244,0.26657205515864013,0.17221984616395686,0.2637339462035595,0.18616197907633564,0.2743902477511624,0.10978471107484321,0.27594104692918103,0.09265668024346387,0.2776785411041891,0.07876510510048872,0.25672821381240885,0.19557697881657976,0.28213224215797594,0.06476575732875496,0.2742714069228629,0.18201650347181647,0.27958383022282446,0.11522768888709817,0.23628443399035212,0.3569126266276369,0.2829470490223317,0.1197686749243134,0.5749219419659138,1.4271153112446022,0.5155934617004972,1.7048320966017045,0.45281465778717445,1.041644733287199,0.4476981175830095,0.9005378193767054,0.4086933852326142,0.9824021082511903,0.44343373185136326,0.8652521737094908,0.4547577783966068,0.9772594744470386,0.43328800848074517,0.8894068592926472,0.43566528009525507,0.9827712787911597,0.4343773539836668,0.8922722484710923,-0.16411143519513507,1.2967230962156022,0.16411143519513507,-1.2967230962156022,-0.22822523368307343,0.8314817885680037,-0.18243741491411877,0.7220749648477569,-0.2647032849378997,0.487645298601489,-0.24703763937377052,0.32021675824075074,-0.2637609615047872,0.4348466343485876,-0.2600492040795814,0.16880163161754724,-0.3134223622075857,0.4308699507232171,-0.27802247689523696,0.4971218238700587,0.6959373082612922,0.6193725939703881,-0.7391686708818309,-0.18426373167530305,0.5080920357204255,poor
0.8020223031935512,-0.33473476439057726,0.8025304568482018,-0.4182694429849239,0.7977183127469505,-0.43803415916518984,0.7923282019050313,-0.4587324775891728,0.8184487126262994,-0.404690083923922,0.8262321648768375,-0.4097238024686972,0.8347410303541524,-0.41268825851229185,0.779427436037109,-0.5806381931625287,0.8487105032493799,-0.4943935022874619,0.7816419463211617,-0.43732496556847195,0.8069562103109866,-0.420053160659994,0.6358858752242684,-0.7669779448163773,0.7657306266923666,-0.5096791300371313,0.833686105270801,0.8651493467052414,1.014193713982813,1.226271917124851,0.7578158643009286,1.5484159992675932,0.840497747663588,1.2975568678790377,0.7320986970188581,1.4684201516760609,0.8756407576248576,1.2371330363204558,0.7083244959049477,1.44316782484606,0.8402841233794788,1.276515143307002,0.707131351773467,1.483468033013706,0.7950281474120862,1.305598864514852,-1.6447644559124768,-1.0820319784077608,1.6447644559124768,1.0820319784077608,-0.9637339140029831,0.6373538496845601,-0.743759954491955,0.9062261211646915,-0.9963697136935148,1.534601796484206,-0.8795661386848053,1.8227944408889865,-0.929805828472098,1.569850651604802,-0.9542192591678924,1.8266406143962455,-0.8430829245723184,1.6429586881008253,-0.7562218008053175,1.4732290405411426,0.5509031152734295,0.6087637074133281,-0.5346217157378451,0.0583441328354613,0.05528879169307608,excellent
-0.9697856922217238,0.3346326873735632,-0.9700573712888638,0.3880318308168323,-0.9670333136145159,0.377971483052858,-0.9646631929021313,0.3737810754908371,-0.983159426143929,0.425246441211467,-0.9868587808308571,0.4433282183908121,-0.990841143200443,0.45610376640737166,-0.9620275317571633,0.4044426241085831,-0.9982889858668913,0.5044655276468981,-0.9622967779438955,0.29487933619258333,-0.9744432173857602,0.36358981581299515,-0.9260300512321212,0.44172263691922775,-0.9985110805140345,0.5069397683777848,-0.9110831421301977,-0.0659680575430592,-1.0232476300946198,-0.06183566873735255,-0.8795562765001265,-0.7890983826354,-1.0349669716923056,-0.8794439265904925,-0.8914796664409267,-0.7906029368292543,-1.0277441585988225,-0.8848794543407397,-0.9071858274397665,-0.7979327779205533,-1.0223037606199956,-0.8760474880857283,-0.9052021671619859,-0.795946755548658,-1.0241952821694527,-0.8735278010383306,0.6111726033266428,-0.2018852557445533,-0.6111726033266428,0.2018852557445533,0.8746650340602047,-0.7214214977531799,0.9003759284336326,-0.8221122018125763,0.9483434001036161,-0.5123185901582393,0.9705445356635996,-0.5936465208682851,0.9451602629741813,-0.3524286897764435,0.9692669419320349,-0.3588385623965347,0.9585641622642055,-0.7235962756383898,0.9791512805744249,-0.776778070348306,0.9423694985033222,0.7899825270245443,-0.8836290424587535,-1.046415435694537,1.6507145103145697,poor
-0.0416744250848075,-0.06722324223217657,-0.05884803874540671,-0.04008801278945216,-0.06324551424593909,-0.04018139002635139,-0.0677559006904474,-0.03838603903507316,-0.04944317229666704,-0.03337830745800141,-0.04756071902322245,-0.03160086285188229,-0.046327884809881224,-0.03307239579768991,-0.0775083441271099,-0.026845382071759995,-0.044254182202096135,-0.035859141194412227,-0.04427843743936089,-0.10604217920486625,-0.03363353679762099,-0.0927102696928219,-0.107975091438499,0.09456606487722723,-0.03251665713423965,-0.1387533870522261,-0.001145887511498455,0.46426090711084506,0.11310314722553576,0.05344434858329132,0.06509231818523951,0.18851272082374437,0.138702237637778,-0.04105983265088986,0.04066879314143566,0.15604091764577252,0.1267395613137413,-0.02816601588975314,0.04559002390911852,0.1421859296534714,0.11577843780707896,-0.003636484133836607,0.06286222429856674,0.15701966813324422,0.1060692482165466,-0.0012657030640129635,-0.372820207389418,0.9937123211349377,0.372820207389418,-0.9937123211349377,0.06347048735993083,0.1253383151011469,0.1287995639058217,-0.12906479047259248,0.07627386862975151,0.07224880015883828,0.07952312721032492,0.030854818388761703,0.06679568637202483,0.1587731296848654,0.051611006121329815,0.13323477924178606,0.0653291377145997,-0.01738612899798151,0.08497084563882464,0.10243055835082784,0.39196052318422575,0.42345497389164444,0.2301635992992287,-0.41666023131603647,0.6184391870527187,good
1.1136282179141619,-0.6451620538025553,1.1315896333569635,-0.5905966780347001,1.1340512299021925,-0.5531968979103392,1.1367707648447165,-0.5180057186975014,1.1207960681304916,-0.7459571736035456,1.1136879309036603,-0.7993228855191782,1.1048580250525233,-0.8530053500784298,1.1501778046279731,-0.509282554619628,1.1157864066963394,-0.8831551815800454,1.101114841997293,-0.5424760885791654,1.0765093631564173,-0.8025625703667786,1.0064672903344085,-0.6241087553209652,1.0731526650320846,-0.6907931941743012,0.9719701694192024,1.1803099013328846,1.1652823336119473,1.4904162516091808,0.9236664763381629,2.029976713194748,0.9475315417305462,1.76807848979868,0.8942906496339704,2.0155854541325997,0.9351979882520969,1.769972547494403,0.9088779830046122,1.9641079183434025,0.9374752854468953,1.7861686114638202,0.908471439232054,1.9978432440183456,0.9308855587708004,1.78670582021896,-1.5506957305828692,0.5072011776573094,1.5506957305828692,-0.5072011776573094,-1.3418669342235954,1.3918344889451166,-1.0664307635636303,1.2051506101705003,-1.3537377347396522,2.385354555435032,-1.2649299424880631,2.3863297674926844,-1.299493393802943,2.3379556715176295,-1.1972619743325188,2.2935381921520723,-1.2259555510844105,2.5904319553774857,-1.122572008018132,2.1742763164871137,0.2921540905939415,0.504763889761225,-0.913776433275202,0.5893661012656263,-0.09953702047008059,excellent
-0.9591175782746302,0.28259444023922986,-0.9602166803422851,0.3103357848983594,-0.9581168099398527,0.3042907423930937,-0.9560806556906122,0.30038583203883074,-0.9681253488159343,0.3554451159791822,-0.973381258202193,0.38227377995684575,-0.9784671309514601,0.4108024215138398,-0.9551878426399092,0.3730465953591077,-0.9902445348687287,0.5087236764555203,-0.955336825932396,0.289431745447295,-0.9653392105653762,0.3402719379744329,-0.9314046941189219,0.49807512743814314,-1.0029124261609397,0.582872086870997,-0.8410745298234661,-0.3614337543140178,-1.0930612030576377,-0.3975007985313033,-0.9094925386171197,-0.9972543808819502,-1.0400231548276913,-1.0740827768622692,-0.9202604834305067,-1.0042737078627704,-1.0328806758606865,-1.0665646275002256,-0.9296190637115688,-1.0168051269351615,-1.0249022812865762,-1.0686767871145721,-0.9261398988056141,-1.0137905470729658,-1.0260140265737514,-1.070026886082391,0.9659819472027107,-0.15479981955412558,-0.9659819472027107,0.15479981955412558,0.9165177614873452,-1.0152682422708526,0.8713610021902399,-1.1173273068267617,0.9725464957596756,-0.8566427622449299,0.9416016082939681,-0.907214212847034,0.9710268876642205,-0.7112784030235023,0.9452941318743233,-0.6997188258286915,0.9854564523271307,-0.9580007304007728,0.9465281512771799,-0.9662246096159873,-0.6653447486230745,-0.8325144960901872,-0.7399498134404998,-1.1864524724737795,-0.8932337060875747,good
-1.0228814702938234,0.28982047504971803,-1.0284952182027036,0.3323851610454664,-1.0266270294580089,0.325590519909194,-1.0230656185959743,0.3181145889000339,-1.0300179371093359,0.37127293597477096,-1.0308274687108314,0.39363429889061397,-1.0318261008353262,0.41869541836912627,-1.0094754900288512,0.36477543556454783,-1.0257998895179792,0.49531341739378537,-1.0136753004213344,0.27672673137365494,-1.0191544705292965,0.33392849854836215,-0.9520703563579827,0.4259920302513943,-1.0196753778334524,0.5339156418391339,-0.9508788311190743,-0.05217068682803455,-1.0440646428857716,-0.06040591683627165,-0.9800645333547662,-0.7941068019606039,-1.017121511139097,-0.8829051069520115,-0.9805141836494888,-0.7980220592820685,-1.018750052074845,-0.887882216613809,-0.9945584766842843,-0.8087584669834231,-1.008451226526494,-0.8856016498967946,-0.9976286690876773,-0.8100787095355579,-1.009362610833098,-0.8842145590554304,0.706692733385637,-0.18782838351788797,-0.706692733385637,0.18782838351788797,0.896779802805038,-0.7899571317548032,0.9035743672619687,-0.8836496765433721,0.9672790750483895,-0.5801037540152529,0.9755543632311726,-0.6656395347530101,0.9617059165640346,-0.4558131347432179,0.9761515912410719,-0.4536556209813069,0.9749085811924706,-0.739843414200066,0.988010926106418,-0.8107086559232382,0.6774908250784796,0.6338614388861781,-0.8405145935449271,-1.1129570688078014,0.4031906331030848,excellent
0.028843904998584052,0.5887077272355419,0.029120198922278382,0.5579954080173898,0.025567267591915285,0.5525739719465653,0.022666346771496617,0.5439574665669201,0.04393655743405221,0.5444458560414109,0.05051143100587984,0.532283494223978,0.057962687140957814,0.5169737096805049,0.023453302064277835,0.4636271069531915,0.07412639181288823,0.4349459204086678,0.009794760043392308,0.5558404483104632,0.02419600757303997,0.529478332959669,0.01178718491930631,0.6339141767324536,0.053227394223857506,0.3763822659044875,0.3728041296401065,1.5260267408210386,0.29262230381431636,1.278177012320538,0.4249274472954492,0.74155742153258,0.3303388468104545,0.4474854931384184,0.4187985587878722,0.7344264883220073,0.30501693322070783,0.44741338343433307,0.3932340568909924,0.6811959338197479,0.28244653631218575,0.44856590113961253,0.3895256354197987,0.6714693171181612,0.28513992599815247,0.4507672977835788,2.2004845008758926,1.6603436727627958,-2.2004845008758926,-1.6603436727627958,0.9101709712821562,1.7072142432118158,0.36205223800480485,1.5385255460132208,0.4723568829463138,1.2902942550234675,0.30630318606078377,1.0339971889544701,0.457317153313361,1.0560767025375846,0.3403112339649383,0.9530363782490497,0.3376632878228155,0.8418694221897757,0.14906294993050437,0.5775058591148228,0.58874823489859,0.50197579291688,2.0805231975855794,-1.2284482408892168,0.18655666362909895,poor
-0.27615408374699985,0.8614138355915065,-0.27733121504893005,0.8180909317583871,-0.2814748931018907,0.8064468304805947,-0.28504523354691497,0.795090722029608,-0.26305666990658366,0.8433018256231256,-0.2568771950406609,0.8483835502375515,-0.24971745192309097,0.8536791155263417,-0.2927609415591141,0.7696927724017617,-0.23783640270350467,0.846915314092818,-0.2837383480868232,0.8597511252040532,-0.26645176119434716,0.8915318910950998,-0.33549692777989343,0.5480795975275735,-0.18878996397739536,0.9132958320216091,-0.48045893846420934,-0.9222700473530349,-0.24370426520974336,-0.6024029278751074,-0.5586162476282152,-0.9915916445036537,-0.28444541716652644,-0.7482172846058489,-0.5683273131198511,-0.9666246971711703,-0.30450890548031756,-0.7404869833528751,-0.5236750209484154,-0.9516856730742854,-0.30626986613419416,-0.754028097654948,-0.5145692534789795,-0.9419648754079462,-0.2957407771453371,-0.7597071170734083,-0.5393637279674623,-0.9509921436499037,0.5393637279674623,0.9509921436499037,0.17002743081646932,-0.9291757914711185,0.26744942337978117,-0.7650753877623977,0.1867392719925887,-0.8252418537588585,0.22921412767254024,-0.6951102854891759,0.20537689981279508,-0.8628208150729973,0.2537417197997398,-0.71491072516305,0.2092865104730795,-0.6517538660673119,0.2576809100802758,-0.6009182471617439,-2.4836478978575225,-2.5041197949423912,-0.7858535074158245,1.4308219304456415,-2.2106481362567094,excellent
-0.23134515127110528,0.08317386035789241,-0.24745001660905094,0.11630724744089684,-0.25169804206774044,0.1171558639481784,-0.2559856765883201,0.1194305408945112,-0.23822413572973028,0.12567245790350315,-0.2361653992782198,0.1313344300261191,-0.23469051150468093,0.13480746292953427,-0.26665782694271895,0.1447450528599828,-0.23241617288942196,0.14665339503256203,-0.2336451912525595,0.05369404111377068,-0.22291709793529882,0.07207371478523689,-0.3054540031577674,0.3276655048197081,-0.21165874869812001,0.0835329347721683,-0.2380964997244263,0.5313554969442547,-0.08523284922388094,0.07147594257581258,-0.1581304435147123,-0.05256814588319502,-0.06503295725318557,-0.26345902882264277,-0.17977988090413274,-0.07523894237529014,-0.07492819595523774,-0.25610099887147186,-0.1713721642349317,-0.09436761198175428,-0.08834165637153978,-0.23461601340575722,-0.14055496721401223,-0.08301495931908202,-0.09678623148179795,-0.230814050785761,-0.4598474964472823,1.020009251950338,0.4598474964472823,-1.020009251950338,0.19882806804065997,-0.10389571432643913,0.28785453735338823,-0.3243997832564282,0.24611710467391099,-0.08095812419313818,0.27827277733426,-0.15294235445132212,0.2501708981210332,0.01621842157843233,0.26023905179787293,-0.012264993141086233,0.2488333381358777,-0.17400056928784566,0.282466529722506,-0.10924125082034963,0.3596149058992338,0.41486461387908763,-0.032007958738830444,-0.5372423631179026,0.5498054430201527,good
2.275087872311385,-1.5622976977694842,2.2825478154384955,-1.6338259281569654,2.293382948094282,-1.6100372346760827,2.303538700509054,-1.5893910977292762,2.2500119132863903,-1.7415778378246716,2.236709477939061,-1.795787695698978,2.220471455771107,-1.8583849868439055,2.324320585700939,-1.5802974693071652,2.2126867170765943,-1.9377291825425997,2.31978342170005,-1.4958892235532673,2.282654219064188,-1.6473491637492754,2.3467466576347453,-1.7440426310083077,2.2356865338387877,-1.7653295947642984,2.155747260290798,-1.2890816531879188,2.0575056767362994,-0.7878214900821802,2.061488639456816,1.7076075646575977,2.0421975210381498,1.8694945217736834,2.0057500635111043,1.7910761702380307,2.002943961210514,1.9230072104163753,2.019029566250517,1.8201024972614799,2.05682892826974,1.9422451508831007,2.0518746676659787,1.7718296011041756,2.076596920231318,1.9363909612008356,-0.8505535540939707,-0.22129344771895912,0.8505535540939707,0.22129344771895912,-2.319738842595986,1.0635135181220186,-2.364274674431576,1.536795379319255,-2.3572713597961643,0.5235082087841091,-2.54267270456191,1.2208952542377458,-2.533160446376947,0.29286026475023924,-2.6118354109918407,0.5701606228946231,-2.587466434208544,1.2740385821410378,-2.569291723372369,2.080202194150012,-0.3264669543561363,-0.05477421207630635,0.7784774534836693,1.219251872875922,-0.2668312735568204,good
0.8361666269690852,-0.6551517030680127,0.8347676220990079,-0.5964275792778598,0.8354590597539943,-0.5761301016821605,0.8359131340018773,-0.5579547292325155,0.8343102317583184,-0.6638651970130419,0.8331567145473515,-0.6946946048789999,0.8314306347088519,-0.728088862063368,0.8371155909685952,-0.5356244065091574,0.8293103176204917,-0.7560844698544881,0.8419787845266888,-0.644455315421902,0.8403803592839026,-0.7195876312464681,0.7946918903855485,-0.7068659558336993,0.8326053414904937,-0.857869933082223,0.72374534616056,-0.4667124991094069,0.8760187961490099,-0.9256484113564495,0.8309673933928751,0.49027700020846415,0.9478589159528307,0.4013470519781556,0.7750582161395506,0.4830902510426213,0.9034189757562192,0.4235404822718592,0.784120402910363,0.4622034269361231,0.8978462794538021,0.4383108967254255,0.813912543487864,0.49268914629663507,0.904842931647581,0.43637432212366833,-0.8979501281672356,0.3273406049557285,0.8979501281672356,-0.3273406049557285,-0.912294202578659,0.18741922929917312,-0.89091901571222,0.291846033370324,-0.9852342968397896,0.02750899406781992,-0.9790803756236102,0.06851718626749548,-0.9848949999000982,-0.18146558488745246,-1.003846915693356,-0.29952209609735625,-1.071584970936556,0.21943879745616848,-1.0437012631952507,0.32691437778389965,-0.1739236263484033,-0.01302057137882261,1.2273372826691125,0.499224344145373,-0.1396112351961353,good
-0.9676935124795553,0.38071834984595015,-0.9683706990692872,0.40657644505614937,-0.965713104442799,0.4123133015910627,-0.9615264269006953,0.42288722664774664,-0.9780315177724628,0.44409272171827757,-0.9856288711400593,0.47713583292850703,-0.9894480595285784,0.4943561070414049,-0.9577919930418493,0.4590177382006531,-0.9971723840111836,0.5433981447135612,-0.9609995656708001,0.3490141312717187,-0.9738668262703566,0.4076931680010563,-0.9233921319564256,0.5052859218266884,-0.9959398837925605,0.5559619136905545,-0.9107009259203018,0.06951473478122756,-1.0253287318026445,0.0845433029059411,-0.8840886439238663,-0.701219991334212,-1.0437986710078944,-0.8072185932929545,-0.8873884290907607,-0.7083948763693954,-1.0361303474362964,-0.8213733797998558,-0.9121971058315482,-0.7157587055441389,-1.0282465928564837,-0.8136846354677174,-0.9118592681964112,-0.716142910785864,-1.0298575514071844,-0.8066444071330953,0.727310874441056,-0.15791412241034664,-0.727310874441056,0.15791412241034664,0.8725217804121785,-0.6765895084486485,0.8925496242008552,-0.7636668938053971,0.9431189368094121,-0.42752169704998105,0.9671623772115304,-0.5336890436586124,0.9409390616754081,-0.2835015122371962,0.9669883807531979,-0.3040060377207612,0.9501965359721646,-0.6560855013228055,0.9808699777193863,-0.7274393598440273,0.9491965120418587,0.8161570374296996,-0.913396725316225,-1.1401816926766486,1.6696730278685368,poor
0.049747271410273804,0.049243301290158206,0.045559187559323915,0.06710078273459112,0.04261377998861344,0.0736987285172731,0.0397873107124882,0.08154448360814054,0.05373886547612576,0.04926577004143875,0.055765700543005815,0.03874093933651819,0.057288075679920954,0.027259658137417105,0.04021248274167453,0.09498266324156507,0.06065095993830721,0.0006915179702752751,0.04631287357081452,0.041021235579288974,0.05658215301275735,0.013820807757747702,-0.0038091009460477685,0.11595815951354287,0.09766581456904481,-0.10069535570336087,-0.0808345807217417,0.31668126848823946,0.14350041995052742,-0.07122506932361485,0.0316795375428387,0.03675748003039626,0.16584846590187044,-0.029657735545626774,0.04922015771454854,0.019432401335205792,0.16944676032102068,-0.03786569872879392,0.07381320281471888,0.002889617350365605,0.16108755643014533,-0.03603158519739127,0.06935551236339324,0.002238200176242935,0.1612772609019809,-0.031088809517948787,-0.9183949282823864,0.6339716746618845,0.9183949282823864,-0.6339716746618845,-0.12416624188558124,0.06499995401676559,-0.014197457053002143,0.011353263745961862,-0.09067070740294526,-0.08161805101519005,-0.07390761294700189,-0.033174125605546945,-0.06055930635369776,-0.07599544035367935,-0.07718747764504641,0.07187188081314902,-0.11072583258660598,-0.21571245626728233,-0.08076780999484798,-0.04611926341019283,-0.04254404190603124,0.17146826574808316,0.28985696850792686,0.3728786570313737,0.0420743079955779,poor
-0.9739171629693735,0.223059710429163,-0.9728575946185578,0.2628399889216394,-0.9710080453597699,0.2557829776952354,-0.9685468399712385,0.25179172459489874,-0.9829350451225479,0.30493031083143063,-0.9866245862692026,0.3268996340945622,-0.9901282141794457,0.34920199320750744,-0.9660809107866757,0.29778209793526145,-0.99866546914198,0.398594967245848,-0.9661333287040027,0.18927881637830402,-0.9790241595400587,0.25850156977274413,-0.9327944492896539,0.35848027941173494,-1.0040733469956415,0.4143460647487061,-0.9396166897546145,-0.08233296036916268,-1.028112195596907,-0.12588249298952095,-0.9270161801828438,-0.7999785291373865,-1.037250243405147,-0.9000266156239976,-0.9262264437146938,-0.8080298452131642,-1.0294653965176157,-0.9069506908353077,-0.9396743113810719,-0.8215872954207899,-1.021817651291309,-0.9010091672130054,-0.9397641751464347,-0.8198374886130884,-1.021843654691081,-0.8979535608404845,0.9091130576526183,-0.14686935092160588,-0.9091130576526183,0.14686935092160588,0.8836943212801217,-0.7839024791501502,0.8837594670580801,-0.8845447301371338,0.9545180418188001,-0.5744270332481554,0.9609911262760016,-0.7207582132826926,0.9513346493460887,-0.40311255274971325,0.9607357146370947,-0.4927502904528551,0.960130188591345,-0.7860748198616735,0.9683470655018166,-0.8435970392784723,0.9533447310762874,0.8197381751984895,-0.8524862859427584,-1.0974730349244055,1.063609598288966,good
-0.9687735795049823,0.18044762157408775,-0.9703835030129239,0.23216046471313614,-0.9682839602872814,0.22955705313911853,-0.9663566035737601,0.22768347670356584,-0.9761342252283771,0.2741266160710181,-0.9798980275000917,0.29867662512833987,-0.9837951833631118,0.32420626251763507,-0.965240412946732,0.2930910853246671,-0.9939161589819693,0.4112881439851586,-0.9648850434517927,0.15479191192265143,-0.9738948961044085,0.2249232791813131,-0.9361269769936007,0.4114351529757542,-1.0071901144666642,0.4733969392542136,-0.9090236559854514,-0.08463540871690768,-1.0488119953704154,-0.12309640638507302,-0.931783465044126,-0.8024615783977413,-1.0393308900861846,-0.9049903506279133,-0.936153304554791,-0.8080242435549043,-1.0330560922688805,-0.908608433153568,-0.9494900781100881,-0.8272878296111658,-1.0232359398279711,-0.9050291389896117,-0.9489560315597007,-0.8278272271671755,-1.0228739587408953,-0.9026593247619876,0.875533758366921,-0.20204853048403512,-0.875533758366921,0.20204853048403512,0.8888426469879381,-0.8188167586269511,0.8879169103863406,-0.9174113480870538,0.9584079962169653,-0.6200158782961851,0.9641232853668928,-0.7143285934346836,0.9543059458462245,-0.4656682018068453,0.9640366824702632,-0.4952726186224121,0.969301083039422,-0.7725613725927317,0.9729627629468778,-0.8356722639349933,0.6664188485644325,0.6349792880206279,-0.932739432516729,-1.1208279095019387,0.7603330765422871,good
-1.0137801439558758,0.2163373582461025,-1.0179096538786432,0.2493421827164967,-1.0150380201577083,0.24501006633937514,-1.011727254236439,0.24142291618338463,-1.0248009008190504,0.29348081171228224,-1.0272750494304193,0.3174898154025968,-1.0294222443607404,0.34475023205623306,-1.0011323798914267,0.2935018515981014,-1.0234120877702502,0.431737998389216,-1.0002521912081466,0.20736075749720972,-1.0149181558877385,0.2641836277785254,-0.9485598560179903,0.3856271141385678,-1.0177879602625168,0.4742206135339816,-0.9599825594186588,-0.06437936203577026,-1.0414597916334483,-0.0921609921745648,-0.9877945960669039,-0.8030183710520381,-1.0150873694464575,-0.8980508214649624,-0.9860075934650762,-0.8108898909887876,-1.0146530390848805,-0.9070125219056059,-0.9965714139952467,-0.8227266465172971,-1.0043917768523551,-0.9028915802745497,-1.001259766128709,-0.8252596570723558,-1.0019306457701078,-0.9013490018478247,0.8043315609726049,-0.16692271371931586,-0.8043315609726049,0.16692271371931586,0.8891260817632363,-0.7761607243540013,0.888095616261988,-0.8772222377289505,0.9621187466070699,-0.541303917221267,0.9640319314754496,-0.6351156469870264,0.9606980259144319,-0.3785129441034086,0.9597447245356653,-0.371929673279285,0.9732301928197404,-0.7274497077598105,0.964024598374824,-0.793617850937063,0.7482978391641901,0.6563284135437053,-0.8676369989486356,-1.225480064145048,0.6432836414659096,excellent
0.11770776691633988,0.7752611789360008,0.1290838870395703,0.7266490611225135,0.12565695737383503,0.7159196878176503,0.12240233718992814,0.7046415219517539,0.14610808136387102,0.7347739212509361,0.1554201160033335,0.7308129640432883,0.1657622844539545,0.7277391110419219,0.12953273566326987,0.603753918146939,0.19593437107099762,0.6420454320395234,0.10567858601666791,0.7492516182495907,0.12900490295126868,0.7658716145343027,0.0830548935967159,0.21421433831534611,0.22572469142083132,0.5471331173770824,-0.2969538175399025,-0.442278432301909,0.08934005882789556,-0.19051622170390364,-0.2726556772245859,-0.23647805149436776,0.07305109506604983,-0.1274166437101961,-0.21734533252209975,-0.2887065175813246,0.0775433329723611,-0.15387337271565985,-0.17142885770298655,-0.3249032417161402,0.06739867335464986,-0.17290112089378162,-0.16006632867764128,-0.29440210222089586,0.06302284906417052,-0.16472903632128882,-0.9111655757399831,-1.0291326530106388,0.9111655757399831,1.0291326530106388,-0.31330682721679426,-0.5298364880530956,-0.17690119301802773,-0.142166179964414,-0.3203935931811071,-0.21723068615894708,-0.25867510134102456,0.015449017848967812,-0.287758194255674,-0.21904287868993202,-0.2834162078556922,0.009200359992880465,-0.21826761855610718,0.1635772193359689,-0.13386632240019355,0.1291610985892172,-0.9541051509313124,-0.9960957599606033,-0.7482828746605819,1.4286352198929608,-1.2646865158277578,excellent
-1.0164535243461983,0.6991371480457474,-1.0055139195213865,0.719124156782566,-0.9998163491443175,0.7155928177590011,-0.9960805512532264,0.7129030561418807,-1.0216639890961319,0.7464322530730825,-1.0244719059460048,0.7599461641966284,-1.0273924408627664,0.7739176973520199,-0.9830257319458403,0.7374880574042191,-1.0302846769491345,0.8097401015650428,-0.9977969109992173,0.7190275917101239,-1.0116972715116188,0.7576224761739285,-0.9607333305854042,0.7382950733095727,-1.0272094870475714,0.7610808683866225,-0.8778170404502762,-0.2540075861111441,-1.0758937285575472,-0.29959734350001843,-0.9476736371892605,-0.9684696107669051,-1.0173552227982146,-1.0194604819991757,-0.9449003540353389,-0.9580858237387532,-1.0134130900430498,-1.0206973622419429,-0.9487887917682539,-0.947564434206079,-1.0122393638646086,-1.0065179800584139,-0.9561699619603177,-0.950115381361582,-1.0095274492058592,-1.0068189998854742,0.9153058216888471,-0.1777022245137663,-0.9153058216888471,0.1777022245137663,0.9463630230457349,-1.0081644185274619,0.9085735230194294,-1.1112050019174038,0.9781542443401515,-0.8246878971756125,0.9799528580949345,-0.8784170643887986,0.9742782802031836,-0.7099724077033694,0.9793191666154819,-0.680109884094923,0.9820154129254537,-0.8938857916954224,0.9961727305665887,-0.936041251951643,-2.7860262930485944,-2.7138930769150895,-0.5823867913987503,-0.6495263080634052,-1.8183088180071614,excellent
0.3369727930503263,0.32027930180525627,0.3497430541401957,0.31323042440364224,0.34802976487392495,0.3178379945942922,0.347427342205767,0.3214754919836694,0.36532725394551163,0.27783473565690797,0.37492290016516405,0.2566086670737909,0.38727265965634344,0.2318820706823187,0.3666209670637252,0.27299044130238603,0.4154304460309809,0.14816478272407504,0.3253618596851796,0.33244455872061857,0.33775406608416636,0.2647869273367389,0.3219764804540345,0.2965055226602123,0.42489972111580276,0.10975088658858193,-0.031545027032038646,0.3038357360570076,0.1731170454601976,0.05592502721073412,0.05381469231100169,0.24532411372955493,0.21393923293617642,0.2511444966391285,0.04448088831674683,0.2070342203818826,0.22288971811802138,0.26330752191444784,0.0830958626021286,0.19218797485674205,0.23049312625727214,0.24621323772049425,0.08739043609010087,0.1879651965817953,0.2335556307172953,0.23508472775418296,-1.0783120793775065,0.704247297311911,1.0783120793775065,-0.704247297311911,-0.5247930251115446,0.10185678326701621,-0.34786603366761976,0.03420488601255638,-0.5019565159972225,0.3501405516527118,-0.45881389167872144,0.46816361389565153,-0.47399690061817173,0.242588218948308,-0.423386610159703,0.38538087426926315,-0.40593080507732987,0.7451529460547539,-0.3635757288117694,0.5928910993583392,-0.6049703252340829,-0.4254992618796062,-0.9468831302960687,1.2780071271838669,-0.9180468865629764,excellent
-0.9725366561760203,0.35345314582516935,-0.9720274394041187,0.39860846178459314,-0.9688171072153932,0.3850062034633041,-0.9660177578299944,0.37908774678624424,-0.982957959388619,0.43683031832253727,-0.9869713566893141,0.4538489126938086,-0.9911796068991203,0.46263981805716237,-0.9635236662517725,0.409278999222089,-0.9980165136035882,0.5082542097120611,-0.9644370864455328,0.30994080555457476,-0.97600081530498,0.35900896630044327,-0.9279480748462443,0.4468211079526846,-1.0001316257261428,0.5089017827845828,-0.9129044528077194,-0.05098017638185219,-1.028694911736238,-0.05745794969709509,-0.8853295264246744,-0.779034083198288,-1.0389153429762454,-0.8711474729269876,-0.8933989756913001,-0.7850885944403195,-1.034359859719729,-0.8799970825234792,-0.9090565147258443,-0.7923641240242207,-1.0289303417070237,-0.8701712665804882,-0.9078836744017668,-0.7911269235631259,-1.0293304946642678,-0.8668358624117056,0.6267534967413697,-0.1809305998942254,-0.6267534967413697,0.1809305998942254,0.8742326886728744,-0.7266354618268911,0.8962730733521664,-0.8267799304227986,0.9499414679517659,-0.5062021908175485,0.9692297689776996,-0.5933392779939026,0.9456150393203648,-0.34471245079154683,0.9687089054733098,-0.3613409576395661,0.9597928434820161,-0.7147715645658144,0.9775749875337176,-0.7798708974575386,0.9230811904178914,0.7698101760157274,-0.905356171620977,-1.1107641592174093,1.653145187490553,poor
-0.9765432032530286,0.2605169233249763,-0.9752397684673614,0.30678144852706835,-0.9723885067115827,0.3058907530072329,-0.9694529821111437,0.30522736797322225,-0.9859673960805452,0.3436990124806971,-0.9902901594307429,0.36552753430628865,-0.9947604445870826,0.388615778926584,-0.9646245046467266,0.35124705555511854,-1.000249794432507,0.45341684295241985,-0.969305928445699,0.23834078577662765,-0.9816340902413976,0.2952596924154865,-0.9339014461723972,0.4089616514371779,-1.004535209430644,0.4525297561741784,-0.8842190404413908,-0.04139536065177722,-1.054021185409542,-0.1068231678818116,-0.8730360959288181,-0.7069776370273895,-1.0876889222707573,-0.8316535543393268,-0.8696570245253452,-0.7041551490007767,-1.081667458327609,-0.8327376155085375,-0.9083362070729727,-0.7113766617785531,-1.0689105945321766,-0.8179136165377298,-0.911031205896524,-0.7169786764526438,-1.0690630993157166,-0.8126868658093725,1.0936581426298844,-0.14079873509757396,-1.0936581426298844,0.14079873509757396,0.8673607955993301,-0.5116072063409496,0.8706980517616406,-0.624594036531405,0.9482058878469015,-0.4901311034993556,0.9604256061511296,-0.5775720585584605,0.9462408967964298,-0.28469221004869955,0.9610629024519948,-0.3537016631782172,0.9533231743838168,-0.7066942437482504,0.9714989571293641,-0.7736124570139211,0.7630071096838625,0.8014196278674333,-0.7789400736556917,-0.9858686594880104,1.4121032541522958,poor
-0.9552228337842577,0.31881573781822675,-0.956545604024358,0.3427661708902691,-0.9546765132975412,0.3395100370411471,-0.9534882300801063,0.3383713880376409,-0.9647434002633207,0.3861395551829172,-0.9698699665610618,0.41204318651985306,-0.9747416762315534,0.43962677387734056,-0.9552109003336141,0.41496765709286265,-0.9867372527401838,0.5310024046109632,-0.9522888536072412,0.33593812928358646,-0.9618575280347871,0.39330244285872573,-0.9318073486463913,0.5266147741831413,-1.0035173509552544,0.5989345960755003,-0.8372128826092025,-0.353977996055012,-1.093685318187329,-0.3809809643118892,-0.9047632466941345,-0.9864899166080768,-1.0434094418915805,-1.0593847578880222,-0.9059467248470358,-0.9971302254477068,-1.0335349501867805,-1.0550959985152684,-0.9228624571723951,-1.0075000690031557,-1.027970447738688,-1.056565353564032,-0.9220713766132036,-1.0039787776287563,-1.0310108737684585,-1.056740830857866,0.9310246312661581,-0.19379413704116907,-0.9310246312661581,0.19379413704116907,0.9186320313109461,-1.0037319194137846,0.8790154471614609,-1.1041737288914686,0.9684363985779296,-0.8688513182119649,0.955547611510436,-0.9639291569455118,0.9649528594040426,-0.7261261448286418,0.9569909097296954,-0.7642006851418659,0.9794639039717812,-0.9589752576792139,0.9651394849422692,-1.0097145864573567,-0.9022704854383466,-0.8719700410055948,-0.9453982028685676,-1.202625761862707,-0.9498626403443547,good
0.21763123913013865,-0.5985647442693574,0.20653720186898591,-0.59685475977967,0.20622142658474615,-0.5945358494574962,0.20602035973540678,-0.5891408365473129,0.20217044429616918,-0.5809164171685522,0.19719042529606937,-0.5736544865720749,0.19183507870623445,-0.5629510971327344,0.20263290502288658,-0.5215345274633436,0.17588662337804822,-0.5056277903371846,0.22369926422387887,-0.5814081407925964,0.2174326683296361,-0.56267675840956,0.24380439652060298,-0.37548081607635525,0.18921281113798766,-0.5907387433868215,-0.10471626768530573,-1.0823385002127504,-0.007853847690919005,-1.1848825515453174,-0.21838581767296023,-0.5583352943243113,0.09492944286296545,-0.3399526424677067,-0.21518827651784728,-0.524770651353543,0.09808218990504605,-0.3301065213596282,-0.1947224996603589,-0.5296650526226055,0.11916141920416218,-0.3548194231197111,-0.18084897424143365,-0.5291836892989494,0.11074065929210618,-0.3568716352122528,-0.1785110266669632,-0.08561524584954613,0.1785110266669632,0.08561524584954613,-0.22112757041823905,-0.43624479541737976,-0.09849725970684675,-0.34572858470458684,-0.10022796345247319,-0.4733867480394677,-0.028583276169491776,-0.47085116374503877,-0.058569822006223536,-0.5967693107827439,-0.005142031284166795,-0.4898301169001712,-0.1173200370731187,-0.41781126173446476,-0.1047474418444161,-0.38814198656874815,-0.5546522895555249,-0.3252614644959976,1.3689816205318155,1.5993536189448454,-0.6657312464436498,poor
1.2865877113923463,-0.3096996425003653,1.2906847646315962,-0.4220303384006423,1.2861784964062382,-0.43462472597289636,1.2815626217156486,-0.4488547650535259,1.306108968409696,-0.45540917369186085,1.3141530240206443,-0.4834818137905875,1.3230745844262641,-0.5097127888793708,1.2706271210445195,-0.634777923221408,1.3346820759859228,-0.670451073127695,1.2646641906004317,-0.39603455499077805,1.287559315525271,-0.4332902229588244,1.1442886132418977,-0.7049245111479566,1.1873645778878628,-0.7797964592955017,1.3663429823724897,1.4386945176531107,1.450608183821774,1.6477282265971025,1.2748665234109229,2.4537974263724616,1.209125548949174,1.9353614888286819,1.2147553125578043,2.3958109823221116,1.1702773062712803,1.91240317772549,1.185634022615263,2.3667501189281412,1.1455737939062263,1.9822367028779941,1.177999825867001,2.3952593351795044,1.127324783033258,1.996120180368911,-1.218127009162832,-0.21899805172406864,1.218127009162832,0.21899805172406864,-1.3679412398686974,1.453121521401049,-1.1709671294228625,1.4845009844141908,-1.5035909296645051,2.550628462700538,-1.390348999741353,2.7154845052432037,-1.4434808672964503,2.567432659899889,-1.317930447054591,2.7156416344004803,-1.2826142230473099,2.59329947005033,-1.2090686153312968,2.2812080631130356,0.44444527101174125,0.6055628826223222,-0.8781412499777286,0.18746156468615055,-0.06923476592005036,excellent
-0.2370674022371397,0.8241685967471485,-0.2375597085883069,0.7795031923132286,-0.2416089477162135,0.7722868814120241,-0.24508517139824632,0.7673753396031082,-0.2224751826710758,0.8051312142820171,-0.21556738748338541,0.8123090495822204,-0.20759521720893814,0.8218091978956561,-0.25059847317044587,0.7428948506480635,-0.19273838959051248,0.8278462574426709,-0.24353476833685145,0.8351951586769968,-0.22495454478830149,0.8757120004411413,-0.28223388674032857,0.5799482170343031,-0.14766668800008423,0.9469000066682453,-0.4763690403357839,-0.8290206619209982,-0.2208887656461839,-0.545880989052018,-0.5653921144287792,-0.948137793219641,-0.2673290647151421,-0.6916956756931457,-0.5436066565294655,-0.9133474984136706,-0.28213930485795496,-0.6908244207880248,-0.5441277006129827,-0.7906541142327079,-0.2869956056456411,-0.7032128258231927,-0.5400595951343105,-0.787685411919403,-0.2779495779051979,-0.7080262341503903,-0.6244763711353588,-1.044460904115953,0.6244763711353588,1.044460904115953,0.088786273926926,-0.8935271374176287,0.19748019092337948,-0.6816773244735601,0.11380250377693596,-0.8077731787871646,0.16977869807515428,-0.6262167592960106,0.1386389604754988,-0.7928566498549008,0.1991238818638663,-0.6088813830303773,0.16662797683353348,-0.5253191969091348,0.2220855786333041,-0.488787246461108,-2.2684155475009957,-2.4358257595251493,-0.8962195140254134,1.6529783946669294,-2.207364970380021,excellent
-0.959610538900684,0.28930568279246305,-0.9616212941616409,0.3180282572150618,-0.9602112197336505,0.31355985345444426,-0.9588956416600204,0.3110310981961657,-0.9674317596672432,0.360665718888068,-0.9717899639122498,0.38543013653415037,-0.9764540388635177,0.411530460940497,-0.9598444683914126,0.3857615773637752,-0.987305166197799,0.49891634037806176,-0.9575598392441107,0.3006802715690902,-0.965828496050674,0.3559482556156889,-0.93618521647843,0.518795464555519,-1.0072700697549595,0.5783394187325903,-0.8904902485677245,-0.3604634981776559,-1.0761993742547316,-0.39734567150036115,-0.934991442615251,-1.0055408680883189,-1.0348596937314787,-1.0862818794449114,-0.9396358726261925,-1.0149176288816806,-1.0248031183163564,-1.078602637117811,-0.9420205092807535,-1.0261762196836763,-1.0174068561323628,-1.0823353118029546,-0.9407902337663785,-1.0243614331784037,-1.0190402294228205,-1.0830500704939645,0.8772844916931979,-0.14630149859374314,-0.8772844916931979,0.14630149859374314,0.8873060698871307,-0.9963798056549215,0.8766070868223342,-1.1199848803306383,0.9543976773694683,-0.8731014159262898,0.9532317298137258,-0.949740419515516,0.9557005373451017,-0.7290757546252417,0.9562377360118728,-0.7328150167294345,0.9636550570550887,-0.9815780970481924,0.9527215016736187,-1.0097873416643321,-0.5028685298570807,-0.5775618205048401,-0.5721146532013561,-1.1439743414364274,-0.857431322026309,good
0.44789106524791494,-0.26976109796479364,0.4479730403579282,-0.20530796196767542,0.4477908355737686,-0.18928913799046868,0.4475523444132988,-0.17234173192404367,0.4499008738219672,-0.25572629987469225,0.45034811562030447,-0.27781455403291416,0.449376733731911,-0.30431937367588446,0.45561016115520314,-0.13523562613744788,0.45082744501284916,-0.3342732664477684,0.4506860068556797,-0.24955914609782134,0.45120514323484384,-0.3193788529932835,0.44036566347378253,-0.24561953038619985,0.49905231483277884,-0.43754801934679943,0.21644509309058488,-0.7433841657812406,0.4802623248428965,-1.1008161087118844,0.31218784785612436,-0.12130379396711667,0.5407683883486298,-0.10191870640281678,0.27259627292144506,-0.15076280447813187,0.5076880170751293,-0.08543308766064164,0.2903084580023209,-0.1622151105137809,0.5014609102323074,-0.08099652461455137,0.32466248660011665,-0.14282038513843898,0.5089927541313213,-0.08298447981655645,-0.8134596157763084,0.04777526658624833,0.8134596157763084,-0.04777526658624833,-0.5425755408524126,-0.32189337392141976,-0.5040582001047915,-0.23097649079634897,-0.5748122963187474,-0.49362314457088236,-0.5577665774301193,-0.4477820672447733,-0.5737687869675968,-0.6686317056617357,-0.5752371894754068,-0.6844935744102749,-0.6351388653357959,-0.2844092786591264,-0.6191783253976424,-0.14412904110383168,-0.6977008723173805,-0.33619319653384533,1.3877660066598523,0.9455411115281437,-0.4856150772574875,good
1.5791627879642787,-3.2925292319235893,1.521704713904655,-3.282957088262078,1.522380331333556,-3.295817349566417,1.52177773096959,-3.3076758428482926,1.4992859597376749,-3.2103433150575147,1.4853319867164982,-3.167610205966373,1.4694942923471987,-3.1198442168558196,1.4866391668319519,-3.2550714795682123,1.4171735301149058,-2.9893066335722014,1.6153597951775374,-3.318767247045906,1.5842207951457719,-3.2068341333615953,1.5097125310417785,-3.1121426926392637,1.5363951468324475,-2.8200615453760913,1.4196937923072082,-2.2489920245697306,1.5465352904579275,-1.5323462861124217,1.655243976393075,0.5181793776900397,1.576098336342489,1.1777455301095552,1.7281912744711518,0.7220415787278968,1.610484080604263,1.2187674132646826,1.7650488685669847,0.780184602416659,1.633152819851342,1.1648440693881634,1.799584147966051,0.8060849779112701,1.6410470356086884,1.1475801981948057,-0.4826023120023096,-0.6253687104915732,0.4826023120023096,0.6253687104915732,-1.4204133487137731,1.800025697817334,-1.8262078780894702,1.4713362676530073,-1.0226326536820949,-0.3409383080999794,-0.9983932562219354,-1.2559084405561183,-0.9428152413544766,-0.6525585417330334,-0.9181429691120953,-1.8240855843533126,-1.065606879934744,-0.714270647166487,-0.9782715361446122,-1.0727784851333002,0.07401120957500526,0.31037438061925543,2.6613780638897464,0.37354660334477224,0.21398405646793897,poor
-0.20350066418269683,0.9338392076195348,-0.19996914521043682,0.8922706861882604,-0.20361758104728672,0.881896403349131,-0.20673012647211925,0.8710232555778543,-0.18494235137964904,0.9107382929948801,-0.17770819372062757,0.9125422885303616,-0.16952761675007966,0.913045671395979,-0.20958596361562865,0.8249392558284974,-0.15232452892932435,0.8919717590739005,-0.20911314908769088,0.9250666176901463,-0.1908633233446335,0.9484993294248674,-0.2295640124860101,0.5247558441176663,-0.0970586798256279,0.8908692194597762,-0.4018397958463222,-0.8615009875552841,-0.19517341247467504,-0.5889043867731089,-0.4815779560764983,-0.9453330575514507,-0.2572489659684355,-0.6905161817450037,-0.5032390673276793,-0.9029377047478617,-0.2613812415898982,-0.6778996359319395,-0.47433578821784284,-0.897853225253871,-0.25884361268046324,-0.7078984667475354,-0.4621884578030253,-0.8976209016569426,-0.2532200271056748,-0.723025171181676,-0.36722403609287013,-1.0751082278441362,0.36722403609287013,1.0751082278441362,0.08974537495830177,-0.9323504865216928,0.18212194173604648,-0.6979975851248085,0.10904470025824259,-0.8365811743240518,0.13655948650713465,-0.6523484971431477,0.11533687316277953,-0.8459715270519655,0.1519917620516166,-0.617190607496025,0.16410592161402338,-0.5271401179228986,0.20743587257539964,-0.4897109037956336,-2.1999836490125277,-2.273790959318757,-0.7550179095170968,1.6746943986495229,-2.156801785674936,excellent
-0.9650535585452292,0.27182835003365896,-0.9653336532385741,0.32048269293247594,-0.963420921521969,0.3130711174513054,-0.9615317105439191,0.30871951717608764,-0.9738458823867183,0.3590396178402852,-0.9778329008459111,0.3813307506245293,-0.981830213673745,0.4051592609573056,-0.9580342581431129,0.35460175412358563,-0.993816942197536,0.46448491510162526,-0.9595752364694605,0.24941601660610427,-0.9705007541323455,0.3113576198293314,-0.9277813665894653,0.4074942871794336,-1.000054722946918,0.4778983041673377,-0.877592822695733,-0.024388504437485803,-1.0469712846162365,-0.026585634273252827,-0.8532019866759287,-0.7184674705532309,-1.0767859870620466,-0.8129109805849123,-0.8434672251965405,-0.7194455479220471,-1.0762650830154532,-0.8292428880289285,-0.8853583938376225,-0.7240433598669722,-1.0590128187918335,-0.8061669775927257,-0.8896398701287885,-0.7267607085948503,-1.0594754021361776,-0.8007335936558349,0.9328735845434613,-0.11779195384114713,-0.9328735845434613,0.11779195384114713,0.8943682893660807,-0.5212461488196973,0.8884719315197832,-0.6503719950304301,0.9651586004122654,-0.4359339312259585,0.9677313728325797,-0.559504819086684,0.9638726954121685,-0.298166443964466,0.9680888935069535,-0.3519086892717757,0.9758417583448199,-0.6795412189379023,0.9806448214782586,-0.7635676956828897,0.8357378925023055,0.8066887727589179,-0.7416911742038539,-1.1519162773443168,1.3806374646986452,poor
-0.4987723408335322,0.01652681565345893,-0.503728171358921,0.05032509460103715,-0.5077703670749832,0.041781579901485434,-0.5119123465000677,0.0343352749420668,-0.49630088688823804,0.08680143788972905,-0.49495215942413046,0.10386518055544297,-0.49453254002195396,0.12125580103850857,-0.5354561886247537,0.052424597463623976,-0.5093069729511224,0.1563974835516157,-0.5117744371092802,-0.008119604798380874,-0.5035929181496136,0.04467201776299793,-0.5564711309314023,0.2916860101888495,-0.5897035249404657,0.10744243204113538,-0.3245911333878154,0.32562686613155484,-0.47534256565513733,0.02005359149690026,-0.2164249487288912,-0.42144061643047337,-0.313392397634126,-0.5398308995999983,-0.2398382136952795,-0.3947849064927551,-0.3005338330275104,-0.5170903364775573,-0.2531927462826956,-0.40121169712027877,-0.3270215786744223,-0.5154378086200335,-0.2508871606028984,-0.4091602631898756,-0.3267410489914454,-0.5181083343795205,1.5365931075650394,0.2791551894234786,-1.5365931075650394,-0.2791551894234786,0.977754901142972,0.036391704920311865,0.8956490152792765,-0.09007700188621084,0.7197739056816289,-0.055927087306618904,0.6930367939303401,-0.1325087518924991,0.7017705616350508,-0.029573673600666005,0.6734300954481135,-0.017808574938311804,0.6732121197138193,-0.20450118260432712,0.6745805771425912,-0.295024829360884,0.7020851848876782,0.3426631683043242,-0.9370992564819153,0.266544625969202,-0.04734241187650655,excellent
-0.9662116098804077,0.0859300029071274,-0.9678399546373783,0.143185332705083,-0.966551798098417,0.1413480995726298,-0.9650785475767875,0.14152087045094436,-0.9746322871422878,0.18467151527449646,-0.9784079867236432,0.21176692564720492,-0.9821691473749605,0.2422654395139371,-0.9631319296931625,0.22987379877060568,-0.9916299365464828,0.3550180522187613,-0.9611173027508031,0.07586210661262702,-0.9719338811364253,0.14175284642572497,-0.9338459626737572,0.3717210026637768,-1.005192399584224,0.4554127168245999,-0.8996056041535014,-0.13240577654597385,-1.0766955375709775,-0.1828733094334692,-0.9218328220476953,-0.8592365431143055,-1.048528919681779,-0.9582412393392059,-0.9254507164582754,-0.8706532324994265,-1.0427522700525527,-0.958041505357015,-0.9393406925140672,-0.8883647229271411,-1.0362033495247995,-0.9516723731129222,-0.9372309254989504,-0.886362690680038,-1.0378645739286914,-0.95083209038178,0.9044611110557472,-0.19170971740676376,-0.9044611110557472,0.19170971740676376,0.8899451664623785,-0.852663628734429,0.8839630975232566,-0.9741077209260878,0.962872012854466,-0.6806338812760724,0.959213543977424,-0.8187060080579581,0.9608155815086954,-0.5184870563732322,0.9604641253374964,-0.5866828491243912,0.9715193327538835,-0.8418621361916476,0.9665280030150686,-0.9142930920710932,0.6502393384027082,0.3866902431372078,-0.9341323197465838,-1.0421214397598522,0.48309788471966447,good
0.9747171309240891,-0.4434217791756706,0.9680837641200667,-0.5306627682312793,0.9635719933923922,-0.5443126792636351,0.9587517695990684,-0.5626253759921243,0.9798779955871839,-0.5344024523050949,0.9860370216167531,-0.5419011603527698,0.9929144491993356,-0.549810436718557,0.927978586038593,-0.6629409467056893,0.9700560495034191,-0.6751308289699082,0.9602161199408711,-0.46028262323949953,0.9772683736511136,-0.4833132935851506,0.7892423041282637,-0.6754713588051854,0.8967812094598109,-0.7100155164153754,0.6033585822476468,0.547217476414763,0.8931705374872334,0.8117772526477512,0.5922841922360009,1.3898704937124096,0.7584739617053389,1.279153258625386,0.5680719727202405,1.3722500265918434,0.7042815773748559,1.2693698798455524,0.5983238176353974,1.3344243598554666,0.7006150917247143,1.2955069358341382,0.5717529703520188,1.366354949745772,0.7007580834132344,1.3063149859091487,-1.5269714505405214,0.9038503482908445,1.5269714505405214,-0.9038503482908445,-1.142111534255959,0.9363753186409793,-0.8834397500916368,0.8223623628459208,-1.2236591292333263,1.691862507587876,-1.0980699279507713,1.7924205243397724,-1.1690520059969467,1.691256446871327,-1.0318289732313843,1.7083326460171626,-1.0944904210465742,1.9136094845400524,-1.0022813359497913,1.6307717746622317,0.16474141716998675,0.37293160432599226,-0.4688883881841701,0.7288258526579988,-0.2099090216351075,excellent
-0.9733327441515532,0.3215470533223622,-0.9727341116386792,0.37191403643743637,-0.9696638823126852,0.37024084243082184,-0.9669246410109187,0.3676123173307711,-0.9826035283376247,0.4107395037391786,-0.9861972983568413,0.4318575435676505,-0.9902907452140205,0.4497099140534081,-0.9644930532208705,0.39503851709633125,-0.9973152977023109,0.49062706573800857,-0.9655088392297075,0.2821268687959833,-0.9771624322792135,0.35218501346345804,-0.9304232663768016,0.4496810537492677,-1.0023350567667326,0.5167002116151445,-0.9293402285177634,-0.04407018197341344,-1.0202444470140628,-0.04308608624838429,-0.887671434294607,-0.7732459055628497,-1.0396655832707646,-0.8627769226804257,-0.8982387895164068,-0.7762910735001687,-1.0332365746866543,-0.870917275593189,-0.9131692352330707,-0.7824639907644068,-1.0274959622398057,-0.861308127002662,-0.9114544922005646,-0.7803596014892407,-1.0291341758225367,-0.8580128987587248,0.6405922005663054,-0.22914195802140738,-0.6405922005663054,0.22914195802140738,0.8737519041003595,-0.7203004787902829,0.896628846894273,-0.8140614395552702,0.9493241062345523,-0.487328858018635,0.9698335197873716,-0.5765755472069842,0.9444721042240898,-0.3216574968994572,0.9690806865682395,-0.3395277917805265,0.9637052219650493,-0.7027445684842117,0.9786020633122866,-0.7688623575883022,1.0205060299318596,0.8631383270673891,-0.93568371049317,-1.0647366916504493,1.685545547281789,poor
0.783882151611425,-1.1062898318889245,0.7658889301477587,-1.0938882067293096,0.7624542097524967,-1.0954865012602641,0.7587313627912979,-1.0980978485781459,0.7695057698336579,-1.0684091504421935,0.7696122595647518,-1.0505357257554955,0.7698744934665941,-1.0322575389701836,0.7382410968749111,-1.068848948438294,0.7648723757939465,-1.0045535019400391,0.7794604794653236,-1.1074536210856616,0.7819570328862717,-1.0813382077621194,0.7215697431295347,-0.9502371669707291,0.7692989797164473,-1.0920716121112835,0.8955710124185834,-0.03427808184200034,0.9623031409969273,-0.14439119039969428,1.056349572946058,0.7953665627816678,0.979603005647292,0.6711121836530489,1.0298141234008205,0.7696467874138202,0.9522604310566564,0.659354720854306,1.0110372854921321,0.7718354499597274,0.9376725464380441,0.682691959926736,1.0067072109331499,0.7939819289744219,0.9388626439958335,0.6953040786922393,-1.1088276311783254,-0.0455752423145825,1.1088276311783254,0.0455752423145825,-0.8054913414823581,0.5289506583465254,-0.7137149509081386,0.4776563612127077,-0.883678837201578,0.8593085969967734,-0.89081637744283,1.0703947370586815,-0.8948551645881406,0.8751952751096665,-0.9472464452195116,0.9699976538076786,-0.9035241946079214,0.7957214154684926,-0.8491536509960433,1.1279365069678882,0.22031431127571427,0.3962572788763111,0.7737370076531316,-0.14041173890517178,0.43497078041070636,good
-0.9722400473807847,0.23791757894075358,-0.9732267583226257,0.29756088830873184,-0.9712545978947311,0.2896962951080852,-0.9691259795392837,0.2810002698972163,-0.9799947484891798,0.34150219296712847,-0.9828307912551044,0.3610159859201821,-0.9858473172186055,0.3818567744841467,-0.9675314634138772,0.328830507983506,-0.99495009470188,0.43671215894038595,-0.966007202091662,0.17656598008418659,-0.9757508774900339,0.2578085329184987,-0.9343285968882971,0.34432245946043666,-1.0056953431733588,0.41278341009163616,-0.930892308835272,-0.14437603679674113,-1.0461684213250435,-0.18694765119966797,-0.9275609207055742,-0.836434578536089,-1.0391873164194283,-0.923940501814672,-0.9276296575351753,-0.8363019946503353,-1.0282550155651158,-0.9270164593911591,-0.9382751281289669,-0.8528670474983076,-1.0184993807905287,-0.9281451526268374,-0.939743683799563,-0.8524956211647615,-1.0192731341819823,-0.9247149825098462,0.9264165580061021,-0.12926443938548904,-0.9264165580061021,0.12926443938548904,0.8938382314328971,-0.8202653862106711,0.8816815009890262,-0.918152570985947,0.9626134437154196,-0.6461366389125333,0.960843891857516,-0.7332527884787334,0.9630620828788699,-0.481742302675385,0.9613898990401729,-0.5042850225515998,0.9712424577279684,-0.8143042906130223,0.9682730842767279,-0.8667233095685691,0.8712932275780221,0.6681800414341469,-0.942071202591555,-1.114318532465158,0.920834759819319,good
-0.9620764077756517,0.08313038851385168,-0.9647667601120601,0.13973499688151794,-0.9633005381589876,0.13689597982718008,-0.9615618710425664,0.13676167622174162,-0.9707174000088713,0.18224126756725184,-0.9750152632398389,0.20868951672200195,-0.9792880101903025,0.23817946927133446,-0.9608954194425481,0.22370083740166832,-0.9896514264724463,0.3448208287660463,-0.9584546967405438,0.0715633336123318,-0.9672842922023143,0.1344627468360542,-0.9326878467874284,0.3686588907368393,-1.0041815373352618,0.45280343985403704,-0.8892721626826301,-0.19847845380109147,-1.0712741802243622,-0.20884759089688748,-0.914877827375925,-0.8930874534169599,-1.039056671231464,-0.9843472211168252,-0.9240895307258157,-0.9011590402109578,-1.0319459005134277,-0.9822578183326528,-0.9349844145164409,-0.9188155870311617,-1.0253404477368089,-0.980574234865695,-0.9315211600597675,-0.9168382979859244,-1.0266649598878224,-0.9798911043236335,0.9041153711217917,-0.19820269711685817,-0.9041153711217917,0.19820269711685817,0.894950354162279,-0.8831356232932589,0.8797525640895604,-1.0189899095026633,0.9676576160183008,-0.725870512258953,0.9537559530674043,-0.8526993672109754,0.96577988727551,-0.5618513265751734,0.9546687388613488,-0.6240855481329548,0.973086937854243,-0.8908526840875602,0.9654442254007847,-0.9525760159640408,0.5733693015955684,0.35581671467248915,-0.9178059805325729,-1.185524941456218,0.3970840481549134,good
0.44225264755137383,0.09378729654163397,0.44329756199658593,0.056189670008201145,0.4410052496049425,0.0586655325249521,0.4386874335756891,0.061164258577159174,0.45037878882291277,0.034264487829227315,0.4524613131253967,0.0181734887882159,0.45409488632767,0.0024090883336885297,0.43466855298739854,0.0008284716045715394,0.45557586310436876,-0.0761079072050474,0.43365358906840357,0.11092517107840376,0.44691695353805216,0.06585134419013076,0.3735520194711312,-0.020687487548986274,0.44928976636977525,-0.2146496009503639,0.4224109841269604,0.7365739895767691,0.5904200377128281,0.5945085604260939,0.5527234331219418,0.7274887869318414,0.6142144410217316,0.6753869794638415,0.5160376890884064,0.67487771792184,0.6294899091768219,0.6656601194689076,0.5304522983780613,0.70649728300592,0.6099646505087235,0.6597019012627923,0.5363255503589844,0.7279062780995171,0.6007549487112169,0.6720469113760542,-0.9860155014400909,1.1589660580211383,0.9860155014400909,-1.1589660580211383,-0.4269284156120756,0.8004710314598265,-0.3602217827411942,0.655333070942946,-0.369328196212301,0.5733366278458389,-0.3165775057732068,0.5360899684353376,-0.3688893144188962,0.6049830990976613,-0.33903546597195705,0.6019570024500793,-0.37006235199129206,0.4404749341283942,-0.31372668928865843,0.49825982528044244,0.10576666955127922,0.33520869415199644,-0.6234346744585815,-0.019864476690431964,0.1800644331805472,poor
1.1335932657806593,-0.41105453321139757,1.1505223621743295,-0.500209821565747,1.1472214405740688,-0.5231411194388371,1.143763225842274,-0.5467855427406909,1.1692933780395354,-0.4975014068390963,1.1801889804942705,-0.5107404289407061,1.1913160548174382,-0.5195871562111051,1.1280275689586694,-0.7369043813929881,1.1914410040189258,-0.6479435401494635,1.11036429125651,-0.49718648263188026,1.136137500105172,-0.49265189936182335,1.0078880069058012,-1.0274298556920376,1.0981290986008667,-0.7967725920774843,0.89787360162685,0.624824128263741,1.098022371817507,0.9625827725594962,0.8256263557046449,1.71441056807389,0.9129112039048175,1.5712231785279085,0.8102599828652294,1.7166426145973195,0.9033224080218966,1.5538525992227235,0.8293898795499063,1.6795374402676224,0.9023292966526849,1.5643011341815969,0.7916325393102635,1.6899883735072088,0.8902387623675948,1.5751128201334192,-1.7417170814983607,-0.8611451808529967,1.7417170814983607,0.8611451808529967,-1.3455178658459581,1.1764193023681033,-1.0999649639198243,1.4632300374865492,-1.4301420206492628,2.0143963946773304,-1.351939786012107,2.2358384238297457,-1.3913558533073016,1.8659761264141357,-1.287756912931249,2.0473867352456137,-1.301064477320635,2.266871733903621,-1.2009015796654172,1.9788130281020841,0.2895980225396598,0.38828296738418056,-0.477119635090108,0.7384242876743194,-0.17276992572967742,excellent
-0.820016951566265,0.24365534399100172,-0.8261737714194959,0.3001263544197878,-0.8295686456048298,0.2987744132447486,-0.8327458752845244,0.29905371587462437,-0.8202790090377814,0.3293689943492226,-0.8203260683065771,0.34628066116515893,-0.8210777594425911,0.3645076416029904,-0.8483555618313604,0.34358278044583546,-0.832424969560473,0.4188915179092914,-0.8318711399556649,0.2257636790513563,-0.8258148874716807,0.2699980493087148,-0.8369492575372564,0.48579924998874324,-0.8854495013529523,0.37668400618052617,-0.7925700422762701,0.02950945565901364,-0.8779017103070077,-0.09322965391978054,-0.7568100616449474,-0.7268926743054557,-0.8751760644060768,-0.8125146842915262,-0.7602534183307613,-0.7161461358645279,-0.8953799467633925,-0.8134380246361258,-0.773598619002686,-0.7217920780105747,-0.885301438413849,-0.7997836629064897,-0.7784530038109926,-0.7222101754843826,-0.8786094426801601,-0.7987060459046433,0.728532140831961,-0.12515490591548586,-0.728532140831961,0.12515490591548586,0.8418978360856495,-0.5978919838038513,0.8364677452010331,-0.7607198804421706,0.9185229748979356,-0.39572939734012397,0.8782035230841588,-0.5583971774455472,0.9177902966825243,-0.20799936841696448,0.8779946010314924,-0.36413981614903085,0.9246570691744653,-0.6267151620848777,0.8902352043900321,-0.7231000737636106,1.056190181400268,0.6886079753701245,-0.8298619391914283,-1.0026479048132229,0.4788567802007606,excellent
-0.9720084880336639,0.3085817171683212,-0.972335922379832,0.3700227640795707,-0.9692145287258704,0.3673928662118862,-0.9664342136128453,0.3647610993395738,-0.982591197371554,0.40600325148001676,-0.9865880143983832,0.42519577764349187,-0.990950420708453,0.4419944280653643,-0.9649021954190692,0.40407270159096526,-0.9984723884944574,0.4915754218846943,-0.964849319850553,0.27896907280447664,-0.9768722860671049,0.3463623738328148,-0.9295367792151881,0.44161577605992236,-1.001549936489191,0.5069333284919781,-0.9213786619815381,-0.06209163982352377,-1.0252466624504584,-0.05833963601245713,-0.8860563260479688,-0.7856432536409755,-1.0395110967910002,-0.8756188611217528,-0.8980863655822588,-0.7874651631007087,-1.031173296693212,-0.8815326621001243,-0.9131368048925499,-0.7952989335126034,-1.0256279143602238,-0.8733670951537716,-0.9111038244059861,-0.7930497925209131,-1.027549158094175,-0.8704434850195764,0.6201509233063516,-0.22379824369433637,-0.6201509233063516,0.22379824369433637,0.873496949859904,-0.7256839640602109,0.8962391449875011,-0.8301788729885141,0.9497734564848451,-0.5045513189152547,0.9693703122285807,-0.586357553959515,0.9462733882667352,-0.33883197760980666,0.9692168726656066,-0.34534491320417987,0.9608413747040496,-0.7176128857438628,0.9779477555323338,-0.7718102794383485,0.9720906792424645,0.8142955640470106,-0.9277260082579036,-1.073111204158634,1.6720406840759339,poor
-0.9671691948513546,0.2722171275816868,-0.9668859008385134,0.30775299534735057,-0.9646862802331734,0.30105620426464197,-0.962515966549483,0.29571493647827596,-0.9764944488283098,0.3542384817321817,-0.9809507689487165,0.3760536756810045,-0.9853836492538102,0.39842088818879406,-0.95995368978194,0.34160256770063047,-0.9960599036881762,0.4562998760986087,-0.9598035992786662,0.22970579840858713,-0.9719845676280826,0.30594796219968035,-0.9355503105793002,0.43244871154635284,-1.006748498287322,0.49717627560236366,-0.8721906912204967,-0.09159254801044708,-1.0527869814393833,-0.09612762496232907,-0.8817608120065005,-0.8039488350169527,-1.0448973724494095,-0.9002557128009488,-0.8912120737060873,-0.8087707873919927,-1.0331419086629337,-0.9022667847208562,-0.9099047476658101,-0.8168152718204817,-1.0256332301242796,-0.8970695882860612,-0.9085761859878615,-0.814955672256935,-1.0293040030469416,-0.8947725717456034,0.7149973105295272,-0.24717338944811887,-0.7149973105295272,0.24717338944811887,0.8806077236486954,-0.7446154809815663,0.8980119765997634,-0.849047402256015,0.9506972449826204,-0.5579658863866339,0.9688645317548437,-0.635439376200865,0.9483217589148372,-0.39918782224273,0.9716082898519569,-0.40493869708809865,0.9609669472219684,-0.7642171240516867,0.9773382189487767,-0.8095141620211643,0.5764048873512023,0.614756857626773,-0.8899421717053547,-0.9107055209577493,1.4954061681829296,poor
-1.0122232698433162,0.6687650332883257,-1.0038874290561177,0.6835108752852453,-0.9948971475195463,0.6850064758621535,-0.992434448739566,0.6863194415099328,-1.0175547537404108,0.7047652210912516,-1.0204154133499796,0.7149226895775949,-1.0231911873572928,0.7254494554482307,-0.9770179721437301,0.715971534921341,-1.0223077316015359,0.7612644091847973,-1.0018787790240609,0.6871337005035474,-1.0139190700507525,0.71874237313692,-0.9598263229262285,0.6968993576568921,-1.027807756321471,0.754856690668804,-0.8777242197420828,-0.3042749979526769,-1.077694688278446,-0.39407907235792794,-0.9463148593063321,-0.99812631454959,-1.0266903813110575,-1.0454587801643682,-0.9467567269097192,-0.9964242967754144,-1.0229907334024004,-1.041586009006984,-0.9461714897945095,-0.9852343211969075,-1.0208879400827444,-1.030057193531944,-0.9483744239461358,-0.9846354593993983,-1.0176935943282186,-1.0332892307806403,0.9599515154313019,-0.1489145981879077,-0.9599515154313019,0.1489145981879077,0.9576243218589685,-1.065089169023173,0.8988029806173864,-1.182675527829412,0.9963427307180458,-0.9171198801896342,0.973437575489448,-0.9735594340211688,0.99358025317149,-0.793759467530273,0.9747860711865595,-0.7803919754413631,1.001849260078703,-0.9723978454712867,0.986147645080324,-1.0022710450525412,-2.6877840115537244,-3.098327509335103,0.33639282815233984,-0.7509522510176109,-1.8761897057607857,excellent
0.26087641409518614,-0.6673691508453716,0.2501306346159013,-0.6419776810665947,0.25080315833338385,-0.6268856475598664,0.25127950303855334,-0.608920477434388,0.2400675248995524,-0.6759105224922151,0.2323291409078772,-0.6841327916277958,0.22272200055128324,-0.6821970751375953,0.24616883140203077,-0.5590872342840199,0.20526360225877988,-0.6504325791935774,0.26964490061605434,-0.6167270969906677,0.25302913722163506,-0.651843430404448,0.2667434902783545,-0.45075628694145686,0.243626034660575,-0.669180265569687,-0.09290660717403273,-1.0437220697337337,0.008497062720693348,-1.1768477041280063,-0.3088602793842892,-0.6967477165819753,0.08593287112142507,-0.28300263381778457,-0.4040446169505069,-0.6023708034150729,0.09019404773585375,-0.25147581847696704,-0.2896598217564432,-0.57052406786901,0.1157753378552346,-0.2906470082607311,-0.2804000937264575,-0.5873632270214795,0.11546693138855973,-0.29886005621161155,-0.5545423488591406,0.17400032484650746,0.5545423488591406,-0.17400032484650746,-0.32085734640038177,-0.4276094902991408,-0.3100755944489297,-0.3674943555265437,-0.2731351928150941,-0.5773933329816036,-0.23018700114666948,-0.40897432125159683,-0.2612918224474489,-0.6923966172282613,-0.2255191493438409,-0.5469849168393155,-0.3042774923579679,-0.5411533074602809,-0.26393469036712236,-0.3996042835591913,-0.29601011771954794,-0.28355739326509855,1.6857215404778547,1.8715018353495052,-0.7286232349360747,poor
-1.0075131471934713,0.1963224465887615,-1.0089460133347543,0.23609472462039147,-1.0045773286238322,0.23330452525837625,-1.0000288306869285,0.22845104344746464,-1.0166862538106731,0.2756412182164425,-1.020112429332615,0.3014424567135786,-1.0232992138106065,0.3295457646030953,-0.9940001348312276,0.28243553115847453,-1.0188525974546578,0.4194551193322784,-0.9927744187901371,0.19107244237036283,-1.0083513363327017,0.24645268978756363,-0.9465475188737676,0.39811773629182845,-1.0162935402310622,0.4745421554467866,-0.9660440619668077,-0.01923313098056415,-1.0347894142408738,-0.05306065112719593,-0.9918578410326782,-0.780713664996942,-1.0166089105396345,-0.8782236916016005,-0.993080650315925,-0.7851780840084481,-1.0152186136014627,-0.8846599617259815,-1.003426273652831,-0.7983860905448114,-1.006175553450124,-0.8798898237265219,-1.0072331880668886,-0.8014449314197835,-1.004156413193028,-0.8787195319071817,0.8013843433167961,-0.15762008640439953,-0.8013843433167961,0.15762008640439953,0.8890320375206604,-0.7398230660960681,0.8874839726193202,-0.8420069101265679,0.9633661146408353,-0.5176767968816708,0.9671942855433397,-0.6062265623476971,0.9641458932709261,-0.33566697054187794,0.9656488841363211,-0.3482936374586419,0.9745259961335627,-0.7164106369363907,0.9691129274636225,-0.7910435195746875,0.7891010518116832,0.7233862084249258,-0.9317239301163648,-1.1384513862754664,0.7544848003764598,excellent
-0.39341689370230193,0.7708060769760441,-0.39794161791258803,0.8132046256259982,-0.4023756292553918,0.8325152907589451,-0.40659654331103134,0.8519639660670588,-0.3842133804644061,0.7809670523036988,-0.379457328930541,0.7728250876440013,-0.37474964932715243,0.7647046269131116,-0.404171993574812,0.8981649322083753,-0.3624755858187028,0.7751314609168172,-0.4034560381449761,0.8323151372396713,-0.38753302395836203,0.7723436966740164,-0.43819445222538334,1.0611042378008335,-0.3015864506574734,0.7974422455397602,-0.6404783331047508,0.6682425906929481,-0.3192968808881559,0.48099531939614637,-0.5462626469275605,-0.33134472077332,-0.30926223655581975,-0.2962593143987987,-0.57413262963358,-0.3649575413478774,-0.29670505734323427,-0.3151904191255614,-0.5372100944075278,-0.3776372385283245,-0.31293213031030104,-0.31557268443634856,-0.5263293974448767,-0.35586924104049855,-0.3176063453834734,-0.3141809171449735,-1.064835748652446,1.1577520419237668,1.064835748652446,-1.1577520419237668,0.2283865339359987,-0.24819614870607803,0.35153842274026353,-0.5500431665313901,0.3239499572577818,-0.15275961549436312,0.3920701114588555,-0.4456696061184073,0.3328837797846395,-0.06159784833104823,0.3977493230810947,-0.3398512770069294,0.27952798512833293,-0.26169955448442916,0.31657217985409974,-0.47405799485462385,-1.222089097046466,-0.3289733391254286,1.2664064051576984,1.1273488141659298,-0.8770299219702249,poor
-0.8731930415813322,0.19261687165880648,-0.8760568016641189,0.2314769966030186,-0.8756291089261831,0.23020909094666347,-0.8752256016891758,0.23064128572589773,-0.8811712197874446,0.26388189871584805,-0.8854809963756949,0.28512446951365894,-0.8912036759916542,0.30956917602779915,-0.8786409276450132,0.3019903247021516,-0.911752154383963,0.4055816831372672,-0.8752113775326,0.19334238627531306,-0.8800070628366116,0.24846591839090612,-0.850511937298708,0.44833057776381546,-0.9280086002133218,0.4488593222727082,-0.8185602589483965,0.07480624946326445,-0.9510570126338941,0.006886232757898563,-0.792213823469673,-0.6903596879563269,-0.9604801629500451,-0.8084464913100093,-0.7836609934948622,-0.7016458062880869,-0.9613396920957268,-0.8177763969620089,-0.8096842928461706,-0.7015286045706616,-0.9517418490025749,-0.8107389150971862,-0.8174362218528591,-0.7021475826382267,-0.9488269816669417,-0.8081861568988589,0.8024210461780644,0.11840317135202862,-0.8024210461780644,-0.11840317135202862,0.877435406075149,-0.5191746479805123,0.8658582819074301,-0.7285533581347234,0.9242325185252336,-0.43756596099938766,0.9283978009742336,-0.522462514040679,0.9236682961388069,-0.2863991972760916,0.9273292819213541,-0.28989898004599646,0.9226016680998318,-0.6195047050592702,0.9341377460274364,-0.7025390422248388,1.0758760178057782,0.7012763473954221,-0.7698916077384718,-1.0116337974156902,0.9813125048928791,good
-0.6061422024603197,0.21700648828124458,-0.6117555183108802,0.2520541456002327,-0.6164411883187901,0.2457364175192442,-0.6213037333097986,0.23939013627269407,-0.6029987432234641,0.2829680703949335,-0.601856389503675,0.2974796362208065,-0.6013091026434865,0.3129277074661517,-0.6487201164382357,0.23911492299424694,-0.6160394663986084,0.3373813367020619,-0.6259074317438785,0.190900895728659,-0.6177862949565367,0.23610896579136778,-0.6428111967285236,0.36442489967977465,-0.7128173271272618,0.25021720191193797,-0.522233602832375,0.2389414935285184,-0.778707796960963,-0.021975368308922126,-0.44188867932389864,-0.46781265419934986,-0.8731373496488185,-0.546071689941367,-0.43835880853616277,-0.4659578937152999,-0.9027603214131156,-0.5339560844279556,-0.45889934541904864,-0.47020355860995905,-0.8691019717171325,-0.5147884306574748,-0.47365930849442917,-0.468377916449353,-0.8588299788837579,-0.517537333856751,1.5344558507594466,-0.003156695474613973,-1.5344558507594466,0.003156695474613973,1.1433670243062795,-0.5026502543079535,0.8295283152345095,-0.1620497572945916,1.010409075403265,-0.2733686801197743,0.77956233144062,-0.3427739742379086,0.9840441691883774,-0.1483485061312907,0.7698354815213532,-0.24873447634914922,1.0375365614074106,-0.4207182980597785,0.7640914862460478,-0.5247335033924907,0.7306725036835472,0.630349143424315,0.13544645326649227,-0.06404966773754864,0.7356460874018497,poor
-0.5724473989581285,0.22905515584846203,-0.5809585009125129,0.25931399666036564,-0.5857604444180982,0.25345990985127853,-0.5906756646748372,0.24843379426674914,-0.5719747475870899,0.28925152852164854,-0.5708574134203367,0.3034649608524722,-0.5703102411039401,0.3188510638021004,-0.616762459993596,0.26303908071784166,-0.5854377575043529,0.34905203132047546,-0.5903585528708496,0.2059216828587484,-0.5808913138372673,0.25323783092799756,-0.6047315816480168,0.41350301764834535,-0.6668455918376449,0.27299084432810417,-0.46846347852367226,0.2818997859332291,-0.6952625230705295,0.028643603499706793,-0.37048833963558997,-0.44799095754619084,-0.8110969219929414,-0.5440986357794838,-0.3756294577953158,-0.43987310582445344,-0.8576351657381712,-0.5099955930241777,-0.39485162729092793,-0.45062606843923164,-0.8322028420912883,-0.4814677269862137,-0.40662749338951465,-0.45204187773955673,-0.8173945368086423,-0.4878616999756187,1.4245915490537961,0.15130087981353552,-1.4245915490537961,-0.15130087981353552,1.0487292081711574,-0.3910935290966915,0.8733940010363088,-0.10381524873750794,0.8720670161545542,-0.20438220919141223,0.7925529236657244,-0.28271498643705106,0.8533051948315261,-0.09692592169693685,0.7857900880613983,-0.19494464378358176,0.8381263991835299,-0.37151360979510645,0.7595362644813678,-0.47971578811459004,0.6407853264665694,0.718153057373508,-0.05790438319683026,-0.2041475325743339,0.5545464325510423,poor
0.6526947325979738,0.6031580114672472,0.6827624145345537,0.590247807003317,0.6822085329386687,0.5952824443896813,0.6828412175219756,0.5973969586468484,0.7019738052381194,0.518799673658407,0.7140936778522726,0.47163401844900377,0.7275177183349011,0.4100617054694298,0.7140656306287927,0.46402887809025195,0.7694096751764438,0.1720213954731797,0.6391577959850905,0.5727025892807258,0.6574218651249978,0.4771804516847412,0.6624469849947029,0.03284289429941575,0.7161774992807152,-0.14782831631526633,0.5684290897951214,0.7134842310615431,0.6638062596442923,0.6818069640977067,0.6615025691826508,0.8516859843870384,0.7465717815688927,0.9473745030183729,0.5587602120222583,0.8929706010320254,0.6859521525218543,0.9908663611802626,0.5562136684070312,0.858403368420302,0.674769977257287,0.9782859326558037,0.5808989310015514,0.8773697642025513,0.6789727972203897,0.9651941057624425,-0.17131685900787452,1.0069259973486095,0.17131685900787452,-1.0069259973486095,-0.7956860731437345,0.8172650365144387,-0.60027250725408,0.5799748267408129,-0.7656924037488455,1.1200247489431987,-0.6661022790613419,1.1473431998647226,-0.739159253028689,1.00826342303945,-0.7877355229961908,1.1201314269254525,-0.7001538405083834,1.347855033602199,-0.6111539953026105,1.1045291705041942,-0.14951969787177247,0.021541439392584384,-0.708055318264565,0.34723478777892236,-0.6092658529698306,excellent
1.299228435972309,-0.8638103523445437,1.305031279094432,-0.8064161093998494,1.3093687950739041,-0.7787859210677749,1.313197216211109,-0.7529329352162102,1.2954498551755593,-0.9106618509525108,1.291532609757279,-0.9558685072482651,1.2848724171590293,-1.0098382803752741,1.3352800344910143,-0.7317542044272076,1.2873445125478409,-1.0561051331088962,1.3111773166755591,-0.8202727124703145,1.2986366290992153,-0.9527852036140794,1.3222569524603884,-0.9789410605231045,1.3090050478685642,-1.097057365462359,1.1119610678507226,-1.2167697496421788,1.2581216686782428,-1.354186609176909,1.329969585391604,0.5128601790745531,1.4030758618453085,0.6289165480673384,1.2635924782817134,0.5336817428398253,1.3502295365147803,0.6416026182029453,1.2473966786167308,0.5210270465974657,1.3587837759394987,0.6506821379412767,1.297464412013305,0.5365144526613099,1.3714940039316852,0.6529879255734156,-0.7516592369448661,-0.5311957566726272,0.7516592369448661,0.5311957566726272,-1.3166996566876683,0.061314480563385516,-1.2979256430005923,0.45510913102840167,-1.3748786933283335,-0.17888952823890225,-1.4355112785415958,0.08918321114551639,-1.3825023014536661,-0.5220826083875976,-1.4559840795261847,-0.44419080321785626,-1.4813319363595803,0.10013322137363158,-1.5079332685125966,0.506981459860834,-0.6473336674085259,-0.28110813861055084,1.2017696809619842,0.6874007831518634,-0.42092533533482873,good
0.303818130644711,-0.9234250521686534,0.2935695621249499,-0.8991597071906724,0.29541464604390033,-0.8891148108745835,0.29745400534373834,-0.8748043940957486,0.28181355391297125,-0.9072168240118378,0.27468289892540104,-0.898924628982757,0.2643584385455369,-0.8856079361233108,0.29789629648465726,-0.8001978132835047,0.24181079056584356,-0.8097826751156799,0.3142686148693591,-0.8553948956663435,0.29521554032628794,-0.8668998415055894,0.3286925340096973,-0.5671764525376378,0.2906073881036315,-0.7807248047481272,-0.02708091036508801,-1.0437142767082985,0.07981606139216044,-1.0301495774881202,-0.23348155118310202,-0.5790640120969445,0.1341549216561938,-0.15558425121297229,-0.31714781114327895,-0.4690065891913952,0.13821080028979169,-0.12023532525660251,-0.21037426721521874,-0.4339193990329303,0.1646504205207017,-0.16157138202113902,-0.23055898468010577,-0.4666613614209303,0.16550840313300536,-0.17092911625663565,-0.5032546675657193,0.2813382956139148,0.5032546675657193,-0.2813382956139148,-0.3816039231156206,-0.23048809631425127,-0.4747711972771529,-0.16167063825439343,-0.29276084371885647,-0.45818289430612047,-0.2156117226857017,-0.512361325528896,-0.27018359493942146,-0.5426633713563922,-0.17606506148274065,-0.5730384686680496,-0.2872039274339254,-0.43893541284453913,-0.21935761154442313,-0.5046641849867415,-0.22651468361137342,-0.11318002625279536,1.727648309266105,1.7980141804806664,-0.5661008469239017,poor
1.1127258144699874,-1.3026595070618143,1.100831227000771,-1.2635564174062504,1.0995138905749187,-1.2533784976835818,1.0974672774133156,-1.2454998750207609,1.0964385172460647,-1.2656631523319757,1.0933831158850578,-1.2533173521535876,1.0899303114664856,-1.2408259957724737,1.0750258899270644,-1.1768636289375745,1.081675498728141,-1.1854212902728956,1.116008844600936,-1.258300538659235,1.0938970617477122,-1.2753105437950853,1.0809969069313892,-0.9523727007136241,1.0590832699597885,-1.113870203852173,1.36691546838955,0.4448969897405297,1.2244131127171272,0.7605417207786658,1.3392391619264645,1.425406756947988,1.1247593483663771,1.4055072391453154,1.3448386640751906,1.390893845889838,1.1089466156265875,1.362119136219949,1.3156164627417346,1.381633055277962,1.0978380817649247,1.3779298415636778,1.3034235228020477,1.4219037672097525,1.0955938782961334,1.3884039805840669,-0.5079442257123541,0.3197237894984778,0.5079442257123541,-0.3197237894984778,-0.8611087460035337,1.059900559723623,-0.9804399935491648,1.071408821561561,-0.6869530649312603,0.6566075703063644,-1.0422304040689407,1.518240559415505,-0.9125160392425522,0.5875839752795726,-1.0778008924732774,1.4277575684373771,-0.9710250711557279,0.7460142639466861,-1.0544717892345468,1.5916240978476295,0.35605180208538695,0.47780572759148204,0.06473560258960405,0.35082558037322525,0.48401817511829937,good
0.25062212905518305,0.12912265999495612,0.24432435202183714,0.13800987575991422,0.2415944418823087,0.14955199147967152,0.23872853526128499,0.1599146141225119,0.2505468846203853,0.1030739606744231,0.25154927502456603,0.08007163995713208,0.2521049583577258,0.06049871795282983,0.23660034630541457,0.1420799035684695,0.2539828031454407,0.029868444150112083,0.24969836605141352,0.12538218458417597,0.25608849939717376,0.0970420090767357,0.1987011362617022,0.11409816101670817,0.2758063802444292,-0.10083345421199494,0.15822970684977886,0.5980702583023102,0.2982752103620279,0.15959989121832147,0.2292345902492219,0.3345185430666952,0.3385189926834811,0.30364302222652784,0.25197561588712614,0.29547713752317983,0.3416546715627837,0.2910324561180007,0.27111487034348897,0.3063434005393046,0.33603237149454346,0.2916172037367256,0.2645917678421393,0.32198377560203867,0.3385425052267989,0.29899545871115457,-0.6665338096087708,0.9789981640080121,0.6665338096087708,-0.9789981640080121,-0.36567159774057106,0.3852700665688261,-0.21340151680236968,0.3818119581871929,-0.35469295548655366,0.6306158891399339,-0.28185162036334194,0.5068650795636462,-0.3627456090283826,0.6848985119912941,-0.3051002625138108,0.6154030762388379,-0.35573448245726635,0.5986056321870658,-0.2920327516734101,0.45350577117310964,0.038867172593882594,0.1208440607688037,-0.6723041204027101,0.4379631288426127,-0.03478607525197152,poor
0.39587023501794555,0.886737601454973,0.4048697563151152,0.8267225446932045,0.402564187376059,0.8417509649376216,0.40064019150531227,0.8537042854697537,0.4134967432004344,0.7509718179127881,0.41638915573622176,0.7114175184594269,0.42015510592755306,0.6662207674598186,0.40348746237775995,0.7753525275273848,0.4371424899325331,0.5631219443013032,0.38459482670136813,0.9310174993509086,0.39090395753995627,0.8265869077784013,0.38914809692724023,0.9163656413073152,0.4316664685353294,0.6660255372683397,0.8061290685968352,2.5114362026755077,0.6932020747127886,2.5501661510430673,0.7486980521090929,1.7100753373579083,0.6472288439290375,1.3872572561000436,0.7584902277605989,1.6920909041229422,0.6398469435640183,1.3394303825738738,0.7369145489378329,1.648840496646682,0.6248750682853969,1.364855202245694,0.7196243942527855,1.6387161310084315,0.6220702097243389,1.3828363094095732,-0.04116015007135866,1.4724448961838652,0.04116015007135866,-1.4724448961838652,-0.23337005755668044,1.0594439591277054,-0.1979516905695679,0.7515522667332172,-0.2962587455514734,1.6529111298032437,-0.25748038076097113,1.4547294392212653,-0.3198613208438924,1.7804459219104034,-0.2805962482153084,1.553450430777716,-0.30037065137171004,1.5530778737207969,-0.26367526938728436,1.3261744554740142,0.6140179843715076,0.5505293696679759,2.0020884305885414,-0.4378167721451801,0.3038024572034103,poor
-0.9406955921280719,0.18840947234841304,-0.9443973895103741,0.23867648588268528,-0.9425095241930018,0.23452362270103547,-0.9399186595544256,0.2335390783816377,-0.9499524322240355,0.2976954635357953,-0.9538386197749547,0.3194059850243625,-0.9586552061024277,0.3409328754763725,-0.9370071563573669,0.2819465129156652,-0.9687079329245877,0.38680994707649785,-0.9344144311693238,0.14024060671952426,-0.9427868716790944,0.21121779860609263,-0.896902532580973,0.3275047482900086,-0.9728864450934691,0.3821372100670848,-0.8993038412485822,-0.22469057179886948,-1.0004292124132492,-0.28353756317553563,-0.8767440142777174,-0.8515532682440617,-1.0330574331597362,-0.9445326003434967,-0.8778583949236565,-0.8481605140215596,-1.034226298869299,-0.941426997254214,-0.8885484103981449,-0.8492550865684924,-1.0175570583874463,-0.9285439080223264,-0.8896316005935508,-0.852190032281503,-1.0185535498703409,-0.92835006838456,0.8485287961805399,-0.11861935029244873,-0.8485287961805399,0.11861935029244873,0.8613912160756766,-0.7016055948502172,0.8803376682606351,-0.8284298540068881,0.940138905848494,-0.579868626005907,0.9544196753385015,-0.7053947861529083,0.9449467879515078,-0.4182336414894753,0.9564687147585713,-0.4465834279083955,0.9451447194809113,-0.7811199449024463,0.9571369942938486,-0.826748261458719,1.0537536327983876,0.8110398032088095,-0.7751356309623505,-0.5818800839179483,1.3596021186390141,good
0.008583447512835915,0.7299705107472377,0.0036406754833184294,0.7185759969849705,-0.0006299181323341953,0.7345023589514338,-0.004543126453954519,0.7508980044769781,0.016935368850161975,0.6788928256620633,0.02190035601480977,0.6645652646366875,0.026887880193645297,0.6496601030462187,-0.0009330575847669568,0.751746013442221,0.038491493887066346,0.6172638624495304,-0.00034063642135584747,0.7822650498349328,0.011702262823101656,0.7250133321230452,-0.04410322459527287,0.9004029642406735,0.04992960048013309,0.6473396066632234,0.14088662857863998,1.707924642940655,0.17978205303206574,1.656906865687816,0.10202511218847453,0.8702403382921102,0.17088597081343446,0.6517680689445803,0.11348535566313248,0.8304260392900562,0.19084769775790578,0.6254309789626465,0.1122459267108639,0.8155006793868498,0.17095397024277806,0.6512463469177592,0.10222577313256727,0.8313963916507237,0.16458169711590764,0.6639117381461941,-0.47451206530844825,1.3526303357643958,0.47451206530844825,-1.3526303357643958,0.0012684198561178958,0.7504162137365621,0.041357447476202604,0.315324175027971,0.17203682810397924,0.9496891943872169,0.11234749776947005,0.6134301607740998,0.1922107176268308,1.0543341903811985,0.13185813290195617,0.7574704359848737,0.23780600341537814,0.5805657957493771,0.03339824208690562,0.4292057242800791,0.5398468545030691,0.42904462760178,1.851947939553272,-0.11868566148629735,0.283353136432661,poor
0.33080207575143167,-0.671401953448718,0.31553304354472933,-0.6637773172441148,0.31127113994141486,-0.6671720040134901,0.30653588657221226,-0.6705658246360091,0.32244344470264846,-0.6403042108246051,0.32372321039500246,-0.6272379839421705,0.3246803621259562,-0.6136000083740658,0.2784815766533502,-0.6556256103902351,0.3152751780235646,-0.574453172184155,0.32884230773011736,-0.6867704687087504,0.33710142778562935,-0.6480733160781738,0.2627179220927255,-0.4107208524565379,0.3162078917285813,-0.6143591999450294,0.47171774345742196,0.2639451927491847,0.5340091649111044,0.17828646458471892,0.5024289062766624,0.41621608852604186,0.4977873280399886,0.35900922192547546,0.4733500280145523,0.4012372744107086,0.47460589681225734,0.3475868991659135,0.46534723363879765,0.39808200283073475,0.4596313705644522,0.3660772993213603,0.4633009500767622,0.42787873982368585,0.4592977837262846,0.37454017531357214,-0.5279423133610793,0.5600269036524845,0.5279423133610793,-0.5600269036524845,-0.3399907871287173,0.3711920008482086,-0.28391382799970427,0.24320743859664964,-0.30429829535745023,0.37715201845255064,-0.34158388424830854,0.5044597618246834,-0.30334101014539916,0.40283711584019305,-0.38170838571349724,0.5355011003365456,-0.3377374432591892,0.1146825193988483,-0.30514316460039953,0.3732653362708949,0.43295152726344177,0.5499025638226073,0.6375045881405446,-0.22353773509559804,0.6013388916852918,good
0.63895416320735,-0.5462979391902099,0.6510483309422832,-0.43904937590691095,0.6526939467667311,-0.40063761635157635,0.6545846343597964,-0.36494837645371125,0.6468164799041193,-0.5502172901086408,0.644514442391171,-0.5905490533358648,0.6427480116913948,-0.6286048300648843,0.672913917755674,-0.3100897391071502,0.664724344389392,-0.6334610772166915,0.6277203684300916,-0.49666482023517633,0.6139458213868857,-0.6352513223453005,0.6186227521675284,-0.3241045886705944,0.6214286501976055,-0.532486590180461,0.8163342293477328,1.2265758871608983,0.9157776772652207,1.298715190521106,0.7272105781062319,1.6768547623062569,0.747445498263734,1.2756057652849182,0.7346071595969363,1.5980600063906596,0.766005092812083,1.2239740109168364,0.6975028268438899,1.5530638519296285,0.7271340498161294,1.258752801747557,0.6713473017247057,1.5905962146254913,0.6955274551324832,1.2868331339500378,-0.9171089974306812,1.1535803858140032,0.9171089974306812,-1.1535803858140032,-0.845278380873885,1.0417416183935189,-0.6585753049737612,0.7577753640323849,-0.8620574082123368,1.8621650856833547,-0.7538054767120126,1.709512938598923,-0.8032778429601154,1.9360197662928815,-0.8430299122398416,1.78782012734361,-0.7636378679963308,1.8106608643711049,-0.6525235062815598,1.5335677755293282,0.5146582537437702,0.693082589648177,-0.9419215874282495,-0.02313059468460258,0.08146657160047965,excellent
0.44383513984274303,-0.7641230271813214,0.426413124824373,-0.7299102537007619,0.42223917031098773,-0.7272697501195333,0.41754668725851696,-0.7259016293843413,0.4347628845912575,-0.7148708421781343,0.4374483549299466,-0.7009828894979626,0.43998003356822757,-0.6882015920233301,0.394438841143281,-0.7019013402499126,0.43013487622785446,-0.6578341319136216,0.44394282630923343,-0.7759804326464497,0.4533638175983184,-0.756098211604221,0.33412989855789166,-0.5877639119198979,0.4544085148329859,-0.7186975123449629,0.3697163126678798,0.14580321127209328,0.5847128352038117,0.01071900696343373,0.5443882347759513,0.5544760227907433,0.5885511331569793,0.4395175150689221,0.5041159456629887,0.526478166434936,0.5750091034158326,0.43865714782084964,0.507658884798825,0.54506850899944,0.5660960762717429,0.4488606511091735,0.5139296014256981,0.5668217752155833,0.5613595103232359,0.45150965448091646,-1.4097988097088239,0.3248743170178251,1.4097988097088239,-0.3248743170178251,-0.5263091439843026,0.4289621528470231,-0.4354498540846855,0.3902531109739478,-0.6153184000936875,0.8640739816822205,-0.5670917174819315,0.9727952452412236,-0.633701295177683,0.9397669526145344,-0.6143852201746514,1.0710121945910993,-0.6239473187112323,0.8161682614244129,-0.5600188243353316,0.8818513556144444,0.19654866392264386,0.39281626682500853,0.5404394951137178,0.019014338075764095,0.6137435895509609,good
-0.9704765337918412,0.34214163656902524,-0.9708451837936561,0.3708417666388208,-0.9682223144876052,0.367662959411855,-0.9637310953172125,0.3837574977058695,-0.9821290233948572,0.40924290185955187,-0.9888361584634391,0.4391880247969986,-0.9923298153101289,0.4572449722716561,-0.959471813242529,0.4217197794609536,-0.9965635866820465,0.5080898944319951,-0.9622541088811267,0.3037250412640137,-0.9776578270545865,0.3654453603492607,-0.9243440740621022,0.4559805151077637,-0.9966996223666941,0.5067980374942586,-0.9065456044995501,0.00250599408430574,-1.0303652937823236,0.00615180974717665,-0.8849084259741284,-0.7355245625480623,-1.052075498253744,-0.8358800861112353,-0.8881968369105065,-0.7405793010631904,-1.0435467950923503,-0.8492152556419026,-0.9135198485214047,-0.7477242282658342,-1.0349204799038396,-0.8407217893076179,-0.9133399710078812,-0.7485353082640908,-1.0367035460875802,-0.8338171888702666,0.6894843377448652,-0.04719640714830495,-0.6894843377448652,0.04719640714830495,0.8739369455612158,-0.6112643436969384,0.8897778638450643,-0.7717335761131233,0.9418294029633545,-0.48000266527199376,0.9642712935999123,-0.5875651296903283,0.9404870282410143,-0.34169889737558595,0.9637432798341282,-0.3646504469114618,0.949672138112139,-0.7082431572967582,0.9789504749989354,-0.7692794591316294,0.914633932281514,0.8185095641197683,-0.8597810424850981,-1.0424352660439895,1.6612136766929029,poor
0.34581448539478277,0.40989902450412796,0.35093476685145913,0.3638605653170392,0.34884395163948934,0.36430377922075546,0.3474985440382466,0.3641446936456301,0.3611669194301844,0.34548204410310923,0.3665766422964162,0.3325660511330357,0.37297693455382047,0.31637095657815517,0.355373162797294,0.34232028399784326,0.3851521998917832,0.27516517815281494,0.34073232894220723,0.42115438856221854,0.35367769436011737,0.3960549949750337,0.3561132193072058,-0.09002615641717751,0.4595807104372164,0.25739206898064565,0.09620711853447352,-1.4514112215660429,0.26260816777013246,-1.530410210026281,0.08051091482313862,-0.7711214578249612,0.3275962890633839,-0.4350793645626127,0.10532969454304636,-0.7793009960801048,0.3031840032742022,-0.3968375619835338,0.12233104439097858,-0.7145019051467032,0.29981463669714536,-0.4313099505126211,0.14852855394994968,-0.7060959343723625,0.3114135991618142,-0.4416940009609571,-0.7243954938945298,-1.4576460298448206,0.7243954938945298,1.4576460298448206,-0.4514809093864,-0.7416437659393523,-0.3862921196471377,-0.24834404416153646,-0.4697245250420997,-1.2833236475236882,-0.4350509961166127,-1.0047856666971255,-0.4675782297999824,-1.4881164090599261,-0.428870875798939,-1.2493661846577813,-0.5080633590973502,-0.9693309923229361,-0.5236338006399396,-0.6621808543649407,-1.5765620597127767,-1.9408224727509014,1.4314660629725544,1.8192327116869236,-1.3550757655264083,good
-1.0032289700524173,0.6875189250314812,-0.9992548432303675,0.705259168076717,-0.993196223818725,0.6995678549232768,-0.988283266392549,0.6936311685972986,-1.0126920652818217,0.7385699830917872,-1.0159988587822493,0.7551465826465632,-1.0191491494712237,0.7721171567985656,-0.9818894684038169,0.7190663329055675,-1.0265261604395606,0.8114940198061289,-0.9884042954438215,0.7039553581865581,-0.9981047539607015,0.7346594244492615,-0.958871487042262,0.7159777695962898,-1.0269364651189248,0.7689922489437624,-0.8688342462163718,-0.2834326003120049,-1.084064254664034,-0.34625049966902427,-0.929484750864893,-0.984745984134693,-1.0131271806413238,-1.0240487480417755,-0.9289700775262183,-0.9726798562658213,-1.0153867105049033,-1.0232040196798298,-0.9359644475086238,-0.9514212998026019,-1.0118870708285392,-1.0128654323995747,-0.9430450704497979,-0.9503130475340386,-1.0086230166490502,-1.0131183967229633,0.90482696047078,-0.26360886413102785,-0.90482696047078,0.26360886413102785,0.954964545986028,-1.0316392372335965,0.9091895287853252,-1.0629066584487505,0.9754290352783457,-0.8692317916203594,0.9839183511983529,-0.8953817305220464,0.9667749173017456,-0.7370325892234361,0.9806606476355553,-0.6959306685646469,0.9890342121458917,-0.9370324473195848,1.0102242983055247,-0.9642744181978247,-2.669374831130255,-3.0155370991611914,-0.362844806200029,-0.5029345637841176,-1.8708506270693115,excellent
1.146751440944534,-0.6008504920851536,1.1294964836021364,-0.7683012935594914,1.1255093616640734,-0.8062526822786631,1.1213151000061496,-0.8516834414948299,1.1367322992226327,-0.7317370401085854,1.139120624519852,-0.735082308995453,1.1416525943301234,-0.7446230867967211,1.095369647503413,-0.9198352078620415,1.1267753072617204,-0.9123814420196492,1.1392228629186225,-0.6836944759742383,1.1549923428882305,-0.6720048847196621,1.0983134777389982,-0.7202169307130153,1.0822427332137625,-0.8835637682238385,1.422320827765238,0.8685933052601396,1.2850788566067768,0.7203313473735832,1.425438659427344,1.5318659275856166,1.276218097547466,1.49850784779836,1.4328753725366734,1.481920532246571,1.3043635232224355,1.5546096919373058,1.4014105827516719,1.5097959218376693,1.2794594737612643,1.4957617211881011,1.3802211422932844,1.5601469163188346,1.2567824342024043,1.4937621097229727,-0.11311663660453532,2.6630294021100793,0.11311663660453532,-2.6630294021100793,-0.8889267897617578,1.447474901328085,-0.9296546594040037,1.1644399559313776,-1.0115998460337567,1.0640773820882785,-1.052642051975861,0.8365341926622063,-1.0481200628274523,0.8984356741180471,-1.0560077260635987,0.6277810524768845,-1.1051329588767635,1.1015856908619912,-1.1075686081715985,1.1650411896338313,0.3470051218777639,0.3977792665489734,0.03785983760581086,0.09224821983829429,0.44728529180927973,good
0.4438668832336265,-0.05709033351895142,0.44380388352751454,-0.05178888213732271,0.44428141672310095,-0.02876368315981812,0.4446172410794291,-0.0028619664969544026,0.4405784685876676,-0.09492791097727259,0.4370961253610982,-0.11072301542821196,0.434259547189435,-0.12540910731921398,0.450867227995631,0.0467366373414065,0.4295004230306656,-0.13221880355241306,0.4430216333953902,0.037051513318787525,0.4456024788876951,-0.0685331955248405,0.48770217967423796,0.20679089551834523,0.5190662003181261,-0.015812033378314275,0.10091607480735171,-0.3933101826614486,0.28485353702982336,-0.5314414340806807,0.13465625283009877,-0.06839334844305327,0.3119991876680854,0.052729659147424196,0.1685644290435353,-0.14392613425981438,0.34593425428166275,0.08218438187381362,0.2315537339519774,-0.17261053621983197,0.34069336080893176,0.026208778502869196,0.20908727758054582,-0.1570564394069359,0.3465185725839934,0.010387420426127173,-0.8850584648623142,-0.4240754033488263,0.8850584648623142,0.4240754033488263,-0.48724405831459106,-0.316522620914404,-0.4869315308680068,-0.02015954158933458,-0.3881309563628504,-0.8579446507690681,-0.48559077156748587,-0.4260614749887633,-0.48380598125675683,-0.9647453246623301,-0.4893856084672803,-0.6380405538301961,-0.4921139788498716,-0.5011443257538584,-0.539891144305975,-0.17100504783314766,-1.0729979386315505,-0.6383806258639141,0.4999913713469867,2.0559941087561655,-0.7676774113377117,good
-1.0138705627805529,0.659058533291296,-1.0057150703815143,0.6765013316827468,-0.9952614359318808,0.6763950700888709,-0.9929500279550233,0.6767738018206274,-1.0186411068905115,0.698257636403103,-1.0219456096190604,0.7088100256183576,-1.025062929128928,0.719580558737728,-0.9780744305470002,0.7051289011566264,-1.0237492221335804,0.7528256966467222,-1.0024129656173864,0.6753985266559374,-1.015194892115701,0.7042975748089658,-0.9598461851064196,0.6672684798592967,-1.0276264798047154,0.7433442908581565,-0.8732620733694689,-0.3252239666023397,-1.0770579885569687,-0.40346801311409153,-0.9453761257275445,-1.0051262141785617,-1.025919025873651,-1.0500739164982886,-0.9471916481012722,-1.0001120274895001,-1.0238609024142993,-1.0466017880157485,-0.9479851932763205,-0.9911740167912666,-1.0201308038936572,-1.034630903898223,-0.9505565060934076,-0.9906513960704468,-1.0171247958882395,-1.0374613747531647,0.9708089951850234,-0.14794245503280126,-0.9708089951850234,0.14794245503280126,0.9475748506138412,-1.0668430507581004,0.9061041979843613,-1.1992059155018524,0.9876416003907647,-0.9760522882748864,0.9791363922339897,-0.9869235606317465,0.9862202694535398,-0.8133178445427391,0.9791005240719356,-0.794333568325061,0.993975614165256,-0.9923869496001668,0.9948464009136456,-1.0171746106344508,-2.5008539733106274,-3.060196426413693,0.7146915440989454,-0.7376615141644639,-1.8137109515609946,excellent
1.105898944223558,-0.9129033375847527,1.1402250865147645,-0.8219661270291424,1.1423204241094385,-0.7872657551524587,1.1451928084341947,-0.755961348823869,1.1455611239382733,-0.9368980385767919,1.1510281144649026,-0.9843454737379045,1.1573602217635834,-1.0322187515519945,1.1785453086551512,-0.7954017268726776,1.190179292669825,-1.141916600860309,1.0907036418785105,-0.9207899643163401,1.0886152475726807,-1.0751083234288328,1.101817149874024,-0.9871042898483461,1.1094570002016977,-1.1156208943782822,1.1068259423269642,0.5319683932154605,1.2687474954413311,1.0843167561090847,1.0269123142169156,1.7342677014457921,1.0318707972227286,1.6045826883722685,0.9696095843427222,1.7065360041388766,0.9846147199969615,1.5991647913618818,0.9568982738671049,1.6747674043669663,0.9699937991054862,1.6288414694781077,0.9556044811608618,1.6947016097696619,0.9780262596071988,1.6246986858595325,-0.9299322388076237,-0.18554764341739471,0.9299322388076237,0.18554764341739471,-1.3139237786958524,1.2888584342309832,-1.1693207906563463,1.388595506758424,-1.4232559563931213,1.9765884797072915,-1.343785351331629,2.1798638473001177,-1.3766017696289756,1.834578070890747,-1.3528584638113879,2.0029261314699913,-1.1982401582263864,2.3210613545478855,-1.1464244273349322,2.0312838694436706,0.2811705258574525,0.5738394096616962,-0.341452244273891,0.5100912572533798,-0.12798813677887397,excellent
-0.30955929182409386,0.8704705444897126,-0.3113143756755941,0.8338769961224339,-0.3154050011237057,0.8225494982093349,-0.3188942326289672,0.8112043535960651,-0.29729440310346233,0.8569466093708735,-0.2913014872120645,0.8614378548340758,-0.2843630127785259,0.866137664712706,-0.325918034679268,0.784733868918277,-0.2715717445350013,0.8615002685771066,-0.3158778470517806,0.8751623571489151,-0.29998880684863977,0.9020816840083866,-0.36585752842623137,0.5614416392332612,-0.22236329183307607,0.9303356468259175,-0.5174870885833042,-0.897663794788098,-0.27720755378316725,-0.6154071213325626,-0.5830307240474186,-1.0082568290953815,-0.3241925812952814,-0.7737136845987129,-0.5877711750321891,-0.9830802529943214,-0.3326612736134835,-0.7733466595334986,-0.5506559412527254,-0.9704343555231693,-0.3382070376600154,-0.7812811366505259,-0.538260930792028,-0.9602244178031017,-0.33086458346387715,-0.784825650024994,-0.6011751415323812,-0.9562875563263329,0.6011751415323812,0.9562875563263329,0.1821025639078789,-0.9654267921642401,0.2898334927574049,-0.7916918061469249,0.2124687377418139,-0.8513850363067381,0.25604040209662193,-0.7269018263420103,0.2255745054478251,-0.8288860779056542,0.2744054488066911,-0.6935378607761925,0.23930321246128744,-0.6262450558340069,0.2871289209262603,-0.6080857929706536,-2.516079866021898,-2.557525098707582,-0.778655094345912,1.4848566175363889,-2.249273242199762,excellent
2.036508568350793,-0.8690255117317958,2.0585786358516898,-1.0171059952721035,2.0655950905092495,-1.0015638917084881,2.072030359657556,-0.9886262203300625,2.0343318689745535,-1.1133923312279035,2.022668857815968,-1.168132038378164,2.0110631461605073,-1.2381097289150056,2.075572783110626,-1.113276250055319,1.9902842789964637,-1.4154786287002041,2.043716490060601,-0.7835897598675011,2.0270935677885453,-0.9016288013286837,2.0716944144334097,-1.2523591489067152,1.9700528848240886,-1.3434601587313124,2.5268971546155425,1.4703841649950153,2.073727688250306,2.0266218680826706,2.4705598784867937,2.955352832548651,1.9936475926403974,3.0985606231426055,2.4721407960683512,2.9514120490335065,2.0491608130137595,3.0403614634789426,2.473000091144104,3.0674035966169626,2.059098500103511,3.0657033875429245,2.4634221909916496,3.052271247772055,2.045748837927149,3.0868209443405767,-0.7577343546608949,-0.6820539434540848,0.7577343546608949,0.6820539434540848,-1.5693077255273937,1.7681404775117247,-1.6827191605063354,1.4059703976501141,-1.6759071398115657,2.39716680729225,-1.6043359881371781,2.3111119194036296,-1.7163485989986926,2.320787786250737,-1.6748791589743917,2.3991219059716893,-1.698097364235814,2.498938078179452,-1.549672094031736,2.6231660071378333,0.34039615643270443,0.3912800923585552,-0.779370718883418,0.3579560235007123,0.2902941578483393,poor
4.027111272413913,-7.533054176358055,3.977093645992115,-7.455058854640814,3.986628952812166,-7.461158828385568,3.989619904658397,-7.46468646934696,3.91234641740256,-7.404076981183303,3.874904714842805,-7.365972588841541,3.833107588915119,-7.308221647601498,3.9732921552391214,-7.4418438752595355,3.74756655817685,-7.194283072805241,4.087683770821247,-7.670735357277002,4.006348766947804,-7.556837867381103,4.295410505264013,-7.344605535700176,3.743422346146878,-7.304599285879876,4.210724385817508,-5.004830084727509,3.6425058565903763,-4.6745169628865,4.185193676155962,1.3652963426246139,3.9103867714197733,2.5478095531731517,4.145889480760371,1.69151090002848,3.8928842578278395,2.586708272699364,4.187165312407819,1.8355936306867873,3.97727443056987,2.4991216086561048,4.111758015941351,1.6457554675061605,4.001467697384548,2.4842189635689853,1.1337786655093585,-1.5373925666629442,-1.1337786655093585,1.5373925666629442,-3.7175733803349886,2.756317653706911,-4.51009237054326,3.491193392015687,-2.8450871101416677,-0.5360897544982555,-2.717517935450835,-2.1985797538570555,-2.6679398984056077,-1.2345325841765629,-2.459028278349749,-3.899501263419786,-2.894771146751791,-1.0626043758951462,-2.8302209132802165,-2.0939691945391883,0.12850218628028365,0.26367618116314734,3.0967063077483115,0.5666435285346514,0.16008048653183496,poor
-0.01247176251560915,0.09476957386135397,-0.020066157308602364,0.09469787783105763,-0.021784676050074538,0.10366863097985501,-0.023119015287956412,0.11310082461131975,-0.016678975716405642,0.0764350134825222,-0.016846451338925292,0.07034710498728683,-0.01976903347583918,0.0646544825076165,-0.02086516393806959,0.1641367518607662,-0.015576189727991562,0.0998015154976421,-0.01521220239206836,0.14895838142872078,-0.011516052302887467,0.08589625183026718,-0.024627210602284056,0.36639480850952544,0.06349068357129611,0.13178093139965114,-0.2927111717784068,-0.030142529679873756,-0.046034243526881215,-0.15070104905568016,-0.2257211504621247,-0.21744286528119408,-0.03661871981368402,-0.1730718674804583,-0.20090840747666958,-0.31019538370612043,-0.01584305125142632,-0.18051109062271659,-0.15935233116642594,-0.30253068305449876,-0.02857816149057157,-0.18795013494665092,-0.16009133039599632,-0.2981147065820476,-0.026508281004280657,-0.18838108893673347,-0.6789551884264563,1.1150690513430122,0.6789551884264563,-1.1150690513430122,-0.08637330116345733,-0.20993638084490995,-0.01857424876508188,-0.33138671616385545,0.002566852828297435,-0.41005067050025595,-0.053100229888750336,-0.26308201814598425,0.04592440275000484,-0.4276937889802773,-0.07361663940854833,-0.2942593853196909,-0.08511575733836894,-0.2969182826566165,-0.08571083697179652,-0.09303897739971563,-0.7272041941412883,-0.23672101085743352,0.08378566934008164,1.703313806003425,-0.3679996735458023,good
1.2721833401853102,-0.5010005737783612,1.26845654246221,-0.6013967279224616,1.2646387960128558,-0.613335431668227,1.260648838922011,-0.6271662187868043,1.2774660689154917,-0.603738641383253,1.2820937600928275,-0.6119319232660286,1.287284977011003,-0.6205999549414948,1.2275464281227564,-0.7595385581529411,1.259709086940289,-0.7440470325341841,1.2513104683123448,-0.4961704901511832,1.2698762997741513,-0.53549914331972,1.1052688060034068,-0.7841295004694508,1.181164624486165,-0.778377920954175,0.9894242560459628,0.8671544238119466,1.1516018768431868,1.0830191863816638,0.8752625274577873,1.9309233741359937,0.9668141700917986,1.7213049949788417,0.8236514244664349,1.927246688079162,0.9142500086993068,1.7211014705222631,0.8174436833950712,1.9359721009831992,0.9366903226249703,1.744699697012966,0.8118718073656155,1.929376596978973,0.9326465161348177,1.756805952663531,-1.3880858729956382,0.5651748641574191,1.3880858729956382,-0.5651748641574191,-1.4287373229759033,1.4242068212648915,-1.1812853679090758,1.4280049197121374,-1.505162889530152,2.2119347136550243,-1.4376281272055087,2.36987452920309,-1.4587063421061452,2.1630923533215576,-1.3652864116673813,2.1656824600050086,-1.356881786200222,2.455861684480756,-1.303115180440794,2.1377485338886535,0.2474534650232748,0.3596923809839848,-0.7517374965769467,0.8136713069336124,-0.23256738795742848,excellent
0.7703498673461326,-0.05934465585848705,0.7785717158592501,-0.11655451890248157,0.7777502908591069,-0.1102199695210256,0.7774082165762489,-0.10457227903203584,0.7816138939108521,-0.18173296870043798,0.7829614800366501,-0.21644861060117915,0.7839755692323056,-0.25600183752304634,0.7804291611307387,-0.16661584415084216,0.7785651191881965,-0.3609491221894707,0.766069199131963,-0.0493326846666719,0.7723436582440377,-0.11942551648510268,0.7133344630163206,-0.388841412382848,0.7573451257912652,-0.5566039978525138,0.7429110112679809,0.5847462901336048,0.8699672157507558,0.235256098612645,0.8937791991524006,0.7925546314627924,0.9483455984140065,0.8645696955195311,0.7959223325555873,0.6545237134026552,1.0021203506791059,0.8456984238215011,0.8746841421490296,0.6465161129726943,0.9803519730340696,0.8484715293995206,0.9089149247124854,0.6055160942341333,0.9868780849583138,0.8601497490375911,-0.7351131794216557,1.4216730770127648,0.7351131794216557,-1.4216730770127648,-0.7544968585050167,0.9180605589282771,-0.6790271499878099,0.8288184299009884,-0.8522041473570237,1.2765804643317793,-0.7407174647341325,1.1474436652748594,-0.8656843402008122,1.2390082268643905,-0.7810084360996558,1.2118646134676694,-0.9042348770241715,1.2189971599258842,-0.7842982739670105,1.195976446042828,0.027106135371400948,0.21344178523360507,-0.531163440322909,0.05912288694795037,-0.031296192630438195,poor
-0.15870591908126405,0.2213744716842649,-0.16403900607753058,0.24818716222688095,-0.16628089580376287,0.25481177621062856,-0.16853955010959804,0.2632794301176646,-0.15997089393184835,0.22784240793111554,-0.15980194142366885,0.2226475459491934,-0.15988914171946667,0.2191567500060335,-0.1738469761974216,0.31193507441249096,-0.15737029800283597,0.25411746601908636,-0.1646636920235183,0.25794574160690964,-0.1614357560988376,0.2195409098391305,-0.20659062085993973,0.5756990304751801,-0.13426892890662404,0.3206254507047408,-0.02006723568965457,1.01022031880177,0.03080017092742143,1.0814793277774033,-0.0523793450043662,0.3591006306149696,0.025436671037347838,0.18470209785190592,-0.021666605527369383,0.32213849731499605,0.027732227287791206,0.15881306589763525,-0.006113519988263787,0.3021335357187217,0.008260435901136776,0.17518386090509627,-0.018659731297638503,0.3077775608171516,0.005677225778803247,0.17728507283611272,1.2886234353662953,1.6744744449755593,-1.2886234353662953,-1.6744744449755593,0.906545190598853,1.2536487704583774,0.2694446525501741,0.786075733115,0.5187843974559975,1.0531104274275005,0.43020401062051633,0.1743564232530918,0.5010834299964453,1.0908661854481472,0.5363444634082981,0.18162989440636862,0.40686249797293145,0.6137369247626688,0.28393711735263494,-0.09154431151501236,0.6454917257883346,0.5509474634612488,1.3044808429345471,-0.5163221606015045,0.3885429763870631,poor
0.04818173016443267,0.08214787980751956,0.04752457561898825,0.09216412427614011,0.04570001696451932,0.10146296777081673,0.044094778567508645,0.1103015339913544,0.05267389456348621,0.06767758328270439,0.05389346214264942,0.05720480702097341,0.054532762790314875,0.04567984152449117,0.04286222370254482,0.12011190034755151,0.05151221100419606,0.03512268341497993,0.04586868308998393,0.08864863936822753,0.05131911600097315,0.0552658579786459,-0.006628186708794679,0.1385804984575217,0.06820680287900144,-0.09208572924386589,-0.10487933652788363,0.22774770276116543,0.1269668570966857,-0.1855200413204855,0.030328149719463966,-0.12310329740725176,0.16719010338043666,-0.10248243135728687,0.03961234470349586,-0.12519363653249652,0.16804612465968455,-0.12415406427957361,0.04125634091986587,-0.17158672493539884,0.15583204550815064,-0.11801388403067688,0.05166872957394392,-0.1543524157396471,0.1600367620502227,-0.11168384266658084,-0.6762634145354928,0.9559647418971717,0.6762634145354928,-0.9559647418971717,-0.12672938036047451,0.06080439404203406,-0.039399283206688174,-0.11725208451334428,-0.09712836824065316,0.24204821412410557,-0.05579679262915885,0.2566241674286531,-0.10613319438749907,0.31452240895401895,-0.07405011816564738,0.3877626702824838,-0.1190199696771626,0.20847158604213795,-0.07661021995764951,0.3085770774522754,-0.1982397641466821,0.13890863002840564,-0.23526169296163008,0.23940717606817083,-0.16496100274108744,poor
-0.3803203811100507,0.15034566535864177,-0.39372544318290437,0.20257483131640835,-0.39795549070737385,0.20897683610946918,-0.40232766522651614,0.21597595124107988,-0.3838609279382631,0.21406845215185166,-0.38092728533426845,0.2293333423016097,-0.3779772734793713,0.24684167395306347,-0.41557655279904554,0.275007451562434,-0.3742998857020308,0.31733321580313345,-0.3851493775675813,0.15785686140164257,-0.37268397286764104,0.16832315456207225,-0.43636057881064644,0.5285011984816698,-0.3478666320382851,0.2734738179407333,-0.28030716285363894,0.6497473231855951,-0.2277599739767072,0.08833825016454083,-0.2032338110757394,-0.18181256228718085,-0.17268250365445098,-0.5097985417004783,-0.20261218817291318,-0.18322220568223574,-0.1901384066535069,-0.4433735852856604,-0.2067797024261946,-0.20463267997697396,-0.2071632234357341,-0.42569303037531325,-0.1966828185226141,-0.2112239960282327,-0.20358147783924013,-0.42741313645530254,-0.27754319888476425,0.7839986915988134,0.27754319888476425,-0.7839986915988134,0.37787202357038335,-0.21087192610792915,0.42604279043191146,-0.4821802903740102,0.46121191568031583,-0.019303696433836916,0.42609556069424365,-0.15477198184984023,0.4167314225832389,0.1157227009819954,0.41407294480342993,0.027833597497820887,0.4529186868197511,-0.1523916212612458,0.4256153339850282,-0.16807215574374001,0.5179062735691413,0.2970575851837332,-0.7905706727900228,-1.0960794137589214,0.38177861786040856,good
1.1328272892115665,-0.5265701678656629,1.1429794950653023,-0.623071809300613,1.1384158358942877,-0.6449388857389659,1.1332073342697413,-0.6681178120392581,1.1604147477704452,-0.6105484954997769,1.1696419895665995,-0.6147924909983342,1.179371090904001,-0.614198159931635,1.1049076351610225,-0.85443157429465,1.1746087777397258,-0.721593172692379,1.1132924830617987,-0.5793928035485212,1.142318012937368,-0.571189703149913,0.971060862192807,-1.030120252470671,1.0730884883066019,-0.8358307310248241,0.9964302593170467,0.756332687016659,1.153583196417468,1.0169414811876452,0.8553786668582788,1.7863161190845906,0.955220710757962,1.5271577466576969,0.7924436986760431,1.773647432403071,0.9204101192250452,1.5311121454640233,0.8021752390305601,1.7227368487315298,0.9021162244115245,1.5607741472224872,0.8010729069936677,1.7555109500400785,0.8840614427165031,1.569678125686257,-1.6633569316177281,-0.30331149196680907,1.6633569316177281,0.30331149196680907,-1.240432319699701,1.187834039638656,-1.0393887677260718,1.2179605822218844,-1.3495558070661249,2.0162839237818218,-1.2470876284754449,2.1675418590511986,-1.289051441248188,1.9428053428668615,-1.1849519542375277,2.01433303643531,-1.1675521787435434,2.1800336204415673,-1.0986203969869879,1.891919547766859,0.42293440091395523,0.4638764682378189,-0.47392638205625415,0.5940084056317179,-0.10691597661333432,excellent
0.15138919306027226,-0.14660533254908129,0.1420223199911224,-0.11607119696354201,0.14011616067750485,-0.1062117368596879,0.13809012738207865,-0.09501241937568242,0.1457959826122626,-0.13567108436648975,0.14662543106513978,-0.13795985591171564,0.14748135588225916,-0.13714832822437414,0.1338183445159427,-0.06768423319184541,0.15340051667410626,-0.11898800999355667,0.14754596068901096,-0.14561490349196465,0.15042846033013316,-0.17039365574638415,0.10624004815298342,0.11030362427478543,0.1699864992142349,-0.11771496852865214,0.3352996288173833,0.8122540303048812,0.37562204333130306,0.833148861873496,0.24690935303226935,0.5910342965312524,0.30105412108506124,0.45832729212804896,0.254439274769142,0.5166195218037392,0.30236890485876333,0.4311152338425671,0.2525803373687482,0.509142010133942,0.2832213105038385,0.4408280608022266,0.23453588273922324,0.528948046851965,0.27870247731425246,0.446414696923161,-0.3207989402330384,1.274066711565142,0.3207989402330384,-1.274066711565142,-0.1363547375212953,0.37830385554523077,-0.09012849915823518,0.3042741396870423,-0.030483553180939354,-0.1858073398169313,-0.01794299637173767,-0.18528841258063422,0.012609863398862449,-0.16660200099439076,0.002472932713004474,-0.16377253570183714,-0.05882275883917457,-0.3012975378061088,-0.042887580337115365,-0.1188555288863412,0.6201009676497984,0.6120241206898664,0.17030114879923913,-0.031715487035116514,0.5126794941204174,poor
-0.9587879838497103,0.14378036747911285,-0.9592548352372393,0.19074721106847378,-0.9570578520762527,0.18786191432748597,-0.9556390910762079,0.18774880661723292,-0.9668639385443537,0.23281032468951368,-0.9710229186948794,0.2584102289635997,-0.9755840601959012,0.2866523831786698,-0.9554490760505719,0.276866766626279,-0.9881211060245844,0.38755538804947687,-0.9554885813265219,0.14664657511060625,-0.9654077521587394,0.20965325392403053,-0.9302152676969436,0.42375640575192863,-1.0021569858589972,0.4920935860688232,-0.8647537799033093,-0.2612313080316159,-1.0899382493885692,-0.297096011712723,-0.9119441789033258,-0.9436623639753452,-1.0423486515468694,-1.0267871184779587,-0.9201884436106427,-0.9522042483293238,-1.037172590970259,-1.0235034390631659,-0.9350727133841826,-0.9668348973485843,-1.0302681976356243,-1.0230040634203394,-0.9314118554496968,-0.9640239537745434,-1.03114511782397,-1.0235554114323322,0.9369723725970864,-0.20261586288566344,-0.9369723725970864,0.20261586288566344,0.8876814021025762,-0.9057542629898246,0.8811529677972177,-1.0168776414319152,0.9584792063179374,-0.7888706020399499,0.9554592788768282,-0.8829383449117343,0.9574584893315372,-0.6409891965989403,0.9581996785254657,-0.6680329955709676,0.9705285496426757,-0.9128928428200423,0.959739159527696,-0.9657025553144171,0.22949100884092943,-0.008091384323458814,-0.777821285014343,-1.1088498188841713,-0.15454757824553828,good
-0.00011390914595968411,0.614543306916092,-0.002488687914013881,0.5903774416370257,-0.006554885517013076,0.5900142181705769,-0.010200975706607114,0.5886885039195698,0.009992006484812821,0.571795898160176,0.01441800200411302,0.5576905235297196,0.018844202178844985,0.5380785658773982,-0.013043032128875217,0.5375805933156097,0.028472960487031906,0.45898896156495994,-0.009488705882300807,0.6079847190367602,0.00457120801361263,0.5839644602628447,-0.05008762468121224,0.6361497692476263,0.05051594766509244,0.3959710530751671,0.07944484730756227,1.2056739940818613,0.1604359468532768,1.030551324404289,0.09059916647070243,0.646018956383387,0.1464067530611036,0.4367765121936319,0.12279936956541977,0.6205783708112143,0.16219996905441825,0.42968952226414153,0.12559410221098255,0.5839441122607812,0.14571920904741253,0.42838054261999703,0.1120959913325365,0.5875013620526408,0.13413319969654627,0.43496595128862614,0.03150764429166772,2.095486255087098,-0.03150764429166772,-2.095486255087098,0.4203978593182053,1.3696494621410646,0.1621063010781365,0.48370057761362556,0.19097867939608465,1.1063083846954966,0.2694665567717146,0.3749068406262996,0.19713081642342697,1.0082401101258947,0.3229625509023078,0.46484579627789135,0.05502550206881364,0.6989662540796546,0.14348383325763756,0.18763724065992882,0.39970448253425017,0.3830260050552303,1.1510686972412727,-0.03810049587781304,0.2587346710794813,poor
-0.9703097715781629,0.15813822251774476,-0.9702807722781683,0.1968163000637509,-0.9682910301884089,0.1916264642339472,-0.9664469306371974,0.18746391500715454,-0.9806044322710138,0.24019558293617493,-0.9855247714792121,0.26305990298067816,-0.9901674581981394,0.2876396987500455,-0.9640036301233433,0.2379150356346925,-1.0005590711020758,0.36023995366458517,-0.9633726279742452,0.12755522952969484,-0.976877671683458,0.20037521515216908,-0.9317641986186899,0.3184104675546892,-1.0033671678701694,0.38188837080919485,-0.9464429385870062,-0.1279991268560059,-1.025714054455255,-0.1833610992042286,-0.9317563177607012,-0.8303873102038904,-1.0389489366693692,-0.922338181579745,-0.9322612801745799,-0.8374101091190239,-1.0289015607462422,-0.9282223439605463,-0.9465045472594714,-0.8509133532426617,-1.0200832759024285,-0.9239621389148858,-0.9478167597655013,-0.8493209916417488,-1.0205800154451548,-0.9207854623112207,0.9086658061789625,-0.11459731124171295,-0.9086658061789625,0.11459731124171295,0.88281530806589,-0.8016851777703963,0.882142740833484,-0.9194426584739889,0.9534844503872816,-0.5907535981086466,0.9608832325981159,-0.6998256751599967,0.9518683984254739,-0.42414273017116155,0.960704071581174,-0.48389091686512586,0.9588567488794024,-0.7990125723909366,0.9694275011337048,-0.8477303702282204,0.9900980053228038,0.843598920653663,-0.838915472602522,-1.0093901332040363,1.0901115963046115,good
0.18639752572624999,1.0849853031602537,0.19217153536218812,1.034798387575022,0.18908218086614154,1.0457990223966669,0.18637569022188621,1.053879072167197,0.20384106610899758,0.9699566996594756,0.20900276305951437,0.9343766225580645,0.21485369206127858,0.8942176514411296,0.19052220115109383,0.9877124325701662,0.2358212980152692,0.8057307397973988,0.17311154185970754,1.133254797587938,0.18274261466510497,1.059107211260511,0.1608585059340564,1.1791860772793152,0.242723756691103,0.9241121457463439,0.573295777310157,2.6468402090175975,0.5270396866265389,2.8146209597327583,0.5122077019115815,1.5599829756203405,0.48459530811961826,1.2332282723263868,0.5150791110230005,1.5296073108990986,0.47248528880471125,1.1794764243912184,0.49905020286872087,1.498746212275496,0.453393081304768,1.224420324188061,0.48549729007487546,1.495737088582414,0.4530872192877911,1.2424324312610926,-0.4694697966629021,1.390245886161925,0.4694697966629021,-1.390245886161925,-0.08777934003249872,1.2901418657909998,-0.028002647015149738,0.940684495422188,-0.08336354325134943,1.7017883978991133,-0.05614571864826541,1.5120923444034857,-0.0847315476543363,1.8252127720595859,-0.05418063697781644,1.6459794080912018,-0.12278460013783396,1.421639322817903,-0.11305754842855724,1.221240255173404,0.7208975612445424,0.6128544451995485,3.246738992190625,-0.7190399923194079,0.3293015727410846,poor
-0.989738349979846,0.22141266670369172,-0.9893105760851265,0.2734672444384521,-0.9854845466973212,0.2595389802666009,-0.9828598583909393,0.24803594865713488,-0.9998532810182387,0.3139258446050792,-1.0028766722410745,0.3329502093085607,-1.0066284662125322,0.34859429628703015,-0.9812351987008117,0.2717184275511763,-1.011669100216262,0.4044202963173072,-0.9784998818285507,0.1829098087970221,-0.9927938731866868,0.2513468895643568,-0.940700643007928,0.34552604819952965,-1.0112452212130796,0.42127442394151726,-0.9915774250872154,-0.08133080116746075,-1.0045407443221646,-0.13340769846871484,-0.9866980213881045,-0.7836411327216034,-1.0078062404503552,-0.8809784416530528,-0.9822929454100332,-0.7882876250102366,-1.0112927057723269,-0.8888405937262011,-0.9939827511982887,-0.7977499032654527,-0.9994990529792629,-0.8825528776192113,-0.9984907678104433,-0.800381705538216,-0.992744228692372,-0.8802356092694146,0.6915310724938528,-0.16212820049562038,-0.6915310724938528,0.16212820049562038,0.8963585905948834,-0.7455861089467547,0.8961715806676671,-0.8286550269246308,0.9671228104551183,-0.5507790767856376,0.9744291709647765,-0.6460137962239315,0.9656173884710533,-0.4117286040311787,0.9765289514198003,-0.42411587195039263,0.979512689689631,-0.7056586644286938,0.9818491272930044,-0.7873662415973972,1.0283932179612851,0.9162563450734338,-0.7415634817248469,-1.1371937564997752,1.0072074498804209,excellent
0.45232280652169293,0.7127091578564443,0.4565708985025993,0.6456127734466479,0.4519433037641582,0.6363355614664786,0.4477277529465203,0.6242920308811485,0.475826077369272,0.636737984338508,0.48603387402073134,0.6259844590153975,0.49758481688847644,0.610167774642179,0.4478419274094863,0.5058246014100843,0.5193093327162616,0.5004847611257266,0.4383100545070278,0.7157622420879168,0.46676574836188245,0.7035372859445715,0.3795662561651722,0.28390256601301717,0.5649251112439866,0.33391394549429043,0.15703681864257407,0.6562831751024969,0.47431942212859285,0.6404374382423949,0.30975099656808724,0.662402979285198,0.47962849898247745,0.5622648805031231,0.28048760183030774,0.5474690812227813,0.5041959371902894,0.5709774432065936,0.2915963884722079,0.5108086304816158,0.4799688109439567,0.5563014001412433,0.32386722997516504,0.5567903597555602,0.4658231992536503,0.5479312078265557,-2.2689797286202826,-0.006900095569579191,2.2689797286202826,0.006900095569579191,-0.5370703196652988,0.2548023512323029,-0.4067849900837765,0.4517501604299848,-0.562848314733981,0.4914842689736064,-0.4925195782188962,0.760487490943211,-0.5766997691897168,0.36556274398654187,-0.5777944763473548,0.8675908268303211,-0.6643504687007313,0.9680419171257254,-0.5666842665493185,0.9802701846265665,-0.35920373213102397,-0.22099558628113627,-0.4690861788486744,0.7320880962535998,-0.7417676510691313,excellent
0.42564841129748254,0.11461095886961188,0.4274026022308123,0.07948897101051784,0.4250628219533155,0.08376624020009327,0.4229666353472895,0.08823712980551106,0.43576434431408034,0.04003354748051117,0.4388931811975941,0.017756388707948417,0.4418485746850221,-0.0057524278807561755,0.4283370499032648,0.04023888297725002,0.4465279835406647,-0.08575093356447072,0.4213824651408997,0.13043292136168505,0.43380764732143273,0.09579165954837109,0.3709762315543647,-0.08715432262186237,0.4620013441729623,-0.26501360449948,0.24371103133341201,0.19621276072094274,0.488299061433859,-0.040751798713757136,0.3980956112819307,0.2426962183292585,0.5430268335097456,0.43319187944754384,0.3434108962082209,0.18040735730652627,0.5730930403114661,0.44319145821183503,0.4122134977727985,0.20995658583412372,0.5583963439983103,0.4256351989742816,0.42895932603598036,0.1970632374102355,0.5507542413801242,0.4319079467604508,-0.9622937003849478,1.3062259032755752,0.9622937003849478,-1.3062259032755752,-0.4623156099573614,0.5431707864643648,-0.3938365485524179,0.47218675283069567,-0.4737745894957448,0.5960412525236952,-0.39165763969090583,0.4957375423748715,-0.4670242694400343,0.582320536853059,-0.39594715170285233,0.5302357832015715,-0.5247767343531975,0.5123164209964645,-0.47703234882226886,0.46923519213202947,-0.25103231814957905,0.0670688033925361,-0.3753430092991601,0.4355455041351839,-0.19540837234640024,poor
-0.9606635303219616,0.23826030070573062,-0.9626918408142877,0.28281063466082584,-0.9608255652588716,0.2826096147264075,-0.9587420815106221,0.2835147802522113,-0.969372576392417,0.3174037882099225,-0.9740610363888105,0.3405847398903932,-0.9790887061031475,0.36761499045610657,-0.9583021767098826,0.35670043301618787,-0.9932304255472311,0.4738918513489751,-0.9569831602206551,0.23814410271201691,-0.967891014434244,0.29368177464212747,-0.9338139001497775,0.4469296535226166,-1.0050815655891856,0.5032784404686059,-0.8417984242985802,-0.13044085101242428,-1.05534559648187,-0.12213339761060259,-0.8763292311419111,-0.8124938434733106,-1.041248453461818,-0.9048425025538788,-0.8866610522563524,-0.8173644312628893,-1.0340414015425112,-0.908986677334525,-0.9034105370988716,-0.8278991843839049,-1.0280432949216685,-0.903261964866618,-0.9029659833733467,-0.8288564633265846,-1.0294746210997994,-0.9016241818256344,0.7033747931978627,-0.2092779398618666,-0.7033747931978627,0.2092779398618666,0.8788098432661882,-0.7679521845851228,0.8972801952227158,-0.8842651532606496,0.9500845610990173,-0.5849910894774888,0.9683776648836752,-0.6549584502292263,0.9507249252725762,-0.42134231341716527,0.9672908797096733,-0.4276169873144759,0.96033453053527,-0.771463422765165,0.9746508831610763,-0.8166978053844134,0.32412828343184147,0.5432211228091839,-0.8921106541108791,-0.8561824659273043,1.3666516651007543,poor
-0.959516620839828,0.22245691196313172,-0.9615303152855563,0.26825202031497136,-0.9601361491648588,0.26483905411326364,-0.9590161553569191,0.2631914094523292,-0.9669266428131078,0.3095233136411208,-0.971187001135168,0.3342663370251688,-0.9754175367846226,0.36143573982591537,-0.9612543667266849,0.3415864098736384,-0.9858598885192162,0.4585327238857939,-0.957537195615324,0.22816491447000095,-0.9652204381156909,0.2895477947470344,-0.933901960374363,0.4655864530814836,-1.005341207261417,0.539218494613972,-0.8616331491737831,-0.25456852075270775,-1.0726253972065223,-0.2741681630804474,-0.9224837021549271,-0.9498186856323608,-1.0335984426731304,-1.0265157313262945,-0.9321958468879034,-0.9545481119623305,-1.025762230429064,-1.0212196739859167,-0.9378336847750295,-0.9737115095615332,-1.022580375775775,-1.0249147444936695,-0.933474847321617,-0.9724336026264268,-1.0260679510918869,-1.025205534127224,0.8868016217315163,-0.14341976986625127,-0.8868016217315163,0.14341976986625127,0.8961545764886303,-0.9672826591397155,0.8815598291525982,-1.0763728882132,0.9659931595873548,-0.8121942372052333,0.9564805515409553,-0.8948659994085237,0.965591721044201,-0.6418476411082213,0.9583650336210435,-0.6793986923867479,0.9743283597038561,-0.9282611222404434,0.9649009632898031,-0.9794726483703677,0.00019172654866740578,0.0569917810201915,-0.9291762741886348,-1.2170234143871879,-0.30724457147141976,good
-0.9864836830395676,0.23058299063598747,-0.9865240292036929,0.2743050455512185,-0.9830039783579801,0.26149796435568995,-0.9805989704998946,0.24963896992016402,-0.9975960098090065,0.32005696945086753,-1.0010608739268727,0.33931444028879143,-1.0049206068984051,0.3589681670818395,-0.9788624924999169,0.27142804105799945,-1.010708268721784,0.4120136401456902,-0.9758002233052996,0.18208818592434836,-0.9899184309271897,0.25856586304507434,-0.9398932707944584,0.35860125615107746,-1.010444142817686,0.4221221137781792,-0.9973514982822065,-0.0548641166758483,-0.9980526843444756,-0.10047117600540689,-0.9870499043706421,-0.7653390721682547,-1.0067515092082662,-0.8666299858492321,-0.9822154257049136,-0.7700504890854898,-1.009292646743111,-0.8751443879807961,-0.9952468353375548,-0.7815273771556265,-0.9961855604560508,-0.8696132423580226,-0.9996234639102771,-0.7845219356585912,-0.9910082302812748,-0.8672976572089426,0.6880170669400072,-0.1642120461844722,-0.6880170669400072,0.1642120461844722,0.895445795187831,-0.72310319259996,0.8956717040918241,-0.8063264462723232,0.9662524333818758,-0.5288809959580708,0.9738222768328355,-0.6192322165982148,0.9643798263257018,-0.3821018846983279,0.9758142376032856,-0.40076514498724575,0.9778023460554653,-0.6894207588508324,0.982924166006514,-0.7752988307050623,1.0697610974479865,0.9550953428983529,-0.7637219388445954,-1.1238681500595018,1.0874623750585843,excellent
1.363268745538615,-1.4286025722251243,1.352073981050866,-1.3769650867615506,1.3516409949457995,-1.3631069569020322,1.3507883544515333,-1.3490328236929665,1.349457847152063,-1.4367705927403345,1.347870495073989,-1.4607493306834407,1.3460304025187368,-1.4864370599189405,1.356017053859227,-1.3269549280594861,1.3459573256812865,-1.5172393942923041,1.368323034376267,-1.4303778401441865,1.3615967106083835,-1.495506550823336,1.3439243562281467,-1.5617536736253979,1.334015590187414,-1.6494764565998943,1.5092515735838066,-0.2974402207336669,1.5195454237996902,-0.4534436909264191,1.7543323860254938,1.2266318586022387,1.5729192728180825,1.1324539547344603,1.7145430069921022,1.2149673975163835,1.534118291790529,1.1407432753703237,1.6848825702500396,1.2369585440042459,1.5242688166479803,1.1688665286162503,1.6818937904773135,1.2455457176115887,1.5290324706771186,1.1800131812876287,-1.1187568937346375,0.6715210276563918,1.1187568937346375,-0.6715210276563918,-1.3566445711643318,0.8692980827096032,-1.2765417903350595,0.7894761323034956,-1.514545712512977,1.1840732133425047,-1.5149547827241174,1.2266164705134277,-1.529645087557507,1.077195174385767,-1.5864545043229787,0.8187762280244418,-1.5896972951479662,1.234922556294182,-1.5215441841828548,1.5151172465902547,0.09653174401172045,0.30725912317969295,1.0059356727110953,-0.000996155656492593,0.3002937006608227,good
-0.2715190254956065,0.9007598380336385,-0.27227593687205265,0.8655853196939837,-0.2759844372856869,0.8550750308097735,-0.2792031909252313,0.8440353226055972,-0.25806931739981975,0.8857946402854039,-0.25143506530848153,0.8901070153982905,-0.24398784404823737,0.8948137015821315,-0.28312728008642746,0.8148112201717197,-0.2273252566611334,0.8934143077412027,-0.2767048270323425,0.8909862304307229,-0.2590494933437842,0.9165831643438254,-0.3125177288443869,0.56332094067025,-0.1715532415631844,0.929551684386575,-0.4779741789873375,-0.7564045222087044,-0.24877349779359148,-0.5166180186077368,-0.5565806702908359,-0.9628384821317513,-0.28637644396639145,-0.7203629839789742,-0.5561011735084961,-0.9269075137821617,-0.2947969501752227,-0.7072582932813619,-0.5246535835388889,-0.9178606199262748,-0.29574002106603914,-0.7347323723065852,-0.5185535706813263,-0.9120513297513391,-0.28801646994541225,-0.7467053807891861,-0.5315613383491417,-0.9916760736137181,0.5315613383491417,0.9916760736137181,0.1433189309694764,-0.9444931278891973,0.24745660269019218,-0.7089003617915041,0.18079053860050226,-0.8060478988592822,0.21621708943302806,-0.6678248439646076,0.18436338354536477,-0.8109098249734349,0.2317269109504613,-0.6623135475404015,0.19472818765838243,-0.5547070880255252,0.27285632193068676,-0.535871405358141,-2.169879983305917,-2.394920270635642,-0.9046240846039103,1.5731735329303618,-2.1931952869998272,excellent
-1.0193778861894027,0.16894745643912926,-1.0194862399000075,0.2091417743738007,-1.014875454111997,0.2022361010196844,-1.0069136670419931,0.19993765626021107,-1.0275611962094833,0.25247941284475217,-1.0288013936139238,0.2788596704385671,-1.0303400429274119,0.30727375735966794,-0.9939362496455453,0.25233067112647306,-1.0267223711566114,0.40155316578285505,-0.9944868788173977,0.14587723976952874,-1.0161836280808942,0.2215878683332296,-0.9416161079962057,0.41898331479498263,-1.011957947068651,0.48131879840426595,-0.9917484615813488,0.0373141717925629,-1.0093388403233343,0.02779379215458022,-0.9865846836468152,-0.7121282660958417,-1.0208149814590515,-0.8142796889395856,-0.9768723410907498,-0.7098794369841703,-1.0232130024346067,-0.8321406950515748,-0.9896935063867026,-0.7224934180045781,-1.0138778319193642,-0.8156792417219257,-0.9938472552867863,-0.7292334389008329,-1.0130552025673658,-0.8122258762207016,0.6813152946371754,-0.13702650722775836,-0.6813152946371754,0.13702650722775836,0.8912619588287339,-0.6633464237752722,0.9016153265630769,-0.7358402288147614,0.9615949832176373,-0.4508914423014909,0.9742671172531527,-0.5412230791241999,0.9584228628203929,-0.2959178789535869,0.9731649341166185,-0.330022645789846,0.9657602745990329,-0.6579467585170741,0.9830364580931028,-0.7273565005739999,1.0255557315801598,0.942444507474155,-0.8761944501346536,-1.0205453015656212,0.8565818072411638,excellent
-0.9956909316544006,0.1580995896575112,-0.997109470027218,0.18671089977236952,-0.9950911965842344,0.17967716191787095,-0.9887704281227517,0.18961333678629777,-1.0061037585294417,0.2491651124355967,-1.0087270087099762,0.2745510978371918,-1.0119597614006663,0.30037965103720526,-0.985973801401444,0.2391052130111209,-1.012258110672632,0.3820271391812981,-0.9822434725684676,0.1283159149385041,-0.9972054951396029,0.19117209539898944,-0.941009177462573,0.3417864486411263,-1.011503092376128,0.41942403871284456,-0.991210910985186,-0.08593802504401991,-1.0057109139724585,-0.13350694022240453,-0.9876274027017695,-0.7867356851006831,-1.0083543761963218,-0.882071318067672,-0.9828864423821565,-0.7905273078712799,-1.0118512916669187,-0.889936441621271,-0.994331633390137,-0.7996576545763759,-0.999996968544541,-0.8835248175544319,-0.9989674354883598,-0.8024611223176062,-0.9932229489115751,-0.8811613719146079,0.6976268453048505,-0.16108090707568176,-0.6976268453048505,0.16108090707568176,0.8971371408552726,-0.7460220097348959,0.896063327542192,-0.829388665767368,0.9670217836339483,-0.5527581772915344,0.9746051987726889,-0.6469671473269863,0.9656072848042345,-0.41287848704157265,0.9766891093592248,-0.42593749536741254,0.9797788410931779,-0.7066333842375331,0.9828639374641455,-0.7885752316713828,1.020718207729928,0.9107096260727718,-0.7418696335461935,-1.1305658228667648,1.0053166714250437,excellent
-0.09228160729752542,0.12280686087728394,-0.09216963822679394,0.17309334845741686,-0.09451867105959992,0.18827507191993736,-0.0977418650973213,0.20431155307131915,-0.08544355540957896,0.14295576747834168,-0.08459081966914611,0.14040829912924777,-0.08620308464939513,0.13584082935866038,-0.09949368197412986,0.24810759435124083,-0.08481975941298044,0.15960827362013522,-0.098844289923272,0.16561078068908971,-0.08878517164725681,0.10417038559345095,-0.1154751778116886,0.37531601869907033,-0.023484982203901467,0.13678555152165484,-0.45244969891071,-0.28487409476965,-0.08496528499448834,-0.606806771425928,-0.3652783692678456,-0.5376521398504867,-0.04719071226432383,-0.4969312752640113,-0.34556213206024994,-0.5774556337799022,-0.06116542705484513,-0.47503630494793025,-0.32231965599987056,-0.528335909276875,-0.06453163264207831,-0.4908975153015924,-0.28902999916671634,-0.5707224098334931,-0.06720696416442158,-0.49541206242554015,-0.9977755132199863,0.4088183137537595,0.9977755132199863,-0.4088183137537595,-0.010560455375352978,-0.44513792002079616,0.0715181385223045,-0.42417152586227586,-0.014281821405417883,-0.7353485521789713,0.04819146165959547,-0.6031965056293719,-0.019818621065666647,-0.7719349461242815,0.0442743930767843,-0.7003403440539843,-0.027337604395704363,-0.6113499219053793,0.008985823655193112,-0.4472757480957822,-1.1117820904288045,-0.5367265412952099,0.9437661375057222,1.6761596961885445,-0.7173410124808619,good
0.7076996265284915,-0.5100995150729954,0.7124673732831737,-0.502959652825938,0.7120310381638296,-0.4851894502187755,0.7116876710011645,-0.4673540090622735,0.7116060504177175,-0.5657705378165497,0.7108609021188298,-0.5840153140852118,0.7112526229675246,-0.5983820142285723,0.7149806970754751,-0.4816984019830453,0.7175214363767198,-0.6254062493527445,0.7025466237279706,-0.4666823573389719,0.7064782316946517,-0.5468457971165445,0.6760737366595387,-0.36703912787208864,0.7010410567791001,-0.5560381412376456,1.1918766544720079,1.1947099302287636,1.0351581658607678,1.2015118391182684,1.1410205724458804,1.392856667055738,0.9637912811991265,1.186930828168947,1.2134008018822742,1.4107358991547982,0.9719599343942532,1.1385117433909917,1.1770859044740396,1.385243662530606,0.9613964077645694,1.1591504928609655,1.159923244709149,1.3852616763424297,0.9656418546990324,1.1847302206914252,-0.8947187248562801,0.9808675248474436,0.8947187248562801,-0.9808675248474436,-0.6863893077560229,1.2643666048043274,-0.5957201111946197,1.085905477851016,-0.6178662410623079,1.0456857033647995,-0.644365312705451,1.0684804793683502,-0.6064480240373005,1.0153895661966184,-0.6474949872395173,1.0309782479973177,-0.6282147620560387,0.8399263436034811,-0.6350430771645958,1.0032773470494123,0.6321530071097934,0.6129442567404573,-0.5324753571002961,-0.491565528621491,0.5333560489327775,poor
-0.9768414038606498,0.1847625669525702,-0.9753150643589227,0.2324671747356091,-0.9713162272566936,0.2289486859483461,-0.9683000642562555,0.22722922458086312,-0.9829943683285454,0.2725863166063737,-0.9846055675244677,0.29642435363506886,-0.9866380187272872,0.321785305790263,-0.9595989086322008,0.30146234926792015,-0.9856968866248773,0.41126147778617844,-0.9657506215552558,0.18517921723368688,-0.9775034462472248,0.2358541037747211,-0.9141240335816819,0.446059752228947,-0.9863470589439417,0.4739413843227786,-0.9462305461467043,0.059865295794875685,-0.9979480473563817,0.0026643023429545375,-0.9715613863705834,-0.7171518876958346,-1.0031963079560677,-0.8344134685173784,-0.972139319056217,-0.7250738737043524,-1.0021865246318615,-0.8385305341967716,-0.9844190285857002,-0.7407565033871977,-0.991127069606934,-0.8330514826188276,-0.9871080150170011,-0.740029307609655,-0.9881547979510681,-0.8313487145318615,0.8208355529515579,-0.03552766814494497,-0.8208355529515579,0.03552766814494497,0.8567577814315166,-0.5950830446854847,0.8714658488355997,-0.7025880946463734,0.9389811480112615,-0.559000516996604,0.9443074247586921,-0.6397454078008344,0.9424840046395146,-0.40984536471902694,0.944181974137486,-0.43794644466738586,0.9457913189980252,-0.7110629645757753,0.9541266499095055,-0.7795233288396125,0.9186939300199233,0.8149301006871528,-0.6492817278529933,-0.634563768227477,0.8438168614997521,excellent
-0.9616697981133404,0.12614424485718473,-0.9637550022662562,0.1803624737787041,-0.9626084172820837,0.17748830053921266,-0.9616463768779133,0.17675582445759228,-0.9686180084495053,0.22173843398249435,-0.9725254037134567,0.2481241896920969,-0.9769186684396023,0.27704928452381467,-0.9631244849902019,0.2624948679295062,-0.9889253849122808,0.3852394937069065,-0.9601591703867298,0.12296062347811146,-0.9669314834261389,0.1873933520599944,-0.9379121865164781,0.4050333401240457,-1.008637767199304,0.4905205548808094,-0.914284459391862,-0.2935413240961211,-1.0705040280019962,-0.34394844559439736,-0.9445511251872561,-0.9679030390440391,-1.0376196567695557,-1.0491724016155561,-0.9466202619704742,-0.968990087347912,-1.0292483173376967,-1.0422259604380397,-0.9491168770698315,-0.9882724603061648,-1.022483555137785,-1.0436181293437525,-0.9493218462002347,-0.9877253871353884,-1.022632923431758,-1.0433317205302346,0.8936284563806833,-0.1601757891946573,-0.8936284563806833,0.1601757891946573,0.9228169755407402,-0.9867284740447603,0.8815365183216917,-1.0834285007707758,1.031751993046254,-0.8730570659928205,0.9555228798008266,-0.9338859125174764,1.0293952292636186,-0.7129686690517568,0.9594271590250429,-0.6951904094992897,1.0508540100903894,-0.9890109571443751,0.9478102387029401,-1.0103673720425024,0.46641767513629123,0.17422179086731057,0.4566250194483684,-1.0654910370519497,-0.09963243585989577,good
-1.0142162754948945,0.7046392102361602,-1.0062774797618734,0.7232032643548538,-1.0005592972871578,0.7182538835119809,-0.9959950741283488,0.7127780524200875,-1.0207628541050076,0.7495055135925116,-1.0238582570297945,0.7620630903269751,-1.0277313445212761,0.7752448429472963,-0.9843459866724089,0.7389346411261084,-1.029713315986525,0.8171809138627558,-0.9971007396199543,0.710204712685101,-1.0115935261398883,0.7466618887207063,-0.9595406927341291,0.7415967388226263,-1.0273050306624956,0.7848560405846116,-0.887145822149705,-0.24991154383770833,-1.0740976560010251,-0.3082059238065185,-0.9529789977840057,-0.9740996860841465,-1.0169612291323016,-1.0201501890998954,-0.9484402873300165,-0.9624952295700585,-1.0130513439196962,-1.0205064008687148,-0.9529011659667584,-0.951062555135075,-1.0119222765197575,-1.00786542861115,-0.9591176407861245,-0.9528575913998665,-1.0089657872763824,-1.0080858479718096,0.8996842460445199,-0.1758003185703886,-0.8996842460445199,0.1758003185703886,0.9414572738754557,-1.004018069242255,0.9059618620640922,-1.1094158233641376,0.9759607364228436,-0.8409225293468291,0.9797183942964157,-0.9150840455901932,0.9730178949580951,-0.7233771168698497,0.9793281157624907,-0.7205505565239619,0.9790667063337688,-0.916879758410244,0.9960137479627204,-0.9728018351588568,-2.8469413215645343,-3.0449301842608576,-0.4633817482304459,-0.6934604380832119,-1.8835119903416127,excellent
0.498962347967485,0.3114714597368707,0.5055223505208827,0.24989457611566596,0.5020315087883837,0.24285308502808703,0.49903769732837583,0.23453903811117385,0.5228976326139309,0.24514131502019273,0.5326800708753088,0.2388020851864329,0.543871094016398,0.232559034228943,0.4935255872077559,0.17670935880146268,0.5523965799437889,0.13854581686623493,0.4896040380549903,0.3096061486950984,0.5157713612235206,0.2925007720952882,0.4582602284817382,0.17361579976640695,0.5983595125829329,0.07725330719499389,0.04217488270696697,-0.13735411566636016,0.2935275415361818,-0.30452280405713683,-0.015498029099603268,0.22678541499065993,0.22330962863303216,0.28939174564068937,0.021569166661094392,0.19923032408188157,0.20740688662925277,0.31691689576998466,0.056030526178294585,0.23584838258701152,0.24765553250619343,0.28413974912384593,0.034581317572651725,0.17406621977803374,0.2514978145183313,0.2778373686352147,-1.3107478033799553,-0.05293960268679751,1.3107478033799553,0.05293960268679751,-0.6971138036495608,0.05280747313348776,-0.5245861641403115,0.15432234181315252,-0.7014676797394611,0.3424973328928752,-0.668769629229052,0.5174258984575733,-0.6886407911277284,0.182195321641936,-0.6406940029670859,0.3571952689743034,-0.5951132689312021,0.7288883288910545,-0.5781094181763468,0.6409419741758254,-0.7104067802951887,-0.5804010177380011,-0.7988788640953645,1.7745415241866176,-1.0589591827599316,excellent
-0.16604114134385956,0.9472072822539671,-0.16124359057294987,0.8955628544678872,-0.16482626628344904,0.8832223971889317,-0.16770331554217974,0.8699723237253376,-0.14607660278433438,0.9150808854185062,-0.13870874109010942,0.9163895168138437,-0.1300975456710937,0.9173329764075899,-0.16803557540883005,0.8154731638903546,-0.11051555090657826,0.8862921202329571,-0.17480783685880152,0.9371180963417086,-0.15517113089478204,0.962842936378956,-0.18605287073587864,0.5179399679370428,-0.05739872536608089,0.8831015559431044,-0.36117727701199187,-1.0074296721456781,-0.14521038485269533,-0.7216186756313331,-0.46851511378923943,-0.9451220394302212,-0.2114569574822071,-0.6659818042513449,-0.4696240452334694,-0.9024093522964447,-0.2188855639502137,-0.6434145379958514,-0.42978471159217463,-0.8908893358841508,-0.2172863256426646,-0.6581186269188656,-0.4163616541662608,-0.8827064764239323,-0.20923781535154048,-0.6681120211652996,-0.42484066225120015,-1.0517212330245227,0.42484066225120015,1.0517212330245227,0.017870233132194935,-0.8712271113095347,0.12260378058350559,-0.6475844637589202,0.02161179761883198,-0.7735612862301621,0.06897651158724855,-0.6318156882996073,0.037331334565186995,-0.8048802129518345,0.08439001317747905,-0.6796555577864286,0.07146647031848387,-0.5005846483416526,0.10963229898518248,-0.46817334936261196,-2.3376318626910453,-2.387561231392278,-0.8009131901459412,1.6413032820173046,-2.1693117591846915,excellent
3.6015713037008408,-5.9808105795031405,3.5760735229102765,-5.989749819487141,3.5970848042691093,-6.002054680653844,3.6154948306317705,-6.012561543013218,3.4865029401811607,-5.965419307247907,3.435965126998907,-5.953109039419748,3.3771508964337595,-5.934891552090357,3.618493193521005,-6.010556088408729,3.2628291737713293,-5.8002584563969695,3.692546349251882,-5.937489073036503,3.5768564590414873,-5.975767102288729,3.9467725201803088,-5.83487861077851,3.4215288478632218,-5.850440193516883,3.523094470498041,-4.9259151003372255,3.002271900822997,-4.325548550971102,3.3350326659536775,0.6967324036803021,3.376949491186631,2.0447869199317066,3.2332961840564964,0.9899255464336446,3.3949588344903203,2.1140217909180525,3.331947463944616,1.1573061271584666,3.4855276217364715,2.002658627638741,3.4039418563759805,0.9244227783055236,3.509901970986208,1.9798193252930465,0.6332400635450991,-2.737007940534846,-0.6332400635450991,2.737007940534846,-3.5475758571386478,1.5488227378182218,-4.151461154648245,2.402071638401312,-3.050037717032721,-1.3592111924864443,-3.030710834761452,-2.518961172372804,-2.957176896521807,-1.957640396159522,-2.8897570010037823,-4.11418786041685,-3.14944077172848,-1.501909199080631,-3.164250339024164,-1.6933952447305056,-0.10238795107854358,0.037047176865693324,3.3395482121809366,0.9899300959400212,-0.16300140170286861,poor
-0.40703087206718214,0.37747399643020507,-0.3892115910164331,0.4577380978473469,-0.38903030970694225,0.4765250137742801,-0.38862766941548005,0.4944780889784189,-0.3850206709438441,0.412326873986923,-0.38174962398958723,0.39611539560853126,-0.37734417891123784,0.3832876974291613,-0.3776071086927241,0.5366785514710062,-0.35522041398443865,0.40268568167639707,-0.4136221345420676,0.3961711236449156,-0.4062680357464055,0.3527118504645473,-0.35674981774238745,0.6451236478476179,-0.3572277287079688,0.40190720521397577,-0.19043277991410734,0.7665002685151908,-0.18309763555915962,0.7092304874663173,-0.2671011598619623,0.008400215260718933,-0.21063460143519214,-0.1354302641782941,-0.29917069999748147,0.013337603273491533,-0.24195848645826543,-0.13995816258478358,-0.3024111421293755,-0.001011953251476127,-0.2630745268966884,-0.12916411247436643,-0.2990815414527077,-0.0020114779664753765,-0.26191620327282666,-0.12082105869370903,0.1355121079047575,1.0203597880921753,-0.1355121079047575,-1.0203597880921753,0.3012698954126129,-0.0062793446953405925,0.3548421443543226,-0.3294229908775331,0.3065426078468822,0.3308881135706706,0.34368568482395506,0.22373942851342482,0.3112950627959325,0.4340119625770917,0.3547661857381533,0.3866816015845517,0.34953328914005843,0.20433242964964565,0.38063145609264154,0.05658450758030812,0.7839316658899055,0.6853790968101153,0.0724579150508253,-0.6689703647247867,-0.20425645657678212,excellent
-0.9489140379129195,0.2732583355326193,-0.9527613590763971,0.33456415060695777,-0.9507055025586278,0.32763803995730323,-0.9446413141716693,0.3194676678229841,-0.9591993183924897,0.37021283500890695,-0.9629166643952407,0.3908027660304152,-0.966693925318855,0.416241254269338,-0.9485834049586552,0.35242992418011654,-0.9737059701474255,0.449456932684285,-0.9399726590735223,0.22141837842970488,-0.9503477391705932,0.2909732353564706,-0.9080472990792914,0.41361997598644135,-0.9810637688629097,0.4425043503958279,-0.913533433575725,-0.0623955630305007,-0.9993928266548678,-0.14293761129540003,-0.8859302046981028,-0.7846242839241039,-1.0157598855985368,-0.8895194330120695,-0.8862576308540808,-0.790268848270267,-1.0113752210592097,-0.8937907872804507,-0.8983851643937956,-0.7924647381473073,-1.0012905042828646,-0.8826513552764303,-0.8997384312584903,-0.7931513560830583,-1.0024630661331178,-0.8801250865726509,0.6825356966461041,-0.16000461402735253,-0.6825356966461041,0.16000461402735253,0.8733620317314176,-0.6929167081601239,0.8984273849043172,-0.8121732956862824,0.9427911159943058,-0.4749883921627395,0.9696163832821167,-0.5889662692865819,0.9420465341970327,-0.32683184279795136,0.9704336327403049,-0.34850775225266073,0.9611802371159605,-0.6959614222018331,0.9744201631069389,-0.7564855985129969,1.0614673296733497,0.8076557592264091,-0.7474670607494285,-1.010741135985255,1.7210929342117665,good
-0.9604342782170426,0.2408112563391798,-0.9633482305087561,0.2877360496539755,-0.9621307931456259,0.2875361897620684,-0.9598093648482592,0.28836299120376313,-0.9689204228027027,0.3239451136781456,-0.9733105811577845,0.3466079990174533,-0.9790894631605799,0.3729485171566679,-0.9601951268822442,0.3592185230046545,-0.994487414309566,0.47244060184032166,-0.9573301271345893,0.23631956904265083,-0.9656705645852498,0.29050868793487633,-0.934156290207263,0.44455400069969514,-1.00556829507223,0.5116717104614543,-0.8438455255310264,-0.08784278438938996,-1.060250610567774,-0.08889749045116144,-0.8749755129827326,-0.7885448673309087,-1.0469404531781972,-0.8847490686468878,-0.8854587816073949,-0.7910008381580262,-1.0380399868573473,-0.8904452086777173,-0.9024651797251174,-0.8030452741112606,-1.0321093469182225,-0.8834601156566104,-0.9008422936493887,-0.8039830144900515,-1.0342161739978708,-0.8816307931631272,0.671744710439491,-0.26317583054040355,-0.671744710439491,0.26317583054040355,0.8801597244448559,-0.7572718283221069,0.8967487070817303,-0.8697073229100138,0.9508529886596964,-0.5536696901165767,0.9682522173927124,-0.6326028870870313,0.9461724823149075,-0.39530363447848577,0.9677297306763251,-0.40937748199241414,0.9575322019042064,-0.7448824454476699,0.9780827567038594,-0.7991827557235939,0.3943905109592181,0.5409273222043316,-0.9014902062433117,-0.918189115514855,1.4274111744100004,poor
0.37611582721858494,0.2580692328388594,0.37363402055424516,0.16062953332090668,0.3682019607766707,0.14229199092474923,0.3630439939589675,0.12113191151805011,0.39158196544162055,0.17411041807090966,0.40022796346064127,0.1706182106843578,0.40977149962842335,0.16680955130416059,0.3501957674768273,0.051001251728310895,0.41403356333802266,0.08260809320652102,0.36570055377041444,0.2327102754708605,0.3896015342026161,0.2417944810677734,0.26066077097296814,0.09063072818814827,0.44037821414178413,0.031792735979736884,-0.04847587892686795,0.361623199981819,0.2440574468496655,0.2031612801676271,-0.07126736245275374,0.4850580615642336,0.19348775194446663,0.4124171527522314,-0.056622228862246826,0.4714630249586946,0.1647431290880304,0.4204551466198971,-0.030293356310108408,0.4903447753837824,0.17977990161694388,0.4091858039030264,-0.03606869529372398,0.4545560118235923,0.18226855130662387,0.409235015537922,-1.649621773290972,0.39444298972089137,1.649621773290972,-0.39444298972089137,-0.5513773627240477,0.1472752359312023,-0.3622171739566836,0.12592269247500365,-0.5477081031267632,0.6253076331083917,-0.48841739571511184,0.7023099666269191,-0.5182754386168309,0.6143248330092254,-0.4463093709122255,0.6162307596291668,-0.450089482079239,0.8714923869409433,-0.4036044962996848,0.7198194754202687,-0.16056194993049477,-0.1553606367367129,-0.85796106335388,1.3930589424674897,-0.6067597548085263,excellent
-0.9556959478869985,0.21101482637657995,-0.9587249223201261,0.2606943444750253,-0.9567409785300469,0.25903809610713324,-0.9547179695225719,0.2581689077079233,-0.9646108332706501,0.29675197974352474,-0.9691504102523938,0.3202544389343024,-0.9746910562038092,0.3467702342232117,-0.9557573992927856,0.32923827964873825,-0.9913620680650347,0.4497792083340699,-0.9533175178312022,0.20644476629502104,-0.9625808978106649,0.2613140455525159,-0.9346187544461939,0.4244285437941101,-1.0059728184779804,0.4929509918052741,-0.8357478879217733,-0.1823081928603643,-1.0626019109545384,-0.17470803806488486,-0.8774503000484124,-0.8481213244008902,-1.0417736108055198,-0.9349045511984567,-0.888206516871391,-0.8490471120781663,-1.0338761304615764,-0.937206226957076,-0.9047563486155722,-0.8611547213469175,-1.0273079108752992,-0.93271304335034,-0.90430693872191,-0.8621928009633246,-1.0293644949596017,-0.9315491298653393,0.7182018000277582,-0.22340840161320416,-0.7182018000277582,0.22340840161320416,0.8861162284439326,-0.8067883343785949,0.8968009549716487,-0.9042067646045555,0.9504946260552272,-0.6393642067995221,0.9679224834175683,-0.7032570407627635,0.9539194892446222,-0.4694361736539158,0.9664492488926212,-0.482356874594681,0.9623643936412187,-0.8108983917775912,0.9744784142682731,-0.8509179370610137,0.24689381352126977,0.4581844790686288,-0.8724457579142316,-0.8457119037929672,1.2342628117321952,poor
0.6226419458984603,-0.16744920970875127,0.6308197867796042,-0.18566901381753512,0.6300574090622336,-0.17204009195704012,0.6293797458887029,-0.15761153961756474,0.6336195276208936,-0.2510432247314645,0.6344354250893619,-0.28533401969167194,0.6356431810985201,-0.31833399718304123,0.6353478437334595,-0.2036049480324111,0.6403826398769502,-0.392927399475694,0.6173950881637372,-0.150750031339441,0.6226591258969068,-0.23201457150553298,0.6303723690081126,-0.3226070864214734,0.649827192065105,-0.5211116102828743,0.5410620901894377,-0.13749873230335666,0.6285383210043374,-0.09053039414221811,0.6514477406504923,0.3046508170267739,0.686352423807597,0.545232390065196,0.6900508092377537,0.4182484714655152,0.6802197942096104,0.54261550170837,0.6866839231395672,0.36897185563742735,0.6777652398340622,0.5072833600367332,0.6829392395247451,0.35853215810539896,0.6794762726705628,0.4961433182999339,-0.3482771516612857,1.4074101352659556,0.3482771516612857,-1.4074101352659556,-0.7202734147373322,0.47332043899845094,-0.5771446015302966,0.6680515367125759,-0.6326814166880806,0.19623467824769902,-0.6689129327550076,0.24267331073059573,-0.6327524734961201,0.12370030315981705,-0.6997579883146785,0.09416901389719996,-0.672667324552163,0.19618371723242514,-0.7113141034823539,0.4022997903013265,-0.2718448658930116,0.06160830361038832,0.39631208661366346,0.6514192436360122,-0.17192054948297195,poor
-0.312740649160428,0.889099637636771,-0.31340871138206533,0.8543797422364093,-0.31721927497504865,0.8426006643084896,-0.32050568943861185,0.8302659607887575,-0.2994594178460065,0.8774683922348064,-0.29323711780805783,0.8816445188031372,-0.28614901510111074,0.885177040905422,-0.3263001325517941,0.8041757598076877,-0.27187315345334623,0.8814916646276023,-0.3187510449607063,0.8925518076844143,-0.3028686606155286,0.918414482368613,-0.36463668163025853,0.5705844929370111,-0.22507577208933843,0.9411280789337076,-0.5145982101352917,-0.9062653894560534,-0.2807964988248891,-0.6331321359852964,-0.5882011269191499,-1.0153059279571404,-0.3265248100595936,-0.7796634199139512,-0.6117720393107531,-0.9884104924587331,-0.3405470319784735,-0.7770893486945295,-0.5668599199454011,-0.9758572871106775,-0.34170417281561555,-0.7848800074717803,-0.5566348657944914,-0.9660865864449923,-0.3340862979378102,-0.7889040831455997,-0.5703218730589235,-0.9643163436749027,0.5703218730589235,0.9643163436749027,0.18480196256828904,-0.9640123521925165,0.29208442442965354,-0.7932736832509919,0.21398396452812132,-0.8560165788405876,0.2570595790856805,-0.7285367682162112,0.22663264490311613,-0.8353397219467816,0.2756704304816887,-0.6922627038666617,0.24017954837949,-0.6062077822428468,0.29061690648644567,-0.6081344595820773,-2.537070806685834,-2.596965582015931,-0.8154807594521931,1.5047965972146788,-2.280149781862187,excellent
-0.10545176940213753,0.12388738303720379,-0.11568041698760818,0.09752704512988461,-0.11813083012577814,0.08496952465762352,-0.12025103512475038,0.08099280993039638,-0.11308720947793313,0.12243601879014822,-0.11420161367997103,0.12892179810110177,-0.11603406373359958,0.13274304309327173,-0.13660119759030007,0.08521338654336233,-0.1303524407362627,0.09293602050279785,-0.10895310090245888,0.11791843626630293,-0.11106460353680228,0.15596055370666514,-0.1117445176600431,0.41153396096134565,-0.19291211803849875,0.21105969370773542,0.16179705495008703,0.9982396400355964,0.07776242361691339,1.1230776878491406,0.3068384745398686,0.3382691761991995,0.22078216746177778,0.13352398280882616,0.3405142205396852,0.3609262450477141,0.21708102862740677,0.15439653373964446,0.30279818858368246,0.3331046118052946,0.1948825985697103,0.16296159451610903,0.28700021462570613,0.32144826408238636,0.19634320430763774,0.16324077456327155,1.9424930507237086,0.777488813366478,-1.9424930507237086,-0.777488813366478,1.1545211388560142,1.172095088417781,1.02826317979833,1.2003578754783368,0.6085103598020608,0.8866228438117293,0.6002937350616929,0.758052708132068,0.5637406704813335,0.796290000169505,0.5550811586224554,0.6665400558212443,0.49901234141861905,0.7109873746428319,0.5272295730284404,0.45624459238369636,0.417509833365603,0.457128878408785,1.5663058898961741,-0.37577680272993075,0.20668472934781387,poor
0.38031096148439314,0.658613881365289,0.3999402436600071,0.5753045950280233,0.3979097311823411,0.5605121816358,0.3958726219075517,0.5434500306563377,0.41905808409988293,0.5764660684632419,0.4310903423317494,0.566945198379397,0.4442890878217251,0.5548078891932837,0.4099968391995154,0.4256785417763884,0.4797244442172617,0.4258396656124071,0.3646187572367332,0.6106668667701233,0.39015668135064996,0.615294765223433,0.3739771941368781,-0.13308911860654019,0.4715359713045515,0.2198351787112745,0.0325666087325496,-0.756579656544328,0.31114578620480415,-0.4212858855949625,0.05476141982730112,-0.1677058177091008,0.28355880744672557,0.04992031386678972,0.07212242980588474,-0.18714698809652622,0.2659069512812793,0.038053245693639486,0.08697051552539942,-0.21287023456922605,0.2660406401583072,0.013012396642086307,0.10085414405986978,-0.19584737068238525,0.26170510266824665,0.012636505676362353,-0.8051691006713309,-1.0585246037465912,0.8051691006713309,1.0585246037465912,-0.5725505113507809,-0.4397912745238557,-0.42723934622341986,0.08570288760976438,-0.5907684107884684,-0.16179028550291724,-0.5374721087076726,0.13941047038613832,-0.5628119378349302,-0.27774034066466835,-0.5017252773039045,0.03753385293922471,-0.4763509982095297,0.3103454234518497,-0.40648675265779205,0.2932129044907461,-0.8198074939741065,-0.7391657605015204,-0.19997482856654825,1.2773570031038883,-1.1570211046608807,excellent
-0.9951212799849359,0.21339228070978114,-0.9958767586972125,0.26081874516335,-0.9916761410714166,0.2521165135431164,-0.9883853334489018,0.24339318182329667,-1.0045282269476277,0.3013339893528565,-1.0074924675412427,0.3212571019529936,-1.0112027625546212,0.34214894179330413,-0.984610135012458,0.27839610279328714,-1.013495980179817,0.4055603811441835,-0.9850120272196636,0.1751221307125594,-0.9973052349162606,0.24190035112399152,-0.9425129536000894,0.35288490789188676,-1.0128172160983329,0.4256586634206327,-0.9975290915235596,-0.07443377147974724,-1.0036362469788351,-0.11426858953370445,-0.9996800003289936,-0.7710831254000203,-1.0077576294137796,-0.8747065132151065,-0.9895467834610729,-0.7736805966943499,-1.0094052206690378,-0.8797822669983623,-0.9986622573526855,-0.7856221674574528,-0.9956542367095493,-0.8746103516723586,-1.0046435164302578,-0.7875069649474908,-0.9910322727106488,-0.8721852010550174,0.6793271826911895,-0.16937284132940653,-0.6793271826911895,0.16937284132940653,0.8946303661857196,-0.7394496626698532,0.9027172584367994,-0.8059254641910429,0.9665366424743592,-0.5360881619726978,0.9758210432085399,-0.6254460309074806,0.9641016373115185,-0.3971265505563439,0.9768204806324841,-0.40900432805709025,0.9783032671338677,-0.6945596432965155,0.9837362898077213,-0.7780902799026838,1.0094997015452283,0.932741072871367,-0.7535933253436804,-1.0710980666618712,1.0429229840252785,excellent
-0.755007821720735,0.12518957249377866,-0.763514457866687,0.1871492771370758,-0.7674530549943388,0.18607530144356366,-0.7712640244211758,0.1855095684782386,-0.7542796209653403,0.22327804052267805,-0.7527205751597746,0.24265399424881226,-0.7520081179765211,0.2633977607840048,-0.7947229039651657,0.23611205157398607,-0.7658819616870363,0.32326968825471497,-0.764358827091446,0.11688098973174442,-0.7570857384333727,0.16122566446643885,-0.8086572049403615,0.3445284441417833,-0.8738900206238216,0.27404702914440254,-0.7765191736643403,-0.038162500828325764,-0.9075853131704288,-0.22705921841659688,-0.7413621689153828,-0.7516945896458295,-0.9202760706465478,-0.8215509722508935,-0.7211926553675697,-0.7542621033468776,-0.9379410305742902,-0.811037463142409,-0.7253825947240261,-0.7510438974741173,-0.916498886264644,-0.7997727484183779,-0.7385104364961493,-0.7449143596728034,-0.9090995549924838,-0.8001198635509209,0.7879409921539088,-0.1902887248702941,-0.7879409921539088,0.1902887248702941,0.8364118757046212,-0.5935158516444244,0.8249139685378546,-0.74066572100958,0.8776339811951169,-0.4305875672781404,0.8608948145155401,-0.6318601562338585,0.8725198621756447,-0.2541104700455469,0.8566689117941957,-0.4408669788363531,0.9035555334125819,-0.6095561224604578,0.8687040248188738,-0.7185805418965452,0.9385839900470414,0.6222260969705441,0.07479274192276211,-0.6661463156074071,1.069113637042425,poor
0.04205087488155692,0.020784321272927175,0.03670584910679523,0.06602141510204179,0.03386513562726815,0.0805298318208555,0.030885089623560336,0.09460270131752561,0.04373160508257931,0.03308787284088753,0.0455922707194766,0.023036320883466455,0.04617316920244307,0.01036298915304472,0.02630557479417633,0.13058109791216135,0.0470339186798631,0.007306201010645257,0.03468328494213745,0.037129938437403004,0.04011749266998574,-0.005401593676499843,-0.004834824741757323,0.20879724187676035,0.05452618379094925,-0.029446407557878324,0.024850665010667607,0.6346429353911867,0.14405549153482627,0.4619969360328786,0.0012752308972274972,0.31816555168060584,0.11727440684438468,0.25323242366657334,0.025288859623784462,0.30069728450198147,0.13011279468556133,0.2504483444824998,0.044777233501885665,0.309649635803469,0.112668975737419,0.23881233354642534,0.03416997295386964,0.31589037253054336,0.10084763211292551,0.24245292234495303,-0.19735646186454187,1.0117866352619749,0.19735646186454187,-1.0117866352619749,-0.0347694951574351,0.59419075449983,0.0008624386001020431,0.2293650763167399,0.02531100648177407,0.08547104712511004,0.01613412536396003,0.1885362796705113,0.04045722536825171,0.044043472137913514,0.01636436078504415,0.30859964298740067,-0.022212130751748046,-0.09311538326627763,-0.010628363086388195,0.12470018655535435,0.3396478471802359,0.41913970267988865,-0.4400983275571244,0.3827033569241588,0.30322827168954336,poor
4.67352233153991,-8.110857387608188,4.620251633712809,-8.019584336502641,4.648122743062007,-7.994390989738343,4.674781123216972,-7.95966326977163,4.508219199769841,-7.992793314825763,4.450701456161147,-7.9570623217610965,4.379105287104648,-7.917502163017931,4.694308248260844,-7.721285734255391,4.2357877404074,-7.652144876202631,4.7699395997256975,-7.97057592452876,4.618036433757392,-8.030620304503639,4.804499940630798,-7.580480855667368,4.282624534618858,-7.494958324427923,5.202472574562222,-4.236602798040565,4.37537488271682,-2.4436203286371354,4.85557993734166,3.3531366545181918,4.29593765912689,4.417358200852142,5.043031690915695,3.816381467015699,4.3678733377503365,4.562928878291803,5.025408957521779,3.9954750537375423,4.470872472119987,4.474933701618421,5.038259335970676,3.853728263413308,4.490295600959735,4.421975317622935,1.6780818688316739,2.5250720231843533,-1.6780818688316739,-2.5250720231843533,-4.601317529701182,5.442263153995594,-5.726082948894335,4.133811562749837,-3.767056698855549,2.606278020166011,-3.886585403711715,0.15588059108492627,-3.6633616969037464,2.1950090792055383,-3.6492832002899562,-1.093055368660398,-3.890484578473532,2.2987303924514153,-4.036605864792356,0.003258058743201874,0.3184111381903002,0.44213467857348343,2.045058351558931,0.4794416650490086,0.24411042001753747,poor
-0.9695283994946762,0.30936256425552444,-0.9701010489354291,0.3361475792899126,-0.9678185768817351,0.33099768301005816,-0.965596400507645,0.3293854272539588,-0.9805557732131019,0.38625313434967495,-0.9864009609079146,0.408758192289247,-0.9913194318489063,0.4320061710680014,-0.9636541573296448,0.38536412507790735,-0.9996607444437893,0.4999962141246951,-0.9627734686001057,0.2848483930451681,-0.9755021371563986,0.35311661559741764,-0.9337684487496697,0.452190748014882,-1.005133245356093,0.511960897158184,-0.8559858839604165,-0.08347331942805307,-1.0527639859554476,-0.07731142052493148,-0.8772216382177843,-0.7819991038351554,-1.0430094305829611,-0.8789158580503235,-0.8872698785337739,-0.7884141972532415,-1.0356604153458324,-0.8844859192834297,-0.9038303358847054,-0.7980972356486701,-1.0293828425805105,-0.8778830340882634,-0.9034232771627632,-0.7988834141019593,-1.0309047622559533,-0.8755906278249432,0.6813198964623672,-0.20266158612596452,-0.6813198964623672,0.20266158612596452,0.8771447045882712,-0.7366294749035931,0.8960576353326528,-0.8446786207247574,0.9490249980452807,-0.5318201921082909,0.9682371589301147,-0.6097894514670344,0.9454328230179377,-0.37002902343308736,0.967576884366605,-0.3806314551619873,0.9575050619828033,-0.7302324105379445,0.9757668132382092,-0.785713479830611,0.46874708730042464,0.5935846417752109,-0.881100589025915,-0.8938869504870554,1.5146800769255955,poor
-0.9755320606032657,0.219901306969523,-0.9770539537359085,0.2609687776799741,-0.9744292810240346,0.25598058729888956,-0.9721283904577829,0.24970276442801678,-0.9868943146092904,0.30665815369005706,-0.9907292403040675,0.3314499398832479,-0.9953453943308274,0.35723865545386424,-0.9665842727827316,0.30795616616156085,-1.002965961010002,0.43866446207758386,-0.9683428101600355,0.19817381862994657,-0.9797735387787296,0.27377195539339494,-0.9399597545150458,0.44066521716006807,-1.0105299734924618,0.5025654090491051,-0.9641092853744354,0.03771800157666511,-1.0330662285247574,-0.006567573784198921,-0.9406432039323686,-0.7158934410367723,-1.0479898059995258,-0.8327116859011584,-0.9355100455379046,-0.7243729365656058,-1.03766633539385,-0.8431359660293907,-0.9521008271402747,-0.7459700034851814,-1.029754419580233,-0.8364693685459416,-0.9574359866687121,-0.7452914411470958,-1.0300166229182257,-0.8329203770045189,0.8894780328444697,-0.23225565183225427,-0.8894780328444697,0.23225565183225427,0.8832319890069599,-0.6962595463984108,0.888324694935562,-0.7912570362750843,0.9537737428803325,-0.45703205580499656,0.9648941052246706,-0.563931404047104,0.9536260168490153,-0.29907060532634133,0.9658123154607805,-0.3441330635703648,0.9656679706732149,-0.6491368479715509,0.9716418436907246,-0.7329298446250634,1.024066809399059,0.8539533634336058,-0.8412883115430354,-1.0387077071801798,1.0518010972118497,good
0.012733799492955729,0.5852384671904071,0.01098139550271079,0.5730321592961352,0.007067804275539167,0.5851126578718153,0.003071032435368582,0.5978736763097018,0.022396814245345995,0.5397873658645302,0.02570438561190868,0.526490110478817,0.028825822257484337,0.5117949436420016,0.007224165466970604,0.6016324128713577,0.04186724890276804,0.48420359467345725,0.004986684654609951,0.6339056574319606,0.016837963130517174,0.5927746707680156,-0.036264505003403315,0.7459183183022432,0.06358931727062121,0.5022183550805847,0.06741506496546654,1.4198947395957535,0.15159556825132417,1.1437004890905602,0.0696556537776898,0.5914305532508004,0.13436099698488618,0.4119526948623268,0.08175392835777076,0.5522607287972158,0.1621818548152349,0.3856938426482542,0.0878266540851013,0.518921707843211,0.14662089671173745,0.40978034792492773,0.09162366553176172,0.5268231179600225,0.13323183693978188,0.41970672409336335,-0.7386698844440039,1.248573420640265,0.7386698844440039,-1.248573420640265,-0.04934496635527146,0.42536262841368383,0.016948556075553588,0.1482963067172794,-0.08236514596483065,0.32349959157768876,-0.024591982571558924,0.3372640753025449,-0.08425603747791269,0.3215332211321534,-0.02973033448372083,0.40249889810215184,-0.1199048849084146,0.23419034783184217,-0.07567307453285792,0.3216547435582841,0.3544681990323264,0.323868522517519,0.38799445130600174,0.18580254721864894,0.10590526161063604,poor
0.0666235382828042,0.5045390740109776,0.06504309561411321,0.49805477687724276,0.06129258088079544,0.5139562374844199,0.057439375019579436,0.5302943484317422,0.07591335941642084,0.45249836379606284,0.07901964041396159,0.4353151568974303,0.08177717841160649,0.4164990674933392,0.0625905498348787,0.5424556491278545,0.0941357308538423,0.3956934100309336,0.05858385196581438,0.5584676345744923,0.0689184822356085,0.5030505879643787,0.02030280303090141,0.6664870756288017,0.11489262058268845,0.427048601978609,0.13588460537669259,1.394454182887424,0.21059593868711257,1.1612789826548668,0.11813677343411456,0.6574796097510764,0.1757785791827726,0.478362243189939,0.11949384750394401,0.6185567041610689,0.19449716747129797,0.45837620103589927,0.11876079704430781,0.5843399831129718,0.1743135273080239,0.47971252621972654,0.11267349152550633,0.5918286724260315,0.15858983762669568,0.4878081347885603,-0.7402702340977347,1.271727006452988,0.7402702340977347,-1.271727006452988,-0.10545303065974505,0.5398853060857407,-0.03526453793490334,0.20517793043784088,-0.11319867614842694,0.3811540604562875,-0.06448284842119756,0.36725358528441615,-0.10505815090448913,0.38097391380615603,-0.05391151186061957,0.41045494884533684,-0.16533706900910206,0.27438519452957927,-0.12770431729669462,0.31276064015120364,0.3907677746573986,0.366860452894004,0.16929340457629244,0.2671137751190758,0.15734705473039168,poor
1.0591500979431583,-0.3884440219849956,1.065748911341162,-0.3775289233870321,1.064091026293936,-0.35147504196609675,1.0638738522500824,-0.32784624810407575,1.0690723301495901,-0.5292058601297548,1.0691655992303972,-0.5820450808611176,1.0699885805135512,-0.6349572412525114,1.0893917175912144,-0.32591949054551983,1.0813926993399083,-0.6916415258052115,1.0465660976763331,-0.3764789637095298,1.0363833987233348,-0.5552205505193839,1.0112987952146772,-0.5303202054207542,1.0328206009006073,-0.6738463936149741,1.0362127054462933,1.135248277164934,1.1483904036826755,1.0774995581165916,1.0937045260045466,1.9324045256943998,1.1056147227977604,1.566076303268965,1.0641519027513184,1.8302291260699555,1.1493668772596226,1.5449015035852776,1.0190731040556045,1.7913289336328082,1.1117592391577482,1.5623488692514775,1.021372291664558,1.847756134301645,1.069268924084342,1.5880434780998451,-1.2971220756735242,0.8708931380154613,1.2971220756735242,-0.8708931380154613,-1.2844225986914097,0.982337664901381,-1.0731612039996388,0.9625611139622592,-1.2388188508677247,1.6655032968567192,-1.1415025116986885,1.7680262800681033,-1.1796200013612275,1.4495094247228348,-1.1296422792919163,1.5510129099546384,-1.1134245845467745,2.0544615442904925,-1.0384275190653742,1.8270788109507963,0.21676605641735872,0.37392660958643875,-0.7297977486396727,0.17901770044356996,-0.18537999576006348,excellent
-0.32064040789025366,0.3865401541760243,-0.32221901405676245,0.4174772406392168,-0.3255169190054432,0.42047124392418583,-0.3287939323582247,0.41939453643058083,-0.313291136591271,0.4085505150180923,-0.31104517804189424,0.40221929363023995,-0.30916061022526015,0.39524228121286026,-0.3334596868099398,0.42019097896613256,-0.30275185216649125,0.3910027893432173,-0.3306833724899409,0.3886974446911036,-0.32481615358558774,0.3844353264990428,-0.3631131736184204,0.6191630871531161,-0.2730750253019977,0.36195152433355393,-0.1541673817596804,0.8358090180903812,-0.045432288018243616,0.7991019140784755,-0.09846282824616648,0.031867142377055346,-0.008755546378305881,-0.11153518702267902,-0.10069215017568516,0.01811299187605005,-0.014656752569606817,-0.13536355102749306,-0.1057970450023768,-0.01231956397417262,-0.04137559014160794,-0.12802572712526006,-0.11799885641373536,-0.018676759153824753,-0.046125875001173815,-0.1207582977274136,1.220162343326306,1.2781247788977195,-1.220162343326306,-1.2781247788977195,0.951088438902124,0.6842451629212648,0.5299530935681684,0.5157913767267062,0.6681293472479094,0.5239731283061775,0.701727768057396,0.06735607868863318,0.663382785793001,0.5257466960388725,0.7533453453808907,0.12166789748358496,0.5961841146420432,0.1566843501132726,0.6051541870583736,-0.25537528242431945,0.6079989035655071,0.5775319293890857,1.651942495008719,-0.8054259074662934,0.29587297019668746,poor
1.3677623305775617,-0.5793189895760923,1.3841926321421278,-0.5544538512620778,1.3880070632668922,-0.529785371819894,1.3920157520215863,-0.5055163691292605,1.3786794268915903,-0.6693891486736927,1.3779517793631813,-0.7267722504957564,1.374822234980491,-0.789837276988817,1.4233671183340688,-0.5080069023258408,1.3839378465500423,-0.898614516093,1.376475541795477,-0.527651844153926,1.3664129032223875,-0.686247887559575,1.4862267246789784,-0.8614660109508604,1.4421655503677882,-0.9950488877868368,1.1566474079403897,-1.6503442421813188,1.2935392883976324,-1.824113934389452,1.3516181744075557,0.14663599519336434,1.435103261305739,0.5019890916103176,1.2600833788166426,0.19456325622790868,1.3868899807689554,0.5363422026211874,1.2907952700076106,0.21662687683165152,1.40080888118323,0.5323238434544378,1.3379674654390776,0.20415434490622947,1.4157652956398128,0.5258892200834122,-0.5036720907264534,-1.2575850438599026,0.5036720907264534,1.2575850438599026,-1.355957501761808,-0.20511080979049867,-1.3740331648544797,0.4925525500378512,-1.4423284483020293,-0.6780836708671683,-1.5273534677045038,-0.2170438420402072,-1.4541722485077127,-1.0606525323608575,-1.5467101368293985,-0.8297435319148267,-1.536321092490387,-0.19788856278780248,-1.61356917941902,0.3810077375866876,-1.071163915810706,-0.6365417492654223,1.268287241288712,1.0641031319158218,-0.7411219538121671,good
0.22206588618545348,0.2719513298242402,0.21223930040456607,0.2173878147085236,0.2072824742490564,0.20598476520187753,0.20270423013688094,0.1939312055864245,0.22889695921680983,0.23267021807365051,0.23694511301076185,0.23463786698797265,0.2459886877881905,0.236486888435091,0.19344387757437623,0.16537066709667353,0.2533004623282109,0.19275043909012868,0.21260175288981376,0.26197643424489825,0.2367660484671193,0.27901482400972805,0.1230986727237761,0.28070725853013273,0.3239905705033851,0.22347798593978582,-0.19187649546015872,0.21284275126225408,0.13430845341152292,0.17764984240032977,-0.20229918571824707,0.16489364405538287,0.09848366464335036,0.17963705075271,-0.17577017085670385,0.12160321543605415,0.07498880199252012,0.17381846974336795,-0.13769614177308978,0.08532658261043172,0.08219182879019558,0.17711104572152633,-0.139170158209139,0.1117338781951268,0.08461443107534462,0.17152183904900062,-1.4942284263997725,0.3416433302796406,1.4942284263997725,-0.3416433302796406,-0.3809895277987396,0.06660222783294319,-0.20608661691219143,-0.024770490443224658,-0.3952988805339477,0.3880762265603721,-0.2909761455967405,0.4467638139161223,-0.34847872225689813,0.30233031843431407,-0.2574968316501626,0.3550991922935351,-0.34335535584066373,0.5801498302088655,-0.2539306077129071,0.42733112900359826,-0.38929711140347306,-0.2992301523181703,-0.8417706090286112,1.4957343789603905,-0.8111042619137284,excellent
-0.04641894369133157,-0.6844507822017989,-0.05945241029679711,-0.6456428418828087,-0.05813874119237007,-0.6435633895860325,-0.056972835231601474,-0.6393780099365101,-0.0700712369180555,-0.6253805833618672,-0.07896123434998323,-0.6079069868615822,-0.08932947947641522,-0.5882174629855624,-0.0643791919531366,-0.5747748826844046,-0.1115368508008583,-0.5024906386829437,-0.03224741642660135,-0.6640285315752754,-0.05079999817705241,-0.6580482371036181,-0.0022634049032424137,-0.29256931282174575,-0.05315254535811011,-0.49907917686791736,-0.2352599053822285,-0.8655841652881192,-0.13398885511120467,-0.9768676445846243,-0.24748544424821628,-0.7337254969956508,-0.05320164095984425,-0.5134569762969429,-0.23090522713761907,-0.6634664144488283,-0.0351905840506917,-0.5041534133777674,-0.17380870553585104,-0.642001002555318,-0.032523088688209134,-0.5335726424777919,-0.21168821182353026,-0.6658950068487212,-0.0369616164536666,-0.5369164693268771,0.07303746606139934,0.09826824640672505,-0.07303746606139934,-0.09826824640672505,-0.06087534181774295,-0.4564553466725771,-0.08236808790234015,-0.5793632814559752,0.10218436455792679,-0.8195851974827436,0.15181599321449324,-0.7865826244935438,0.07297250452061128,-0.9665298026784649,0.08927638642117885,-1.0040123658241686,0.0018898144997669553,-0.9675826670078833,0.03684843988230432,-0.8814914212354024,-0.37450143366696065,-0.05303071243896459,2.363057222371293,1.097928956067549,-0.4396689815144717,poor
0.6905524133146419,0.23275533931738568,0.694901302327471,0.14956715842279292,0.6906227070230315,0.12786689259502843,0.686214025660709,0.10455698287408537,0.713423276343389,0.15413462198151218,0.7242209177413151,0.1460041424965051,0.73607327769021,0.13903504156742189,0.676612268253395,-0.031023152463350866,0.7529236679048925,0.027895406443028573,0.6748813686916119,0.16095423255383626,0.6994251741954702,0.17876119840363147,0.5408815210550127,-0.3340281424591201,0.7029259072549253,-0.18594976826886375,0.4585542479032753,0.5432250473621121,0.6939703188639298,0.6015307790609478,0.5307197632003257,1.0703449369870834,0.6787380252602446,0.8688323761866595,0.5346177169307034,1.0058279573550482,0.6742450297083381,0.8274575429198716,0.53638260863412,0.9804967908085624,0.653267379014303,0.8512700177412678,0.5461503166658971,1.0229670619039366,0.6367859797111032,0.8724875189166269,-1.7482494601822471,-0.528732708670282,1.7482494601822471,0.528732708670282,-0.8546655390710622,0.28041044542568816,-0.6524692566929637,0.6728255839385322,-0.8647238476346535,1.1204862338360022,-0.7610802182716335,1.355676227377569,-0.7912867055309992,1.191538491639471,-0.852615431780132,1.3857386796424083,-0.7583492107140942,1.2395341709807728,-0.6514005982661637,1.1024309865967625,0.1187852724069327,0.13122514070212757,-0.8046919553825771,0.40742279467790415,-0.36904486049853763,excellent
-0.9794899221536894,0.2409961582919129,-0.9818071277200249,0.2865047248830709,-0.9798572851503224,0.2776138558643265,-0.9779651124289206,0.26960466242057013,-0.9906843020205522,0.33457765615031454,-0.9952448817070926,0.35717066060042796,-0.9998192158233453,0.3797158638089157,-0.9768898327369215,0.3049970110885768,-1.0116710650309813,0.43700563587453983,-0.972972411425843,0.20183322023726472,-0.9838772273811479,0.2778529245202484,-0.9454366399889612,0.35586641685261117,-1.0153100431592441,0.43578829213276316,-1.0009976692407523,-0.03993357969323074,-0.9998283812454283,-0.06531624397176097,-0.9931290186590949,-0.7648409517627032,-1.007244609625571,-0.8581507165790309,-0.9855922719094644,-0.7689695006115679,-1.0108570724299475,-0.8670116093812343,-0.9994290747978806,-0.7810508919523694,-0.9930354647580688,-0.867769991550106,-1.00510306419753,-0.7831902336783371,-0.9886428667491236,-0.8651388667094687,0.7360349981065712,-0.18284820630020132,-0.7360349981065712,0.18284820630020132,0.8921210221985368,-0.7283435409401076,0.8936304593274926,-0.805288618130707,0.9644579029442971,-0.527510889620328,0.9716385187003036,-0.6036648644694925,0.9618850895416493,-0.3726472564104736,0.9728546362832621,-0.3758310382379943,0.9751523597434546,-0.6986424180510852,0.9793626934606859,-0.7746115911974696,1.0411518830273156,0.9403527902042865,-0.8716198523060698,-1.2081797122122249,1.0713660826525686,excellent
-0.9848193867963289,0.13724242353937519,-0.9834484015584121,0.18075105430450103,-0.9793128842710952,0.17278475081892325,-0.9773888527444226,0.16786611899397144,-0.9947171111946654,0.23588359398247308,-0.9974001107876299,0.263444637602419,-1.0007067211504137,0.291875261781497,-0.9749563805287829,0.23614141071311603,-1.0077570778154479,0.37889764101497964,-0.9734433704405201,0.11220599820796738,-0.9876665495844736,0.18389375553283635,-0.936064099346635,0.35796554214120846,-1.007204647715336,0.4264403987220601,-0.9986600764205918,-0.0743282377551827,-0.9982905396159304,-0.10286137356355739,-0.9929999149629971,-0.7899130907276383,-1.0061256861622863,-0.8781659996654719,-0.9845575634077665,-0.793363756906462,-1.0096999045097204,-0.8837304148480506,-1.0003799540765723,-0.80437173614037,-0.9958774187916456,-0.882034829769957,-1.00595592714412,-0.8067249071418808,-0.9928405092197932,-0.8795257553119635,0.7147475111031187,-0.174906722914948,-0.7147475111031187,0.174906722914948,0.8911200517733094,-0.7485524557841615,0.8927552224745845,-0.8315104815685425,0.9613882780855811,-0.5618745294184537,0.9710444879364254,-0.6385422266578387,0.9592514246411257,-0.4112052431711337,0.9731850989673605,-0.42064616693607276,0.9730734591853862,-0.7138444751591534,0.9785292000048612,-0.7851697089510701,1.0743579089444166,0.9377794438922378,-0.8267267256815539,-0.9803732125568935,1.009553144612396,excellent
-1.0117797594946847,0.17445306539966685,-1.0157019729182166,0.2169515823800119,-1.0137411772369447,0.20702901818196184,-1.0102853093984068,0.20448697229605423,-1.0191085493299108,0.2678912912587166,-1.0205984757835436,0.2902892878558292,-1.0224313866632242,0.3118782890933653,-0.9998213894142013,0.23172255808273082,-1.0161140668950812,0.3747610969092349,-1.0039997969869217,0.13176640381176594,-1.0101416329454402,0.19472534700673558,-0.9449022110973812,0.35860544405007677,-1.0147627804471915,0.44312074347353586,-0.9705794975595575,-0.11049631513225493,-1.0275504785655711,-0.16287424086666194,-0.9931808560827443,-0.8213740937630206,-1.0115692321502785,-0.9145288453824776,-0.9885924554407876,-0.8246440006489676,-1.0129891539414249,-0.92111276065978,-0.999114456989921,-0.8374518773018232,-1.001484149888403,-0.9169483417407602,-1.0033857826216654,-0.8405904835765189,-0.9950919909117127,-0.9150358512348339,0.759051116125297,-0.21483839213274494,-0.759051116125297,0.21483839213274494,0.896853409078049,-0.8062761744417476,0.894427880710412,-0.8872437613969889,0.9653342564551826,-0.6043599483611282,0.9722067572085312,-0.6958488663020046,0.963378894380687,-0.4516021976176869,0.9747396624177042,-0.47864070881357207,0.9773406893494044,-0.7501139400039764,0.9810410295749483,-0.8272665422684059,0.8248319274219525,0.7472187686608155,-0.8107589934369299,-1.1415880993574126,0.742575605187545,excellent
0.9730409881455355,-0.08629279953715263,0.976941727518726,-0.1588028789228632,0.9753327803944805,-0.15099058676499244,0.973768561032569,-0.14150698236287193,0.9828933951054103,-0.20527894807347782,0.9852090394930725,-0.23301144958019712,0.9874946226198159,-0.26238321104557694,0.9781807434999156,-0.19472266570497715,0.9896078534979338,-0.3709302153760216,0.9682985039987119,-0.05711673354745871,0.9813664726422103,-0.12205567779923189,0.9186479728721122,-0.45627244770785225,0.9736689465751778,-0.5733832694264182,0.9450295816671803,0.7512694934496975,1.0843523372569241,0.5659538038247004,1.1414396033862253,1.2289491307166864,1.1369511857154355,1.226043765497747,1.0828473839723944,1.1489750168347013,1.1598842499487354,1.2282890224852387,1.0925888732008344,1.1801690215663183,1.1476709931254347,1.2160687233021363,1.095035184305139,1.214964510090006,1.1372735224533173,1.2277836104574547,-1.2927618325802017,0.8083163677275176,1.2927618325802017,-0.8083163677275176,-0.9249857207954367,1.2387273039853637,-0.8513488529260729,1.3224943197956232,-1.0531867864807145,1.115105178225488,-0.9595111774674315,1.2032094180882165,-1.062863275566733,1.082450397470253,-0.9845347134099092,1.1752581967706157,-1.0718361701051868,1.1027460954240693,-1.0036032602893703,1.1251734726272569,0.01216712115197989,0.22816335806570168,-0.45633554917575614,0.16094750551496767,0.08995460715217485,poor
0.3984936702436528,-0.3730924609013014,0.37818155260427605,-0.3866521224289004,0.3730298664483475,-0.38912859872420424,0.3675046974033105,-0.39257305518468677,0.3881601588995635,-0.36897217556058154,0.39118340317395645,-0.35566350434632776,0.394553335797852,-0.3403507466633116,0.3428037519626308,-0.38335220060010494,0.388462380959114,-0.31435787655771874,0.39568084476704896,-0.3668896011970338,0.40853816144497895,-0.34226495649085636,0.3385603768616077,-0.06747344875283343,0.3500651813096097,-0.2958603794727012,0.638999879860943,0.9421368245446434,0.590971279616441,0.7717663834612141,0.6000008381435779,0.8745977615541826,0.5752596089238274,0.7244638605234419,0.6461598148511838,0.84531037477839,0.5928525407546178,0.7438116029567058,0.6256080094684281,0.8472454792909775,0.5713053198081417,0.7138172680163211,0.6006437450732386,0.8660332531942334,0.5563745161220488,0.7180343585584873,-0.16338311381529586,1.8600447244924816,0.16338311381529586,-1.8600447244924816,-0.29343724703091495,0.8563921789699324,-0.26313062851421254,0.4574025952336708,-0.3756363030950474,0.7855293901418471,-0.34703253404274137,0.5092972854705193,-0.4035907685940344,0.7446122143354353,-0.369724608764001,0.4638338874285118,-0.41331849716233904,0.7535539612204262,-0.37373977006399445,0.676306359213639,0.5505688219890977,0.5457550544595651,-0.435883932663273,-0.3270345440852536,0.6162744877457349,good
-0.8361249287795692,0.23191367148286063,-0.8376766796325903,0.2653385383759134,-0.8390055463578403,0.2631055250710727,-0.8398174587942366,0.25775267784556183,-0.8453317788318618,0.30782544960035724,-0.8481538868514542,0.3274835336188435,-0.8519364017220604,0.3503890036958322,-0.857054474721203,0.34982390886643455,-0.8705036654603173,0.43161582651132446,-0.8439839230720027,0.2311338095762209,-0.8482498887340676,0.277995799855966,-0.8205304931762168,0.45441096155541205,-0.9013200442646627,0.45005364520794333,-0.7455869769151797,0.12048468105983873,-0.9227302590412072,0.05266901232137363,-0.7073515590947206,-0.6535785592914702,-0.9149684643313213,-0.7743616214385403,-0.7051951513439894,-0.6715519427761679,-0.9224253339225517,-0.7842131402321175,-0.7212037949168087,-0.6664006342949157,-0.9122414652662733,-0.774912836520561,-0.7293734906193045,-0.6629774537599066,-0.9057864520266059,-0.7714085925417851,0.8266766943983191,0.058691417060305895,-0.8266766943983191,-0.058691417060305895,0.9036274775639848,-0.4152229012988322,0.8226189523126582,-0.5009170149234915,0.9094356169829928,-0.4487210618463249,0.8824302513159509,-0.5082576564214175,0.9081405524900072,-0.33116554268492443,0.883258483792487,-0.2994501844592483,0.9098729443650244,-0.6538050142462494,0.8979117769073518,-0.723356699103702,1.0714332887487639,0.6045750675761407,-0.831966613340635,-0.9948022477097881,0.9552589990487761,good
0.17433286222915093,0.5622556327467955,0.17310693474337494,0.5173335621420743,0.1697916980742341,0.5152578881140669,0.16669737727479553,0.5141938593423121,0.1839518573940113,0.5147832630738748,0.18778332776491397,0.5098579547739293,0.19169198453014047,0.5038229292313262,0.17018309284876446,0.5035707383388822,0.20300833542697136,0.47228938940272985,0.16789705948488623,0.5935101725312129,0.18316703945838253,0.5885154103743216,0.18535912619560344,0.13589497198261405,0.2702452279950151,0.5115646739927647,-0.1776117224856132,-0.8122057121966537,0.09579741322293236,-0.5881881557476452,-0.09716686885389725,-0.7188121365192455,0.10452315050092863,-0.29083583625552495,-0.1081793185773235,-0.6490715466602793,0.12289651358509583,-0.2737140129570749,-0.05931813921871212,-0.5583164751787246,0.11148401190123736,-0.30690970414418517,-0.05784885510708816,-0.5597453804730219,0.10949732728887913,-0.3157568110216177,-0.5318911105710464,-1.53527103728879,0.5318911105710464,1.53527103728879,-0.24995017448123133,-0.6009184183228495,-0.18046992076007626,-0.264031000168551,-0.1960239488264661,-0.8017655521640167,-0.21219042114877185,-0.5384538320474137,-0.210617799437101,-0.8564940120172552,-0.23049563085855157,-0.6090152451620193,-0.18015766311169784,-0.5804407452995515,-0.2386642558376783,-0.28093885729623425,-1.3965605305049134,-1.4227800163616735,0.2096079611956089,1.995515521964464,-1.310888480189182,good
0.008612106889642696,0.013087178308020933,0.004400678556663683,0.03933542481188821,0.0016829911732353625,0.049420771581988564,-0.0010110368188265444,0.06017194033305461,0.011152588557692335,0.017266944282780014,0.012316785324200146,0.008947964810043419,0.012875460721197395,-4.9739179446537666e-05,-0.001972438516566631,0.07527042961068295,0.01697214251365202,-0.0024271389073988853,0.005037889176553171,0.02252129071415449,0.013793595821720288,0.002313628074999475,-0.04543954010026816,0.19508957585899506,0.05163275475142932,-0.030075217422658784,-0.10389964443705303,0.5033897205935337,0.12220082000793471,0.1349437317122218,-0.013601977210343489,0.04834450064480419,0.13378241084467254,0.012533775122552089,0.01138613128657876,0.04904518766822074,0.13644105592079264,-0.0029583222301612358,0.028618338545606845,0.02233810960335056,0.12665009829709753,0.004469217150515487,0.027900822646218446,0.03207092143940694,0.12694579512326032,0.01123241099257931,-0.7620978137341217,1.1694109642605772,0.7620978137341217,-1.1694109642605772,-0.08336714939128867,0.17483939198043993,0.012734548757639118,0.061785037249600286,-0.02862585141776206,0.01566123123567502,-0.02133679929207453,-0.04363067185610908,-0.0033776679740834745,0.04737185053026932,-0.026661594149437504,0.030501950881203048,-0.05101701451450548,-0.1402964337374603,-0.03378086747308497,-0.048368977297244924,0.044109893130120495,0.2639676388722629,0.006088729466386062,0.31004908518764035,0.10053446078799663,poor
-0.9639450879193706,0.09789717648147854,-0.96710688123242,0.15065348749583554,-0.9658274305827841,0.14737156641414925,-0.9641028238214574,0.14616642247357783,-0.972667889342858,0.19632165320920722,-0.9765948901034148,0.2244387099670361,-0.9808209586103017,0.25199391093062296,-0.9637880644295943,0.2150637773999375,-0.9912028050578838,0.3438219272126222,-0.9603382067155981,0.06626123017555233,-0.9682657280797009,0.14461675370994673,-0.9339276717226571,0.3574012087256118,-1.0051502945318374,0.4458767178527652,-0.9248067568363457,-0.21319161580924023,-1.0577360242705478,-0.25487265878469173,-0.9344842491817338,-0.8796703450682802,-1.040938413241973,-0.9712079751235263,-0.9313331746568914,-0.8824190487434265,-1.032776636988492,-0.9695362319849085,-0.9393831127043039,-0.8983314599950559,-1.0263255182382562,-0.970967280767369,-0.9406201392537917,-0.8968291361648127,-1.0252601777750163,-0.9685533070063662,0.9399150968548979,-0.1466246420803979,-0.9399150968548979,0.1466246420803979,0.8991040347842613,-0.88658954016256,0.8836741798466825,-0.9976348692626724,0.9758015827242614,-0.7135616442486477,0.9599292266338334,-0.7987425543330543,0.9727823739341518,-0.5439611101386481,0.962197944662371,-0.5808888971993348,0.9766530962490687,-0.8620429378631175,0.9652076701765708,-0.9152198453309842,0.7654244245373616,0.49804195468775236,-0.7317659260712371,-1.0135849445353393,0.5698806717197684,good
1.6879648734895458,-0.6952330317606108,1.7064705404372367,-0.8228548903270807,1.7059817451371795,-0.8354402377161014,1.7060587158488418,-0.8512335081697318,1.7161330318626578,-0.8575574583734336,1.7240778313859948,-0.8873143992989423,1.7333692285438436,-0.9164988644832998,1.689521059529169,-1.0900278299745902,1.7210857894561398,-1.1108977144905412,1.6650965587487578,-0.745439093118625,1.6745684779138204,-0.8183383011860443,1.5382964453738877,-1.2863433209945636,1.5688308702888656,-1.175196059423609,1.2540888269325874,0.4053375540679906,1.4717980110030089,1.0477674115074582,1.1768631133773007,2.217860656628185,1.2543624533693398,2.143954663527375,1.1631717468269183,2.2410754033775624,1.1878986905715931,2.146316313148929,1.1736601243741653,2.2197169681014213,1.225185702273869,2.1630261390386014,1.139723729505586,2.2007913814642306,1.2171901127196725,2.154994505168536,-1.9367173315081878,-0.44741951901758215,1.9367173315081878,0.44741951901758215,-1.9457921415092594,1.7167567078035775,-1.6704358022322114,2.020361474842801,-2.0478349285049977,2.5206296645434656,-1.9580530951951922,2.7183973520297666,-1.9906015135467834,2.133798677088233,-2.034820201147952,2.385721928972029,-1.781945422286941,3.063185537426224,-1.7543274137007925,2.671031420941012,0.0952944220200892,0.3284787937331671,-0.4522316132079914,0.9223443124122501,-0.31429535046494383,excellent
-1.0291224750789292,0.446101311478744,-1.0283219833136268,0.4914356733402997,-1.026779727464153,0.48832537920447555,-1.0241716602248572,0.4838286748070063,-1.0323282736774648,0.5188526529440808,-1.0345967472991766,0.5346774409850774,-1.037218119877325,0.5516757880749822,-1.0033502997927592,0.5011841796039074,-1.0375362166997426,0.6055706982881771,-1.0187204469535784,0.43533429021445574,-1.0294204209112046,0.48080258115339636,-0.9661577600269096,0.4953440293604292,-1.031493850270383,0.6053456603222096,-0.9164653258071425,-0.28100728401957475,-1.069178524376467,-0.24201745450286521,-0.9707695987379029,-0.9485081369747241,-1.0212430870359195,-1.0204226199318254,-0.9709988892727373,-0.9561234034104106,-1.0203098215409534,-1.0235545869207738,-0.9814137800070226,-0.9630041695408601,-1.0110279165829184,-1.0215168489835205,-0.9840439506391003,-0.9608711687693271,-1.0108890829431996,-1.020912111928176,0.8479011073454974,-0.11354446322675751,-0.8479011073454974,0.11354446322675751,0.9376576023816154,-0.9740363050120905,0.898277892516603,-1.0308376850241385,0.9913380524081093,-0.8436376987155365,0.9696932128758783,-0.8717880012968898,0.991710699242462,-0.680852606660843,0.9683203529845713,-0.6558268706464121,1.0008278630989478,-0.9292250734131744,0.982212352973061,-0.9603439456581272,-0.1699219545649348,0.16829744749149825,-0.3363661372635887,-0.758207062339182,-0.8548722374481136,excellent
1.0258197544902883,-0.6227531719565554,0.998989273074962,-0.7064231513893091,0.9938741849468358,-0.7139872519637998,0.9879238327898133,-0.7248068197967373,1.0092813919559067,-0.677526880402187,1.01325521611141,-0.6605527281285279,1.0172297859897832,-0.6439634368033639,0.956352341503149,-0.7406119048781641,1.0123563838946057,-0.6087767731716921,1.0258925269342543,-0.5713493483661501,1.0388901612474208,-0.5403836440032298,0.9399633950552396,-0.5583529968965193,1.0427113485539987,-0.3614516762004713,1.4467066216769884,1.4398635931188406,1.229559985319787,1.905017059313747,1.4343456076711825,1.9154332929818954,1.126575655487011,1.7181344770494558,1.4967377975357796,1.9480292668142152,1.0824257790803746,1.6591972997876832,1.4505139477560647,1.9484713544504728,1.0749814912370255,1.700181419293356,1.4240107092356165,1.9307037792251303,1.076387009172897,1.718863985130735,-1.3644887100505958,-2.0106763338137976,1.3644887100505958,2.0106763338137976,-0.7767739874065029,1.3067721389184677,-0.8194528551765871,1.5322963478885083,-0.8631129023407934,1.740271679543567,-0.9781236506406542,1.8538267742051409,-0.8793590579362938,1.7814341610411044,-1.0391375889148762,1.7869257518714563,-0.7915113298998183,1.4655096477029859,-0.8805878051340545,1.7876158786591552,0.5598222113550462,0.47137374604713955,-0.6718249999327288,0.04196162592377562,0.6778820287215586,good
2.1028806283653987,-2.457087862397004,2.088371173430207,-2.4276565215980868,2.0890100414837436,-2.409709636381729,2.0892546901225484,-2.3980553867140726,2.0766520889255475,-2.4539955175776815,2.071148573472716,-2.449349932090692,2.065583908102024,-2.449462118809689,2.0736333916437064,-2.2854042814359965,2.051933994946758,-2.3681216473676137,2.109878773840726,-2.4082706234526525,2.084426148889631,-2.48837019609835,2.058622605257121,-2.1502619231962226,1.9828858753926948,-2.1635567944581116,2.461324648416348,0.22232536758944763,2.128238230850255,0.6497770184359315,2.4431191881102885,2.5124641973822697,2.043771719880862,2.5158575159106,2.433983108667344,2.4814948045240817,2.04119268743058,2.4921776838905996,2.376236966070903,2.497608588752112,2.0396007534696756,2.474565152844171,2.346011997973389,2.5190772001544532,2.0435280236787836,2.478324502079204,-0.6110311113047617,-0.37265855143960197,0.6110311113047617,0.37265855143960197,-2.061189226968565,1.9357763875037004,-1.9781887082723042,2.198938693895138,-2.321147465269816,2.6847934044270256,-2.3269847015863174,3.306987949412995,-2.3692347191982295,2.6846441308051507,-2.424061286535965,3.243423455826534,-2.3191869817266646,2.8140722242141263,-2.303164797077167,3.3127617847363102,0.3447839846561971,0.4141131949837295,0.21361733729086824,0.37066560056841963,0.4957495869347507,good
0.5074492163009564,-0.22556616613369287,0.503419494655729,-0.2372060244705076,0.5006745170382578,-0.23123817103305414,0.4977215664955319,-0.224875669985066,0.5105182876125536,-0.2641952075127547,0.5123193700713055,-0.2776969114075417,0.5141982979161954,-0.2901454967812139,0.49786092652261,-0.2693979018489521,0.5191660540778239,-0.3399540522141393,0.49715414859979684,-0.20412399462028927,0.5099433664361807,-0.23171595417755747,0.4337793771701907,-0.16801996557573118,0.5244159271679427,-0.3344751117471223,0.668562534025984,1.1052420937238925,0.715851258567745,1.0127384495555178,0.6696693964685773,0.9606383165989847,0.6912928577786723,0.9356760058859722,0.7665561882090667,0.9579952305215073,0.718907088314823,0.8964945183137135,0.7607142829451463,0.9912282150297386,0.6992184097568288,0.908356475249561,0.7314858447219833,0.981836381805136,0.6931665617074902,0.9295787041375312,-0.9168170554281005,1.0940984027135836,0.9168170554281005,-1.0940984027135836,-0.5357536081760008,1.117573819868743,-0.4167701303183641,0.9510044929475824,-0.43657930434252895,0.5708909722225777,-0.46854328809319423,0.7658656968150269,-0.3995529338428968,0.4936334046456184,-0.4768595539475034,0.7323164853512174,-0.488242309443906,0.3742810046230647,-0.4914231230820762,0.7501192881164435,0.461624532957158,0.47978955726642786,-0.43843150418472193,-0.08741306599193492,0.4320321258423381,poor
-0.03858225604038151,0.32897657240166184,-0.04698222747325998,0.3164533645838346,-0.050865617827664675,0.3165272873770922,-0.05436474682367542,0.3170501299975047,-0.038070774245735406,0.31527752958643235,-0.03613921368758931,0.31254555233561876,-0.03450756807153981,0.3065708343802482,-0.06252900214819512,0.3255414245430757,-0.03346385020549196,0.2832507669566894,-0.042386207294690205,0.33176817633450684,-0.0308720049888585,0.3242578014054032,-0.12067612189227563,0.5554237479209575,-0.027263978942758744,0.31042990025086464,0.06174517966991628,0.9695470776848439,0.1532407600039848,0.96675972650899,0.06789108739511535,0.3048243064099255,0.13831889969903197,0.18741708894117134,0.0786301957075008,0.27199207122197133,0.1433513934984465,0.1483630230263076,0.0801357139881412,0.26076708424052375,0.1185288198957657,0.16705121211060428,0.07492639520594618,0.2597220035314487,0.11610794375076593,0.17946959020441305,-0.6517830638649256,1.056478574625432,0.6517830638649256,-1.056478574625432,0.11084299641048219,0.26480932872074253,0.17260707676624457,-0.09030059489445905,0.19167093598206628,0.44295108089084806,0.2233838935363796,0.3217089532409418,0.19566123229643642,0.5534487384298318,0.22807543551884263,0.425483257709952,0.18074796949244812,0.2830705157396599,0.18296126961787945,0.2741245883934405,0.4750827605283998,0.5101665739622627,0.25921663841464926,-0.449385726273998,0.23160448024816577,poor
-0.6978626161782843,0.1523736034959422,-0.703412426919129,0.1894078651817161,-0.707334720354029,0.1847900543804099,-0.7114011050443063,0.18167192403337093,-0.6967797696634956,0.22273711372554042,-0.6970627818846373,0.23915591679584056,-0.6980318341679325,0.25732867499643824,-0.739706099409273,0.2128771000587617,-0.7141194778068061,0.3068727451498152,-0.7124202423189504,0.14734721359971806,-0.7057184503798393,0.19102485267311797,-0.7321793620019242,0.3770518005139079,-0.8059687032724873,0.3004932986171939,-0.6716409015312298,0.10316095381056165,-0.821873158668588,0.01622889459603691,-0.6288659917994737,-0.6507068375978657,-0.8550939021625954,-0.6386742268198508,-0.6223561087825579,-0.6267319629617225,-0.8815754320318272,-0.6262101624776651,-0.6332802487712951,-0.6269369585332794,-0.8611782591642788,-0.609907202816058,-0.6438715819610067,-0.6321656516969247,-0.8524769349236191,-0.6131837713866718,1.260359411838213,-0.13926097301562046,-1.260359411838213,0.13926097301562046,0.9419465907298018,-0.4591326312283932,0.7746109970651102,-0.3685584764147657,1.013452506656289,-0.07177324561308283,0.7910185141756267,-0.43271902132600404,1.0047763371775207,0.14958472280250126,0.7901391764508766,-0.2551381033713349,1.0686336152794598,-0.30484158945807877,0.7930221870325247,-0.5604353930257978,0.8210933715292562,0.6973477413177828,-0.17795922867249117,-0.7262312635044377,0.09476710842616189,excellent
-1.0184193650915914,0.38605845342533335,-1.0220237951414148,0.42953585646545783,-1.0196320239762262,0.42394422376195706,-1.0170498872839961,0.4184814759927906,-1.0273962909754466,0.4620726485987534,-1.0289779571215802,0.47945342685560544,-1.0307687175604645,0.49931279042575505,-1.0067782410464639,0.45364462998613364,-1.026783141037069,0.5618510408184901,-1.00899234674608,0.36507086437349845,-1.0182769923218966,0.4235590196496211,-0.9546905150101638,0.4811054310163189,-1.0229493115902009,0.5700910517919134,-0.9474254270987078,-0.2116870595295273,-1.0505468184867481,-0.2084200334452087,-0.9984189488421256,-0.9291855472788285,-1.01187046717568,-1.0079980290062134,-0.996723047851114,-0.9345818158610736,-1.0098891794606628,-1.0056058749548753,-1.0040611645276558,-0.9454277464414377,-0.9978038047702201,-1.009473418087466,-1.007121127819645,-0.946503318051303,-0.9958696406591105,-1.0092013385782723,0.8445010418551235,-0.16972355342390408,-0.8445010418551235,0.16972355342390408,0.9127714202305759,-0.9368471556297081,0.8889400194344406,-1.037664575710508,0.9770237468870554,-0.7913540520786082,0.9654578846366307,-0.8391110711493747,0.9742456530348513,-0.6182147618450319,0.9616591342256411,-0.60753439652367,0.98257254246162,-0.8957892860351045,0.9704431117898892,-0.9403243818800558,0.32570141394804497,0.399640620488392,-0.6752944333494262,-1.1223912293247713,-0.4144896768501758,excellent
-0.28018976498139236,0.6604414228774228,-0.28307067475221803,0.6739817899507197,-0.28714347646252547,0.6868643171174217,-0.2913227067121788,0.7010867792622683,-0.2726213874938717,0.654396450329803,-0.270273024176032,0.6513516770595053,-0.2679597114431048,0.647038728035942,-0.2912119279748084,0.7377788024047984,-0.25933097782613673,0.652334454125841,-0.29019511271936915,0.7050775573898904,-0.27701055068659275,0.6727135683078386,-0.3503084860073004,0.9259094451879394,-0.22669160768114668,0.666814391438846,-0.334486998364174,1.046824149119818,-0.15715733790048728,0.8414015529252191,-0.333500217007101,0.047775193672631854,-0.17268518210436562,-0.03517109224387938,-0.3202190375411423,0.014518887194883989,-0.16712121719175618,-0.05951795999129585,-0.300102255258765,-0.005772681371493757,-0.17948357643974,-0.05381487594142657,-0.30231331482194573,0.0010426879833074685,-0.18221391433400666,-0.046728961562136594,-0.8124957714194062,1.2237968131581831,0.8124957714194062,-1.2237968131581831,0.17144684730867835,0.04043474770006375,0.26555677809071604,-0.32398153241458827,0.2950776110840084,0.16013922890040022,0.28201819089260677,-0.18754374626241221,0.30631408412768535,0.2664626212037273,0.28909747277175574,-0.09341165534529638,0.2620755855825051,-0.02618164613594042,0.22140094123181847,-0.1908948579595497,0.2269092871546063,0.2821625461402878,1.0097193889512537,0.299928381244138,-0.13624535274195052,poor
0.10052890542726375,0.5882864385960489,0.10529490766692344,0.5551690971409847,0.10067687966226693,0.5476185557957268,0.09608302266131291,0.538452679417893,0.12228348998929381,0.5577894815467307,0.13048303704239753,0.5550340963027053,0.1395983615997769,0.5522069888078557,0.09928903773871274,0.47242159012774665,0.16667148958803632,0.49368466943779876,0.08589393680037312,0.5686691475177464,0.10951448437129192,0.5722364539418061,0.017394437667652505,0.08042114772923727,0.20777425507166686,0.35953472585715746,-0.25985833788010165,-0.0987092471882749,0.10656535254466658,0.005808774549348828,-0.23772028327807987,-0.017903673868075183,0.09137453788926099,0.00045173761211890717,-0.20159270592134834,-0.05433571709545581,0.07895290942103637,-0.03057113707238531,-0.15551351034850389,-0.09680816829788076,0.06441943864256877,-0.024422557438639355,-0.14615181508289127,-0.07128325901562514,0.05862243015157446,-0.01302344716239888,-1.2594188334943552,-0.9248392289996371,1.2594188334943552,0.9248392289996371,-0.2795446256776644,-0.4214090296893292,-0.12341261116402959,-0.018385535772295975,-0.25774506257325086,-0.000681581206485217,-0.1925780525682245,0.2475035723495133,-0.22877640255824816,0.06503865747200757,-0.1632482845299606,0.28188283459462626,-0.16129806720091305,0.25009060692737994,-0.07214231755136133,0.18535215393031423,-0.3144905897687025,-0.44813789771976037,-0.6307498553968712,1.1544409336036967,-0.8228963292337261,excellent
1.1857929014403916,-0.5386391778794384,1.1916904524167125,-0.622704374379941,1.1869772983219755,-0.6395046358333903,1.1815669544524476,-0.6586679525987077,1.2090282208392702,-0.6244008867058302,1.218617604660064,-0.6329043566017746,1.228621480758844,-0.6393684510618399,1.159503155729929,-0.8231913108246831,1.236879815231379,-0.7537897906392942,1.1606385080083825,-0.6219643372468308,1.1843677686170693,-0.6181467389833584,1.0086183099547446,-0.8531562221136313,1.1037459507631033,-0.8145655183445571,1.242529834714408,1.211532882703166,1.4148186083208183,1.5063489382712967,1.123204012291763,2.275155905786286,1.167820704000395,1.8296710339510036,1.1004559263700495,2.208695774371409,1.1581386255880115,1.788696580389086,1.0747639033664844,2.1872795534665066,1.1136094913431767,1.8480500412162917,1.0675369601113678,2.2221563262026653,1.0816772104999781,1.8674678831422291,-1.7554946261462376,-0.15975438767304467,1.7554946261462376,0.15975438767304467,-1.2730261896021433,1.2704137051679345,-1.0819441379703911,1.291922044875147,-1.3924305524760405,2.351942628683595,-1.2658251232183921,2.523957229822391,-1.3194425402797494,2.4784764097189163,-1.1996372221609228,2.4748860822534047,-1.1882136103283734,2.3384540642900795,-1.095602209205645,2.0960727519737343,0.5153738376542756,0.6523437341508629,-0.8032959131279889,0.12570055196791222,0.02442968177304934,excellent
-1.0036418927479913,0.6176866783127922,-0.998306538867331,0.6396209417371049,-0.9922636730706669,0.6339667704998273,-0.9872598308507348,0.6262674744259661,-1.0122101053938568,0.6639198574207467,-1.0151255721242038,0.6755503939492199,-1.0195580007345388,0.6881474920528027,-0.979795101043398,0.6395516908063256,-1.0256103065165243,0.7276758757496857,-0.9927728809920963,0.5833073227541128,-1.0000112991216814,0.63199120882823,-0.9536731552718131,0.6170659819407088,-1.02247531748695,0.6776959967056174,-0.8672210866803823,-0.3739024833000744,-1.062577555455965,-0.461021844269222,-0.9377118316050939,-1.0456512338734412,-1.004762559998241,-1.089949973211622,-0.9446333519728274,-1.035844834314342,-1.0023010379138901,-1.079974842964444,-0.9471858810282263,-1.026725215243118,-1.0041938996129793,-1.0766187504765399,-0.9498247219436192,-1.0258581759292809,-1.0001709800883987,-1.079575896506849,0.8908461840956842,-0.1693601139157143,-0.8908461840956842,0.1693601139157143,0.9385581718894609,-0.9954745535502708,0.9150516593634059,-1.00478249469523,0.9857971197913616,-0.8674825082094929,0.9878125559757248,-0.9267977538121053,0.9926698650064265,-0.679518582157914,0.988776037798888,-0.6548908294871799,1.0016429555727475,-0.9573370915015733,1.0095392138416566,-0.9446699501160681,-2.2849537970371827,-2.8949094953566425,0.07112970479219041,-0.5608537228807432,-1.70941276742843,excellent
-0.9558539248653166,0.3325748033802623,-0.9544537844932872,0.386986913696981,-0.9514140039640898,0.3819712173595162,-0.9493568453068788,0.37829803974345094,-0.9653313530213453,0.42577256380691914,-0.9681871278798073,0.44625880020290537,-0.9721207643045277,0.46897968989486305,-0.9468103918972399,0.41241345538306245,-0.9814896339312812,0.493710469011286,-0.9466617267494795,0.2940184548400147,-0.9575597075191822,0.3624014809007261,-0.9114236528591476,0.4711451859240712,-0.9846786814570814,0.5064621437427052,-0.8922513466735946,-0.07625422803398861,-1.0191988029197974,-0.11530300892196521,-0.890057440719316,-0.7995444187549645,-1.0145920635416008,-0.8939706311781406,-0.8911787099952544,-0.7915015559638883,-1.0083749607850074,-0.8910577657786865,-0.903027915074751,-0.8003191503759147,-0.9992820065684644,-0.8861316512869918,-0.9039083627187302,-0.8025096958580522,-1.0013223128279827,-0.8854509169196657,0.7092195196519351,-0.11582964212284003,-0.7092195196519351,0.11582964212284003,0.8752277916007231,-0.7272577491514601,0.8943829363830257,-0.8406397380712644,0.945721955942757,-0.5077761579037018,0.9683999569590833,-0.6050059434699072,0.9448583502262121,-0.3472209074250783,0.9678808086596463,-0.3840515744659875,0.9569197798460575,-0.7075044673495946,0.9731454832731788,-0.7575532179218926,0.8252659686319046,0.6142896529985472,-0.74506100343603,-1.1021281248057768,1.3414787471920657,good
-0.9816746982271074,0.1621074880183291,-0.9811108271676089,0.20593629310610329,-0.9789979342454166,0.20018719734157148,-0.9771434214104827,0.19600036911728888,-0.9919144177393809,0.2530124272109726,-0.9951568350707868,0.27861667088069847,-0.9980416533788555,0.3059314647305882,-0.973845507735886,0.2689752752778263,-1.0044321475578335,0.39978797991043097,-0.973512886164211,0.16109250350034862,-0.9870658002890423,0.2280821973120936,-0.9406438410266467,0.4078623838271455,-1.0109893476690273,0.4937533193951116,-0.9500765663476632,-0.1735709451414835,-1.038917485215269,-0.20936553114210985,-0.9949603871347885,-0.8979755612728789,-1.007283033354346,-0.9932239875466722,-0.9896987479161657,-0.9067090351949556,-1.0076989536475074,-0.991887201846566,-0.9968675488972009,-0.9212260786552432,-0.9946485978113361,-0.9958296705957626,-1.0006970351406916,-0.9212342434229001,-0.9942257375630825,-0.9954416501750405,0.9221797881081963,-0.23385093401539536,-0.9221797881081963,0.23385093401539536,1.020441009629801,-0.9403744174181279,0.8815520310551614,-1.0357318262755248,1.0853265652955078,-0.8440946531615529,0.9509615780357896,-0.8367810748641439,1.0791793035732755,-0.6604678625353324,0.953347886198513,-0.6038575213426108,1.1169835109275217,-0.9720173388351574,0.9601105265060035,-0.9285979492814428,0.6187248260944204,0.5077452841695748,1.0547862508179016,-1.0634759623559022,0.07813420405096377,excellent
-0.9786298239726706,0.2861975558868051,-0.9772696010534118,0.328145911029706,-0.9746687530366328,0.3217524780095749,-0.9720321348582626,0.307414747675388,-0.9874490540631999,0.3706604079284926,-0.991240041050982,0.3903448928504519,-0.9954686871378275,0.40906733416011354,-0.968707280085389,0.3524337817506481,-1.0042141001861602,0.46220784848691104,-0.9709515087553043,0.24197774504148095,-0.9836164409501499,0.32064128486690574,-0.9391013632848144,0.4483335700739826,-1.0098103064681636,0.511413168176182,-0.9544131351952332,0.04421323401501829,-1.0348608260381562,0.022527740552302496,-0.9402909549197929,-0.7208360842353235,-1.043038632362388,-0.8336646506793747,-0.9361083117640336,-0.730527683557814,-1.03698724966539,-0.8444191769044327,-0.9520322682802779,-0.7499184292963383,-1.0280742589392027,-0.8386050881213438,-0.9561136554207481,-0.7501075308262447,-1.02718860244998,-0.8353176761410198,0.8811939947841516,-0.233531431248767,-0.8811939947841516,0.233531431248767,0.8843947354640234,-0.7022511494809712,0.8905337022796993,-0.7978291996983622,0.9548741652363326,-0.4837918417027492,0.9650564897197328,-0.5777269374484955,0.9507377012094357,-0.3350267154698348,0.9653939197210494,-0.35448517740752383,0.9651331395275848,-0.6635790637296322,0.971617774202089,-0.7378821052813108,0.9632161555234141,0.816720193342095,-0.865224618643437,-1.0775419663628256,1.0474993371893995,good
1.3233806470186347,-1.0454857624852494,1.3129828431399893,-1.153129728752404,1.3133214572331835,-1.1643154679189849,1.313626736309323,-1.1778011395706085,1.3057807453653423,-1.1667170565920566,1.3019955213488885,-1.1815427044632334,1.2970639746378771,-1.1996334709338532,1.294971924722103,-1.233562761705851,1.2782826650638133,-1.3013680040017996,1.333736241459068,-1.0290749018947059,1.325144902661809,-1.1120870762954267,1.2856355352398934,-1.1191956077305985,1.2478728654886484,-1.2645470803694603,1.219526621257021,0.2066457764495512,1.1560395076340741,0.06123834304614473,1.3056500576154784,1.286861514980711,1.1942484660836898,1.3971183183989855,1.3728605391387867,1.2668801339794333,1.2388755709488402,1.3840755512056784,1.3644988931742783,1.2564005310746087,1.235210365583568,1.356477428204694,1.337521449349113,1.2484106718505035,1.2459066482829766,1.3580159661727276,0.09958837526041148,1.7581207929642515,-0.09958837526041148,-1.7581207929642515,-1.3068159822316292,1.180213632970934,-1.2602244651186352,0.9683916084572152,-1.3908783149163535,1.009762865870369,-1.4489595567916784,1.1275203241370892,-1.3840682876780999,0.9377714570050213,-1.5009102602025832,0.9702966688499297,-1.4415180815475184,1.2104280111561083,-1.5110561553720119,1.640960115714691,0.04701149835572642,0.16475274970466489,0.5626289863184042,0.819035799193077,0.20835813401585115,good
-1.0065507145391543,0.23329653647526186,-1.008918374455832,0.2641580368133237,-1.0045152675256674,0.2557172835676743,-0.9998994506394671,0.2495513007054029,-1.0157231624080663,0.31115324161433117,-1.0193560746610897,0.33634122018052265,-1.022741934403092,0.3634117799004687,-0.9943096230166042,0.30043519599346313,-1.02036114726795,0.4420409586459859,-0.992819466015225,0.2235409755030775,-1.0076687028527789,0.2809110889373473,-0.9492117751798816,0.40950344629233604,-1.0183333025044656,0.4977707947911488,-0.9589665049298494,-0.048404622080051654,-1.0418646046283704,-0.05584787292985179,-0.9885902177303494,-0.8113416938683511,-1.0160300816138268,-0.8982901791817157,-0.9878213051307536,-0.819011156372262,-1.0154158912519158,-0.90868312456772,-0.9971618784773869,-0.8283657081782773,-1.0076821347891585,-0.902521171848934,-1.0016909881857186,-0.8310681589943105,-1.0043820460388768,-0.9002373359340251,0.8043446808306733,-0.1884189587129317,-0.8043446808306733,0.1884189587129317,0.8957391797899056,-0.7774736778081807,0.8875965038566574,-0.8601102253995417,0.9649186739520336,-0.5563467500967098,0.9666446159618508,-0.6504034713265823,0.9685166767656815,-0.3797748984174186,0.9660820051498767,-0.4017473321637316,0.9801699387819961,-0.7494146249338588,0.9688517547543548,-0.8193974694634136,0.7175524467281494,0.6505595120868982,-0.9312506016516819,-1.2269856554291938,0.5506477975706348,excellent
-0.12274217494955089,0.10756450424846513,-0.1285433682215079,0.14908596169225352,-0.1313180738515642,0.1606238772191655,-0.13417587037673823,0.1729848312320697,-0.12225357219082547,0.12670385416158653,-0.12097303700054753,0.1221111002681421,-0.12018922167994762,0.11741433276284949,-0.138657444145286,0.2204122658721437,-0.11721398610282127,0.1358427182056392,-0.12965813267141058,0.1157589756969245,-0.12549944943970587,0.09244660578698197,-0.17351617582540635,0.3445947450095223,-0.09911201766903262,0.09944020324050103,-0.13625946190939392,0.58949880131668,-0.013647374624311797,0.4007546589488618,-0.16472962137720673,0.14115820919793057,-0.0426714625105114,0.03447738587065556,-0.13934958419671928,0.1094972729583294,-0.034434489087858455,0.027550504768230955,-0.12255196866515992,0.10351952024114511,-0.052761990653579456,0.020078249882550605,-0.1326196999406773,0.11686164979348622,-0.06218288396652347,0.023778082531768475,-0.20004314082249341,1.1937047586930407,0.20004314082249341,-1.1937047586930407,0.12071209158398508,0.3663970594821579,0.15324513880757407,-0.04611919076809547,0.197755224698625,-0.0995442408181896,0.23273049807494928,-0.27497232075977507,0.2199184041411237,-0.1070971125019002,0.2519127367667529,-0.22254019144100246,0.14741990471062186,-0.2660241735278856,0.19020063383823851,-0.292217134341246,0.40195345984305725,0.435146220675555,-0.2620701576316384,0.3349963375772781,0.327361293817296,poor
-0.9706172667361972,0.3444882124005899,-0.9698027824838056,0.39095399814916243,-0.9674378927079877,0.3861324560873022,-0.9652762524982343,0.38240139330138556,-0.9796575727184166,0.4273134451250648,-0.9851385486336214,0.4520089694597512,-0.9894401025255277,0.47236030327971107,-0.9635814587739475,0.4153110374860298,-0.9993777159126855,0.5209870581185791,-0.9640302796492565,0.31184495175700727,-0.9739898160938919,0.3698764307999349,-0.9303419645478086,0.4542000300823024,-1.002274353370837,0.5235741384066258,-0.8828272854697976,-0.03405807727493002,-1.0429649906696794,-0.028485504318377423,-0.8805250645337479,-0.7618311208552586,-1.042675734609492,-0.859010652051146,-0.8880185474179946,-0.7679178373469715,-1.0354388322163195,-0.8666130881409736,-0.9059778489016366,-0.7743606392961145,-1.0300661943740081,-0.8575554727302273,-0.9050353944203474,-0.7741748788534407,-1.0315420326128435,-0.8550251952981347,0.6420339582562076,-0.2197436303230244,-0.6420339582562076,0.2197436303230244,0.8760917609595188,-0.7316552272603702,0.8968177074493193,-0.8328441536908026,0.9505405000114723,-0.4962282287658121,0.9684845686160485,-0.5828112547070992,0.9452546759223108,-0.33483876794503514,0.9682019892572481,-0.3553893865501699,0.9573226545042808,-0.7057209339711936,0.9767386575718211,-0.7677220491355975,0.7085616049433545,0.6749147123442728,-0.9381333130448853,-1.0356969120517456,1.6254814722444226,poor
0.2370175118003714,0.24632973465039176,0.22921499252350605,0.17074501617027188,0.22434496461889333,0.15858684114758845,0.21959784061763932,0.14446736149048447,0.24341557585901866,0.17835303701383887,0.2499336343019653,0.17660595443769633,0.25718550489773057,0.1747109807240642,0.20886172554417987,0.10738480213901652,0.260116040128094,0.11759253532744575,0.22818083436307882,0.2336916091261773,0.24742652075179553,0.23385040752286188,0.13337416378459271,0.2496801946324682,0.2930524617325914,0.1055388937144131,-0.16247323015230247,0.31764375653633387,0.13074249746092992,0.15150940372803118,-0.18404232921746233,0.2611912339798059,0.09655515730239547,0.20217186797225498,-0.16442614335211034,0.23659095688417392,0.0998031304936168,0.20847104985954806,-0.12473352480215233,0.19057269372598,0.10443847423286541,0.20350807787944433,-0.1360888252062335,0.20831596227460772,0.10179645902905639,0.1988833316553649,-1.3264756428028417,0.6750241335696027,1.3264756428028417,-0.6750241335696027,-0.37890599730924057,0.12808229996213463,-0.20599755424557636,-0.005070981870672161,-0.37342571358001075,0.4561022046051409,-0.32332161725546205,0.48631437345187056,-0.3516135556900882,0.37120320199577084,-0.29385699327410203,0.4291093505718197,-0.3111393584790051,0.5989090564808949,-0.24671572702099076,0.4583115277934518,-0.25704512469947827,-0.16267428230204667,-0.9213946867816708,1.3611858151948397,-0.7060097875498775,excellent
1.0162562187940016,-0.8995488303504647,1.0227524829162724,-0.9479576425758591,1.022311504428249,-0.9470873300015499,1.0216737243867855,-0.9488244294072814,1.0213948526846706,-0.9855482905074149,1.019535616023042,-1.007132187072586,1.0163909158344655,-1.0359587154803098,1.0204566227957113,-1.024574691169231,1.0082442894002603,-1.1192449134567712,1.01411754236242,-0.9205178966785575,1.0179216367215673,-1.0017227249019898,1.021757936414141,-1.0832554588040608,1.0209074696849532,-1.228442024230975,1.1133056899993505,-0.008196514235289687,1.0539995633530046,-0.37325679928320776,1.2463611923940963,1.0374338887301746,1.0408812258893347,0.9403594865351228,1.2939113998965848,1.0967935916210303,1.0208395074698926,0.9361514494606717,1.2653289274700052,1.0916713429314524,1.024984269301837,0.967853266423622,1.2366885644915289,1.0719213867317259,1.0359942223685965,0.9700897562327275,-1.1166160977204218,-0.29188906313727575,1.1166160977204218,0.29188906313727575,-0.9862236027377751,0.45652842318546,-0.9388238213842742,0.7397946239209272,-1.1122298556173542,0.33976899342516925,-1.0461163774593512,-0.03544345317553599,-1.134965541186117,0.19119275112487127,-1.0838777976999918,-0.40424470101481946,-1.0659328913097856,0.37831706054684106,-1.026549002226579,0.3110007225986883,0.12861777198016622,0.24666900606884146,1.335608854602145,0.41571090809798694,0.21348795620001684,poor
-0.050852477344365425,0.031104428498358885,-0.05009298266578949,0.08066248813510035,-0.05212821725230169,0.09948249692202438,-0.054102942936226125,0.11821745699807898,-0.0463839643273522,0.029868162525072045,-0.04636725758131031,0.012918821103070485,-0.04663559370536394,-0.00285116468137336,-0.05568009817181641,0.1792146727905117,-0.043665634884104625,0.023868629190504236,-0.05498055823099492,0.05404673991035111,-0.050394552872428,-0.00902223197520273,-0.07687433859153807,0.18379513603516692,-0.007163959934234263,-0.05331617845147927,-0.23921297188188387,-0.24435094002973984,-0.030375181956056607,-0.33716629818336935,-0.15796797484586117,-0.4241977584334708,0.02719903133978164,-0.2456457450125031,-0.12823979424099857,-0.42891598474169085,0.034110824551629726,-0.26713166150057005,-0.09016315175804887,-0.43552767360036043,0.023870260351603785,-0.280375826673459,-0.09451017322734608,-0.445443806776678,0.024690739336047086,-0.27845658928191214,-0.7367967728532003,0.6335872365389055,0.7367967728532003,-0.6335872365389055,-0.07289911206181564,-0.24524909671747608,0.030117961066756127,-0.1983402630587997,-0.05700135841188875,-0.07649073969407488,0.013184027254357137,-0.0032277866663009617,-0.06536750268572139,-0.009647010718627183,-0.004533580158495618,0.08281073197935235,-0.06630236033923778,-0.06345816793712591,-0.014880435128908267,0.062021523450230806,-0.5448548545718683,-0.0535506747902388,0.2473360452816005,0.7803328821219406,-0.3210260197895055,poor
-0.9843292866323733,0.2035654875764568,-0.9859819756107882,0.2505722172681446,-0.983111096427002,0.23749723657924582,-0.9807844470022711,0.23043523759126255,-0.9987945984507682,0.29998713283706846,-1.0032406938002894,0.31897890825589587,-1.0074355611178454,0.3417295725873787,-0.9816944333136784,0.28539809172243547,-1.0134439337564547,0.41085175799242174,-0.9737792840180012,0.1664335906631768,-0.9901163087095758,0.23719007473335857,-0.9435338257444803,0.37195143605721603,-1.0137019139619199,0.44418785172123015,-0.9969662066447471,-0.025710065206309425,-0.9992115207994036,-0.035848467650269625,-0.9874760090193524,-0.7409901500312513,-1.0089721389147452,-0.848173308446805,-0.9833923253755665,-0.7488903876050885,-1.0125111459167135,-0.8559823321835692,-0.9965827283709406,-0.7602310912268772,-1.0025168713248642,-0.8500540785747422,-1.0022733088781113,-0.7623608693868195,-0.9964561242479227,-0.8486133700415955,0.719577870627851,-0.15453401499100206,-0.719577870627851,0.15453401499100206,0.891510035060677,-0.7092156554241158,0.8961620492605672,-0.7869609478139766,0.964629691497876,-0.5119455010845404,0.9735829839371124,-0.5879422221005653,0.9632747057159524,-0.351429263117753,0.972729761909252,-0.35675501749793853,0.9759576310206032,-0.682251121457696,0.9812654224024496,-0.7583135535170562,1.0474372688781937,0.9362395516967746,-0.8358541580003431,-1.1891413050810802,1.0932058237737015,excellent
0.5286634069673015,-1.001408603295686,0.511505348551049,-1.0015700065424684,0.5066765676631543,-1.0062317076153968,0.5012804361463815,-1.0123996508049908,0.5206543601806095,-0.972334460421938,0.5235763028815406,-0.9529377606508312,0.526686464974893,-0.9318705717128763,0.47323005495823994,-1.0110617129969228,0.5198939437161193,-0.8891375899773193,0.5250496671200513,-1.0300187959605593,0.535508589831836,-0.9819547759634067,0.42341742573576346,-0.9202502966681989,0.5393194544118081,-1.028098872475025,0.6001383126722064,-0.09139122401552023,0.716254722873338,-0.1743677464165604,0.7367889766473112,0.5509534781086343,0.7061927884606014,0.4508434145894383,0.7044282229345974,0.5191359301166231,0.6835637757575582,0.45156276412809526,0.6941678181868727,0.5357006948105271,0.6732690656551525,0.45661792855475436,0.6937169398677564,0.544944477704702,0.6746525438003124,0.46005843561924026,-1.1585453729469175,0.5187557630868254,1.1585453729469175,-0.5187557630868254,-0.6150170547012644,0.42433474384363923,-0.5259054404963934,0.3814134900631209,-0.6825080858209498,0.7545983937911728,-0.6694354601387328,0.7713704651746923,-0.6966489641965907,0.7084507697709523,-0.7222053382798647,0.6981934162689248,-0.697365557170938,0.6690186891855603,-0.6253428027588891,0.826989795908367,0.35025827415311,0.4601063061841261,1.225110452225733,-0.203174671093508,0.6594977091312744,good
0.193090862518101,-0.11906376633268148,0.1861911641105802,-0.10060771802665165,0.18385770201520044,-0.08857836067877349,0.18145083753296376,-0.07551939234063722,0.19191267854858518,-0.1258153499389572,0.1931047252755265,-0.1326990720591874,0.19373611033144703,-0.13957980444822413,0.1817437206708424,-0.07101362328793742,0.1959973060631946,-0.14841427536256563,0.18300655387675063,-0.08759103968645288,0.19022526470461137,-0.11538343679455786,0.13194645752352335,0.034530134419571895,0.21237863790385053,-0.18076127283106724,0.19918310140571074,0.7291260791966842,0.3193572954738027,0.5383422745057556,0.22330255288076004,0.4726393080863247,0.3190058350645241,0.4029853311878463,0.32169894387002756,0.46186108200181597,0.34110812417439285,0.3720281144954647,0.32925926709714404,0.4587391829200978,0.3239817274218368,0.3808164125629215,0.3100638395700493,0.4731507582120464,0.31820392110080886,0.3963275595016598,-0.5580309120054362,1.372890186457788,0.5580309120054362,-1.372890186457788,-0.2729700662635119,0.6685624190886134,-0.1683141761871055,0.45826830074225355,-0.13901895107220116,0.3386038280577005,-0.14639786694616222,0.2889220694282804,-0.1053158684309904,0.31361453056076255,-0.14044948980186292,0.30071508640387984,-0.18749779280301324,0.18216954196890228,-0.1834567491894569,0.28585287471856013,0.3326953611692077,0.39639248725768156,-0.29474093354887193,0.1510685640422082,0.35205475686205284,poor
1.1183163090198134,-0.4277383603286422,1.1256248615484097,-0.5557078933349361,1.1216750442423749,-0.5837653601657927,1.1171155108918962,-0.6142289923787713,1.1426946914281502,-0.5454256977691024,1.1520549508759301,-0.5578195960368858,1.162295942325892,-0.5684809883122748,1.1056206190247664,-0.7952249989877267,1.1780398628107551,-0.7205239464109945,1.0960347153234187,-0.54106081315082,1.1228042440406365,-0.5316679283040535,0.9508271053181949,-0.9517808132005406,1.0593741144046875,-0.7959089000892143,1.156616719876849,0.9138169184667089,1.2627878712712677,1.0165106148671994,1.0435344335215453,1.9157749646739688,1.041847418624122,1.5615070061052458,1.012464237362456,1.8709169158022156,1.0424958167101073,1.5355625565301239,0.9857080095613991,1.8471919607332012,1.020138275649624,1.6004072023429823,0.9959535825312149,1.8748257527454553,0.9879364574484547,1.6071626889158013,-1.9536194620790035,-0.7194041667731179,1.9536194620790035,0.7194041667731179,-1.298395186661819,0.9933553541873867,-1.046201405317491,1.2312819150143595,-1.338554392786409,1.9191029568832298,-1.23831622186569,2.1006197594896214,-1.3137725540606386,1.8832650882723552,-1.2085161523043484,2.0796329036722034,-1.115745437930671,2.071004698005311,-1.0592439332777577,1.8358501893194046,0.4999103528251366,0.5456004467151042,-0.48215393979559523,0.26853490451440415,-0.04277093904025723,excellent
-0.013738284939804645,1.0092904845516681,-0.016978737475669286,0.9593359634904397,-0.02138779546687025,0.9671775192139079,-0.025525041854873108,0.9751887157399096,-0.002875988964231032,0.9186808418194026,0.0023498480383467124,0.8956068129906298,0.00797729735472967,0.868881190972986,-0.025307559217139564,0.9335572392066385,0.023481992238862437,0.8127748012749013,-0.030635785709364635,1.028681057616821,-0.016567123967314763,0.9752898943940784,-0.07227427070316028,1.1860707297417432,0.03014727584987959,0.9246488647525709,0.20736444534363277,2.078680602388186,0.2497784388931182,2.2881348782301707,0.1968392637138724,0.9762535279305813,0.2437029129273747,0.8008684909477249,0.16898858892521196,0.911290814924283,0.23331953956790108,0.7565000811602213,0.1535364161651227,0.876810721316183,0.2077036721360613,0.7870386901861394,0.16745668018756305,0.9040522059811227,0.21280661377804266,0.8014019273499676,-0.4732525808309469,1.3094219168884442,0.4732525808309469,-1.3094219168884442,0.060381461535222926,0.8018765553924592,0.14519096239445042,0.2576419455111493,0.07000045615469737,1.0501465066740296,0.14633904700899464,0.7405454876754234,0.0820459395268384,1.139588485585843,0.16116973636234894,0.8541902686979237,0.03706403747716343,0.7473452643199816,0.08068913716603902,0.5340582249891278,0.5994543365900922,0.5393909132900201,2.9332746681771,-0.7713792425960992,0.15324414316907503,poor
0.4257652135410819,0.3962491454314231,0.4302833204861771,0.30206014187084257,0.4262376792131788,0.2904467533286907,0.4226531804846247,0.2783489436821808,0.44728048785943003,0.30777415053998597,0.45649683301014,0.30320032873876784,0.46713480552078224,0.2960814819964721,0.41618250173882343,0.23174088363447012,0.47957328539938004,0.21482570068698162,0.41572854397035613,0.39625857691678057,0.4402568744441737,0.39052009060583887,0.3761349254649041,0.29525473665327223,0.5209536072096517,0.18086418862256082,-0.0005311236947268009,0.11778669999694977,0.2579962030365881,-0.08194758404883475,-0.052849050861071445,0.34866361855353095,0.22547777087605153,0.35139488443332134,0.0020391322975653377,0.27357098147722914,0.2522292066851264,0.3644705824162596,0.028474099994898028,0.403463339347369,0.2647387122076726,0.3373529817037484,0.002114466510911998,0.30853742013354507,0.27010414198172167,0.33657068396074624,-1.3396523903384199,0.2580026162311243,1.3396523903384199,-0.2580026162311243,-0.6072641779665525,0.08843140353645591,-0.4379114086846527,0.05619616773493675,-0.6111005467630548,0.40999880662457494,-0.5635379880223413,0.5254158841070987,-0.5906638394745132,0.31446809240548534,-0.5183979586726425,0.40837135328001173,-0.5201731063751941,0.7793771348898906,-0.47290429158795333,0.6486263987456556,-0.6125775385765905,-0.5374934804148906,-0.8399857401136064,1.648264801367157,-0.9449868940050935,excellent
-0.9713459965213517,0.38063344988906106,-0.9716404274066677,0.41683313318953286,-0.9680047569265066,0.4160628116914025,-0.9650819271042461,0.40252847460276514,-0.9829662764957184,0.4659273893270897,-0.9868947216612216,0.4847135368571857,-0.9912226903731753,0.5020944122774428,-0.9644303516820585,0.42159073296712357,-1.000303219578291,0.5343191752347114,-0.9623399329496788,0.3418665144455428,-0.9756241345702932,0.3838657818748193,-0.9278151258217284,0.47869081085192133,-1.0000744278181661,0.5444357654545366,-0.8970149051624382,-0.008788884286816432,-1.0361512662363026,0.008618280890821794,-0.8869332854332572,-0.7532771178684846,-1.034466246404895,-0.852750236694284,-0.8993226790518515,-0.7587344819338747,-1.0263652980598839,-0.8606172713559532,-0.9157550803683353,-0.7701800387860782,-1.021306684938844,-0.8544205242220564,-0.9139777001187053,-0.769118312624129,-1.0235054613968673,-0.8516632522345146,0.6002481817757399,-0.1958684027677401,-0.6002481817757399,0.1958684027677401,0.8753506490467668,-0.7237672186451938,0.9006834298021054,-0.8285604329125392,0.9495664845654819,-0.4852534007057577,0.9708317802741127,-0.5694375432224799,0.9447098318280702,-0.3152680367685055,0.9705005571032992,-0.33459363544959997,0.9575052121031089,-0.6920902535617731,0.9780444091519672,-0.7543000841930829,0.7941804160878158,0.681479218696449,-0.8693444151219144,-1.0606910446640756,1.6948561546263443,poor
-0.9558459501944139,0.22942656510814638,-0.9576560139031336,0.28109048903734524,-0.9552831685871196,0.2792844230903363,-0.9531305518460901,0.27808054814980343,-0.9638892084144013,0.314423324929921,-0.9684004127095236,0.3359660844441987,-0.9735658935121194,0.36067957874943196,-0.9535539996578353,0.3451215754680354,-0.9883214632607301,0.4543845563133112,-0.953692106108721,0.22594707178309115,-0.9632876274353153,0.2777765764544785,-0.9326940686785979,0.4517227703034968,-1.0040660562599388,0.5064022622703476,-0.8356165139201558,-0.15031027778059933,-1.0701149108742647,-0.1488191509091089,-0.8835040015792445,-0.8304702647615945,-1.0386297709114432,-0.9232784368049267,-0.8981898432951633,-0.8314498961291708,-1.029104952470657,-0.9271164583962126,-0.9137845692187386,-0.8500362204970366,-1.0236239247363008,-0.9247186337334338,-0.9116535297177006,-0.8489787130317923,-1.0269381595192772,-0.9236608360223852,0.6528237494313064,-0.2147930738571915,-0.6528237494313064,0.2147930738571915,0.879002191731225,-0.8105943320883098,0.8994379536171472,-0.9211876087094977,0.9512536968301769,-0.6126932324842665,0.9700218710933111,-0.6920502152207181,0.9479702419203873,-0.44656468439445823,0.969396484267604,-0.4663237552851446,0.9604225624208992,-0.7909470028270519,0.9769153748646215,-0.8385697730951491,0.21808740932466758,0.3584564706789169,-0.9487397897858137,-0.9283160184960688,1.2906232283575119,poor
-0.30940075878374906,0.8625158944216299,-0.31720782164175326,0.8603481174995399,-0.3213166199100771,0.8725551969032542,-0.3251830005501802,0.8867257954729024,-0.3047801715830046,0.828238477781066,-0.3007818198242167,0.8134051939855028,-0.29666220182380254,0.7984606439738344,-0.3254789082508978,0.9143930488956425,-0.2845822735368698,0.8100174811008812,-0.31367821131545015,0.9002592086086506,-0.2994965057711032,0.8513164167434418,-0.3945602292979066,1.1228962360155958,-0.24361540236100782,0.8668384431282831,-0.3105540973882799,1.2142558796142515,-0.1355670858781767,1.196793088274791,-0.26468654454334484,0.1536547046936631,-0.12201393373801438,0.06773514684444201,-0.2932106591078168,0.07844797526695997,-0.13169292313190145,0.037303757257165455,-0.2834699465844649,0.061801722371014035,-0.15214771875019464,0.05383714701777919,-0.268337657605585,0.09216896854421548,-0.14934708732805915,0.06329648633275459,-0.8779237715696565,1.4307401862345368,0.8779237715696565,-1.4307401862345368,0.2809667827441689,0.052212038779482974,0.3936159591594465,-0.48251460417117664,0.37975997535386025,0.151654242171164,0.41397935243415823,-0.09119784169339049,0.3998279364593257,0.25848701624048376,0.42759066796679485,0.045728894896277704,0.3422850595882336,-0.09989471016655031,0.37020045459322803,-0.1673594737722513,0.2197702936546587,0.30131963465323286,2.294090937907479,-0.5004084559167401,-0.2152366962951269,poor
-0.9663317346861394,0.34170454989007687,-0.9655101122868345,0.3776614605520158,-0.9628141009466273,0.37140813237214815,-0.9607325393173862,0.3600646559232446,-0.9790259680178168,0.41858309189575776,-0.9838351448548718,0.43746431242505684,-0.9882871455741538,0.4571692437849462,-0.9584895637386247,0.39173980257426644,-0.9975516642772417,0.5070319660873129,-0.9561643488224527,0.2971532926596304,-0.9721815884102742,0.37473860521045,-0.9289178703417066,0.4663409243362331,-1.0010322117560353,0.5329350122420801,-0.8806605669231125,0.0053746169929155705,-1.048985509984817,0.014752410794168683,-0.8762948160721593,-0.7402713599412306,-1.044415889071893,-0.8443458741344086,-0.8903387915932388,-0.7444470602010972,-1.0321566929646397,-0.8514053185208353,-0.9105031123892521,-0.7581006933242432,-1.0247210577202666,-0.8468678346719614,-0.9085679697291061,-0.7561338157849151,-1.0287067078903427,-0.8442135067252142,0.636384863401245,-0.22627292670065963,-0.636384863401245,0.22627292670065963,0.8768038156438406,-0.7083069578966145,0.900129449740539,-0.8065521426791433,0.9506735857682154,-0.48361458482950787,0.9700718637071478,-0.5672853198021287,0.9456242885216909,-0.3131436660169962,0.9698245107502831,-0.3345770707512715,0.9582100922686252,-0.6955068579012266,0.9786351446493327,-0.7533891119048144,0.7310022502176919,0.6340043260582915,-0.8869526189556564,-1.0626191391122357,1.6634250254604344,poor
0.47385177889780083,-0.7015864632087608,0.4603773758932225,-0.68863833188575,0.4572858030573275,-0.6959103523078174,0.45383226232243734,-0.7045104103865449,0.46490538253521496,-0.6586876842675374,0.46534496748059967,-0.6479787334186825,0.46528470614295014,-0.643698956125754,0.4351499169298301,-0.6976067206687834,0.4622738078160409,-0.6394975840031044,0.4741265902836529,-0.7083284565829783,0.47532156050629687,-0.6938853242444185,0.4030067123862676,-0.538217404948797,0.48433925551733686,-0.7043697166778486,0.5417127414103169,0.20051604426240882,0.6295903848608047,-0.24442457607526236,0.638466904566722,0.5144410931092994,0.6284213301329883,0.3392208653522819,0.6420563539081607,0.5017932584326588,0.597998609927674,0.33820004217464517,0.622106043349917,0.4969157809607239,0.5819132656973472,0.361442066109293,0.6152189925387738,0.5174381696963677,0.5836337397494703,0.3638392815022146,-1.0137413818636758,0.9272604464700404,1.0137413818636758,-0.9272604464700404,-0.5094522981981932,0.23349557421736922,-0.44715491914601124,0.18359806125864703,-0.5945057386525241,0.46051276064647656,-0.5420657805228353,0.5558834411262021,-0.6083930307706407,0.4571057279071894,-0.5798479808013894,0.4728506860603717,-0.6463142982215246,0.4782928144170941,-0.5759418965676312,0.6512249529981676,0.27719821151759994,0.35454850362830026,0.7995825840548287,-0.003370387099941884,0.4095932746757088,good
-0.9750085446268543,0.19888984532504592,-0.9743878063693786,0.24221771870734288,-0.9722361262639994,0.23299835606010358,-0.9701874667346687,0.22897622993505928,-0.9843446238343708,0.2892668597542436,-0.9880945412140463,0.3070484130431895,-0.9918140567440489,0.3287058440962324,-0.9673715449175716,0.27865201336565926,-0.9994691187462134,0.38407330385240585,-0.9677353980721425,0.15593251835763616,-0.9801364426843963,0.22827138268730265,-0.9332986259008823,0.3239800410371727,-1.0046816542701753,0.3866524134488073,-0.9377330032589314,-0.10900678493275386,-1.0306362485259994,-0.15547619501120727,-0.9289570351071839,-0.8099639691008751,-1.0430151099811262,-0.9109479599493978,-0.9311208473120268,-0.8146095010097629,-1.0367750623285017,-0.9150954904010374,-0.9457092132462409,-0.8331802870962446,-1.027207820105981,-0.9080531475042783,-0.9481626538663914,-0.8320601097248213,-1.0279541286869682,-0.9060446271609525,0.9040740807571315,-0.1267091952234518,-0.9040740807571315,0.1267091952234518,0.8855201334322301,-0.8020677114323428,0.8819764637628517,-0.8986334818099118,0.9541834896711334,-0.5873521353580874,0.9578957136091389,-0.7018575641973057,0.9543909619822147,-0.4146767014530972,0.9573210986549257,-0.4686519208023074,0.9613992581564279,-0.7765732539913779,0.9649063499316161,-0.8374674093193891,0.9364361287074866,0.8339818540271887,-0.7947157548930849,-1.0291290315965642,1.0888813303872371,good
0.19192745657871807,0.8505869128078122,0.20921662223975818,0.8020493787371508,0.20706526634662112,0.7888946302277906,0.20578965147569395,0.7735598827433234,0.2269181621898005,0.8090217452798294,0.23802918159195166,0.8032735404257638,0.25090751359808827,0.7984690953121706,0.21991988236166168,0.6408059688211508,0.28751789365566083,0.6992679605279771,0.1827479704496289,0.8011248781225001,0.21118115461380213,0.8168027562833939,0.2025569149932686,0.10031723764386886,0.3109483044911213,0.45666176265356023,-0.1795150678599986,-0.548059048973151,0.08205136265870579,-0.3262828392043847,-0.05011332218952457,-0.3706990350683887,0.1529512302029491,-0.13352168860033478,-0.06536117862993412,-0.3595593931619219,0.1651365958324022,-0.11066846613817027,-0.044425661997783236,-0.39422675167165333,0.16362362038874026,-0.13401612858166007,-0.03661810587440536,-0.38683835689526036,0.16583285345583443,-0.14959020568188813,-1.2035215753104056,-1.0773679743529212,1.2035215753104056,1.0773679743529212,-0.4225074036659613,-0.5251046900272424,-0.2087324549921087,-0.19675385473921325,-0.3464405957200172,-0.3583706681010478,-0.26837593345695027,-0.08000592899615967,-0.30893544933773276,-0.48680837049591913,-0.25097129505121407,-0.19282788044630322,-0.26621020188505023,0.08928647159572599,-0.18970036260750017,0.06449991033910246,-1.081832435732567,-1.1430395214797362,-0.4450222526738458,1.2849306774277374,-1.3159327472378035,excellent
0.22400743110627291,0.46297680283394854,0.22469923382453158,0.4162826828428662,0.2203763852079584,0.4030097923283113,0.2161631462490265,0.3859391332135299,0.2419584254656151,0.4218841752897336,0.25112404360109475,0.4182282404519393,0.2612610647588278,0.41384333128682244,0.21211538933228394,0.29389815456319535,0.2835549426376373,0.3538563266743583,0.21083892075867644,0.41538257705346016,0.23376117063622867,0.432068705751661,0.1037872933309862,0.0005094424808828,0.3021409162646291,0.2368041287717079,-0.11227977281209636,0.1167809953118491,0.24497891684054207,0.21565655552350416,-0.07080475944892266,0.2866524197620808,0.21869297316020617,0.2065302194936932,-0.04385518496568425,0.25009601409810883,0.20941304723307558,0.177540338219292,-0.004522979722578895,0.20511059950012558,0.19050940543763845,0.191785920534098,0.006017794937892468,0.23300461229967387,0.1847168312464402,0.20545204154722885,-1.414088589906702,-0.6548548362059029,1.414088589906702,0.6548548362059029,-0.361645369123705,-0.13693936144071364,-0.18671855691439754,0.12123291101026092,-0.32367632897312676,0.3497845359193442,-0.24783435516045876,0.49377602059061965,-0.3003715544774348,0.3811488948826946,-0.21524735932952757,0.5410724482258755,-0.23235196753305445,0.5132857202656266,-0.14702297183464277,0.41315403358961617,-0.10955476119771534,-0.15263949181759437,-0.803600153228061,0.8708868752499991,-0.5968898394802229,excellent
-0.05707468096256815,0.5562266490944456,-0.05738396717451719,0.5410783485920457,-0.06123886889179493,0.5407213753269647,-0.0648577037566066,0.5387910924819882,-0.045416728730404886,0.5249051087621637,-0.04114652744764318,0.5134672670034708,-0.03667749866089673,0.5004194100572871,-0.0726909136418283,0.5013693091153325,-0.0339308002057362,0.4430030775138441,-0.06731711361775258,0.5487915990192663,-0.05526875964102797,0.5214520724663848,-0.10386745252973055,0.6586254415761282,-0.028564327177938362,0.404258655218952,0.11984564451808387,1.2929524229727853,0.14291666991408894,0.9427000212575226,0.14209888292329803,0.4672871482888694,0.14955605277915776,0.264329669253719,0.18459224607590716,0.47856313436580744,0.15248863361738987,0.2624598916269878,0.16492878203362754,0.4182326271917655,0.1320113071729152,0.25939672653697277,0.1535988938150593,0.4112374038532227,0.12598879236231977,0.2630887859288768,1.082022862044656,1.750085252434334,-1.082022862044656,-1.750085252434334,0.9263448196498294,1.4812944947342581,0.3330271769197577,0.8626680848015155,0.5133863612195393,1.2744016847984734,0.33714084802778616,0.7774435803334043,0.48805205389085055,1.0388817684365739,0.3765711475397909,0.8009570577759166,0.41717085103333124,0.7141483264029989,0.2074042390149721,0.4476785508739621,0.5154440420883719,0.45065381834049145,2.1970853534418824,-0.6506754546791477,0.1904344825171564,poor
-0.9908607723960507,0.23222473710728028,-0.9907123844824525,0.28220795126418746,-0.9872770295678942,0.27144315422840326,-0.9847967603069501,0.2601758398704922,-1.0012097318978717,0.3247997485345744,-1.0040828467490759,0.34483860217949086,-1.0075845728286819,0.36466498994615865,-0.9821271034451979,0.2899234050060857,-1.0132771730376604,0.4186895721209668,-0.9799726292536639,0.19166812051979654,-0.9939133900509425,0.25996908760426723,-0.9421806421635426,0.35847470331653103,-1.0125180982560085,0.42859633441604367,-0.9994912846583692,-0.06613519426676441,-1.0020701844020379,-0.11080454572440751,-0.9998664636175516,-0.7662298293234313,-1.0076519099771553,-0.8713227186958253,-0.988999774319862,-0.7694467210013743,-1.0097637782949789,-0.877001930968351,-0.9986695882508911,-0.7811681839703487,-0.9969016413072327,-0.8708421914247306,-1.0039536250745957,-0.7830617285730483,-0.9915002795566308,-0.8684011807256792,0.6749939673968499,-0.16868771058091428,-0.6749939673968499,0.16868771058091428,0.8942438969189879,-0.7347880396799433,0.9028909182368082,-0.7994244495625469,0.9662701175009137,-0.5253982314673715,0.9760656685131148,-0.6177325613857901,0.9640323595197259,-0.3841718273773475,0.97724390647012,-0.39940716066508153,0.978025996459546,-0.6872598336451371,0.9842540067087258,-0.7745648022882085,1.023454836896487,0.9433036233285702,-0.7554715270817903,-1.0617011003711696,1.0538070364652161,excellent
-0.9962395474503192,0.20322116668625007,-1.0000710411590752,0.24435975492312081,-0.9973269072313027,0.23500544211157576,-0.9950658361611805,0.22656933895928427,-1.010150300353614,0.29001996831994986,-1.014311435252101,0.3095764430138988,-1.0177351939549857,0.3340779749002121,-0.9932824333732423,0.27761380810722414,-1.0220477397465908,0.41704421520651447,-0.982990421208939,0.18019663792865134,-0.9992617150375668,0.24055331732137725,-0.944375994788898,0.41151916731449034,-1.0143800474396691,0.47600808648654513,-1.0021734123328894,0.045011287838026395,-1.0308298092294899,0.023980122292917603,-1.0018051227742781,-0.6976473770111858,-1.0460258092030512,-0.8048997090573705,-0.9928216390438328,-0.6876628271174756,-1.0439133904721345,-0.81796397806848,-1.0104366437348906,-0.702089275071153,-1.032815581222751,-0.8001975847467399,-1.0133657173130795,-0.7086215476055029,-1.032007346778908,-0.7974452045989792,0.882965294261637,-0.12601661663466898,-0.882965294261637,0.12601661663466898,0.8897533816413393,-0.47165034645205256,0.8746426236779182,-0.5728679550741919,0.9587583190995538,-0.46338716777665667,0.9559800420859931,-0.5638638069970241,0.9584307816189337,-0.30953984159375714,0.955267807346438,-0.3295388455536395,0.965930086949874,-0.6494912463969982,0.9499534412047853,-0.7683216998525716,1.0231600897717008,0.8971193205602112,-0.7690689123668406,-0.7135623676217111,0.7444957652086794,excellent
2.7010318884204434,2.4099839691906255,2.7992017574933854,2.2667740023175713,2.806547639278191,2.324428592391516,2.817515189439702,2.3754325063285227,2.8292315423741443,1.9169864999211232,2.8636070101027133,1.7289228857058327,2.908051712349657,1.5411868268129358,2.9544197260820044,2.1031972961883905,3.0616896252818058,1.194325608411537,2.6631118167593355,2.6500765527567407,2.709451696636962,2.1495152480323028,3.305755409022853,0.5458372242897337,2.9422284284946696,0.9230142353587698,2.383805900711136,-3.116957478903453,1.7123566613360295,-2.7003642216845005,1.9337100620249115,0.12634072677185715,2.174952905180142,1.2710416344833821,2.1656987214473324,0.24097371791678834,2.1652229322853898,1.410933217064625,2.194970748831103,0.6513828439376086,2.3284290588582155,1.3371776644451219,2.276998000815048,0.3604340396828608,2.3575859266520247,1.274569882583186,0.9333450831916732,-3.7049070532672066,-0.9333450831916732,3.7049070532672066,-3.1049312939314953,-0.3343612004224416,-3.1641552212969737,1.2620893404763354,-3.376621380374117,-0.7264710269916449,-3.4896055213484756,0.5219071791954538,-3.305813342323447,-1.7433355182688854,-3.3524093136257056,-0.5823592397539805,-3.1406918225708025,1.7336147740779644,-3.4369351895659683,2.1183852365684013,-2.2819661388319705,-2.3316599838386205,-0.7379761149983157,1.7818548389265896,-2.227728088624794,excellent
-0.946087918132073,0.2679382540849266,-0.946514153965369,0.32327501165290173,-0.9447001378259374,0.3187777966962017,-0.9432554416372163,0.31557316947005587,-0.9555291608255846,0.3424674085614933,-0.9589744789826616,0.3660285241195094,-0.9628835881916893,0.39173838498597996,-0.943680922394301,0.36707827713520613,-0.9767768718560579,0.45997467326693087,-0.9394213904570503,0.24271578575068414,-0.9531027189120884,0.30253247592770266,-0.913205683518325,0.4193215778788743,-0.9873047344947301,0.47963120896884226,-0.8775772229332707,-0.10173134701929061,-1.0193009038166745,-0.09896344849508609,-0.8559773868533919,-0.8066142876364835,-1.0257988886124467,-0.8916100103861865,-0.865450851612434,-0.8103289884109424,-1.0201924149459733,-0.8943442127847604,-0.886979763338078,-0.8112984542163391,-1.0138556729591142,-0.8854113118659183,-0.8859755976213536,-0.8114802530297893,-1.014678651134535,-0.8840037646838039,0.7348404577333489,-0.0867208470552934,-0.7348404577333489,0.0867208470552934,0.8630960166353584,-0.7051252932696439,0.8826690167967091,-0.8495630146734078,0.9380857224638784,-0.5700548684009402,0.9525633845556496,-0.6660110964512825,0.9453474870735072,-0.4414804622758146,0.9508374337330717,-0.45110512667734215,0.9573650427845678,-0.767677161445842,0.9645731933981223,-0.8071009097171034,0.8686184007205554,0.7140485824870625,-0.6443322689462991,-1.0739620220845176,1.5510670047476391,poor
-0.9722079325227865,0.3270194277883442,-0.9718455526298034,0.3747565170503432,-0.968773022852545,0.3623047974689856,-0.9659462590135461,0.3569606061817534,-0.9827451474889333,0.4127327017817807,-0.9869066730727832,0.43306682864934404,-0.991285658934693,0.4423220604252107,-0.9633386526523696,0.39237841264825907,-0.9983348415087242,0.49800389567940084,-0.9643941130553214,0.2873031984648786,-0.9761693793161881,0.34092897779416204,-0.9295706788530199,0.4299407083381363,-1.001581436608858,0.4959005573359189,-0.8918143318533066,-0.0843493450956087,-1.040054501587626,-0.09153424806662981,-0.8844314311660947,-0.7926701273553547,-1.0402108951469717,-0.8861448227556193,-0.892115282559543,-0.8000729939155947,-1.035373010080423,-0.8946461887063405,-0.9085122511508087,-0.8084594385348464,-1.0297295423210782,-0.8857801287926678,-0.9073334873434759,-0.8079147366634105,-1.0301881804360034,-0.8822373524623607,0.6406423643334721,-0.19560509906659987,-0.6406423643334721,0.19560509906659987,0.8741806642195576,-0.7433927124323079,0.8957228234843301,-0.8448961021180718,0.9496994672580825,-0.5347379703761309,0.9688208346992634,-0.6159022884543903,0.9456160458402159,-0.37364779409797794,0.9683478812379752,-0.38879765120875454,0.9595952220419915,-0.7355443602586818,0.9763524418388455,-0.7946653600099602,0.7562358255488788,0.6788836257537434,-0.9475422299727534,-1.0663073728305639,1.6195758771257367,poor
-0.9840299344484997,0.22506631676485025,-0.9843936527506467,0.27205300855706777,-0.981384487087666,0.26136294473887806,-0.9790941272859467,0.25195579694198156,-0.9961493192710889,0.32100502301391953,-0.999922513056865,0.34287076970471997,-1.0040282969935312,0.36019700687381334,-0.9778282378024392,0.2848814655783968,-1.0110081246556928,0.4190001717390242,-0.9737996413306502,0.17943370318557675,-0.9883162474392214,0.2564010693529324,-0.9395972046231046,0.3659782065883027,-1.010093913537455,0.42544595541843927,-1.0015902619016543,-0.03705813089812324,-0.9928097594597033,-0.09167085395865328,-0.9888808624192278,-0.7532409201457236,-1.0040499224140638,-0.8708480352040497,-0.9851185868723047,-0.7605373519408781,-1.0071946634043962,-0.8727760066478649,-0.9977116255110364,-0.7746401344264333,-0.994356604205578,-0.8668639402031985,-1.002633980163816,-0.777027135972361,-0.9888362460338058,-0.8657393044592836,0.6996009990792194,-0.15726442256535272,-0.6996009990792194,0.15726442256535272,0.8921808290642316,-0.7291319058131208,0.896993447647765,-0.7997500503292246,0.9633826134369108,-0.5226160626700855,0.9734554273712551,-0.6096947659723684,0.9614940297181646,-0.3685341734761193,0.9742843559817811,-0.38704469146496845,0.9745890626756699,-0.6860483149226042,0.9824625139069413,-0.7710580509989422,1.0903205246620964,0.9265405768490713,-0.8057850209536113,-1.1302891908088954,1.0963279637302608,excellent
1.073326330350646,0.35440821035722947,1.0828385524159998,0.2497701907103914,1.0838226835070928,0.2548696702070505,1.0853328673106133,0.2585407685961611,1.081779891660781,0.17955126566475882,1.081454213767256,0.14252846384294196,1.08276823211146,0.1051875466394724,1.0949116834000372,0.19623549496644516,1.0796651000373874,0.00481257337996493,1.0687318700855941,0.46798776080234933,1.0688235716526258,0.316492266345474,1.1627687129780988,-0.2043853352328449,1.1261388694322985,0.17746052120674002,0.8190297085582942,-1.7132360351188582,0.7681473748020725,-1.6906324510409725,0.59884166148622,-0.7561696629456378,0.824461280761611,0.036012049304232775,0.5251254039338011,-0.6050228328243704,0.8515989056333529,0.08318547104557156,0.6843261924097305,-0.5131130774803542,0.867127452579233,-0.000936348295525323,0.7206989159973921,-0.5226030292312168,0.8878868494002796,-0.028956819771974833,-0.5179645859236657,-2.385813161980535,0.5179645859236657,2.385813161980535,-1.0954244083913915,-0.894465911332883,-1.1245887775505177,-0.06535272053999781,-1.1445966944972479,-1.5273240273161064,-1.1209764465979044,-0.9917907972427966,-1.1558281571407454,-1.88272068615786,-1.1160240597015756,-1.3965728497684642,-1.142779614603298,-0.7525742125602929,-1.2185620539727404,-0.36140989932698026,-1.4947902431080513,-1.7887903376665366,0.8503150831287809,2.1731907910879174,-1.6124043987565675,good
-0.95412912559085,0.21319000898891216,-0.956978955522059,0.25987727407871825,-0.9548033940953626,0.2582325185420727,-0.9531984791968299,0.2566371842874879,-0.9644772965391638,0.29852375396483277,-0.9696519570507097,0.3228389086017384,-0.9753992083443643,0.3510132760385392,-0.955408045939377,0.33414414803201437,-0.9911425152853305,0.4515617076156378,-0.9516510805062912,0.22080310476509682,-0.9603741289162405,0.2792882419178126,-0.9354294140585271,0.44042312679322826,-1.0066774218960655,0.5088318639688304,-0.8286119126751106,-0.17072631768200844,-1.0804599517083793,-0.15283060169361226,-0.8753081544300837,-0.8465531824734794,-1.0448430455605755,-0.9341753460894499,-0.8891258750129962,-0.844265927214779,-1.0330380986889212,-0.9340890183027243,-0.9052363229609172,-0.8579073355529532,-1.0238278854726364,-0.9311581394140916,-0.9033757675184038,-0.8573513364099331,-1.0276900780375595,-0.9297014426962764,0.7207085878321178,-0.20185176180518544,-0.7207085878321178,0.20185176180518544,0.8838616466378765,-0.8050350618316128,0.8980046079696203,-0.8958688301968076,0.9538128677929891,-0.6260122469096809,0.968140988671478,-0.7001356222247294,0.953280946752509,-0.4436127930298734,0.9744396443222242,-0.4760509079445742,0.9595870723933299,-0.8108096181481289,0.9766003703920788,-0.8511487779808563,0.17381426603962152,0.29594389312143204,-0.9289040460338208,-0.8467355198950549,1.0843129949046195,poor
-0.9640331031946251,0.09706520929439981,-0.9646374583053655,0.14840679787404795,-0.9627257473378278,0.14566144775687836,-0.9611175238969376,0.14604498596194163,-0.9729487240314819,0.19357245480102384,-0.9772203880961299,0.2214357532024752,-0.981118250912577,0.2521536884299507,-0.960620161379994,0.23863500827438514,-0.9909306808536475,0.3630830658143101,-0.9593932747545402,0.09497506897615209,-0.9709051814985609,0.15593176907670914,-0.9352048318630942,0.39867491537985156,-1.0064591687952855,0.4759218586022807,-0.9034156391640519,-0.18258579597050825,-1.0826363314451248,-0.21830236349903612,-0.9300769543128541,-0.901666060623195,-1.0451152562451922,-0.9929662581763505,-0.9339049490056444,-0.9129826443105103,-1.0384184156709706,-0.9892565624663635,-0.9467335315831055,-0.9301192586087451,-1.0325181895090205,-0.9848699179740622,-0.9435051830705808,-0.9278923898834798,-1.034760126200638,-0.9849003178818653,0.8881916738055,-0.21114317564698837,-0.8881916738055,0.21114317564698837,0.8928742933127992,-0.8745238879140294,0.8852819792713628,-0.9811388962695179,0.9664299494377747,-0.7122997541530457,0.961681347918825,-0.8685495433897492,0.9655725354978416,-0.5498635534203168,0.9608503079738429,-0.6481496513331454,0.9778434212797601,-0.8590883429938314,0.9676507030290571,-0.9493619907797114,0.5702020957746592,0.245890918741652,-0.8643213439540506,-1.0412605483976876,0.22450325460021436,good
0.8246131449801711,0.02938319595936927,0.8380466855326104,0.0395174830111951,0.8374750067190426,0.06380049369656857,0.8377383831543388,0.0893400212044124,0.8433453359053927,-0.055273280272128106,0.846767864328885,-0.10069706289636825,0.8518542484384592,-0.14231534084751654,0.855199359863328,0.09921233885992588,0.8649517698401847,-0.23744753903733648,0.8153631777174312,0.07899315181694694,0.8260756490135721,-0.0470031961161727,0.878597212407511,-0.2750454966525088,0.9177073964758623,-0.4283366416674947,0.470567953216487,-0.28403829384337886,0.7941730668917865,-0.47392886270884127,0.6844888483723758,0.11637064528066215,0.9011168209194185,0.588050724155337,0.5860570472699935,0.048163204790302366,0.8955734938346783,0.5740228825716026,0.6814364864253036,0.11826644683315696,0.8957642663781815,0.5517728016825837,0.7248168136880776,0.09022100840820611,0.9111969525133903,0.5445078162055742,-1.2014361774295432,0.28903180560757086,1.2014361774295432,-0.28903180560757086,-0.8299523737469491,0.4234098317384162,-0.7987768523697508,0.7293763255585144,-0.9253622822041903,0.5321249556846797,-0.9166953809296255,0.724737305934158,-0.9625359810190961,0.44487298657915675,-0.9735537012313645,0.6540446192543617,-0.9176087088763325,0.6901146645517545,-0.9380759537332721,0.9750328722751648,-0.8015331141208547,-0.3239940738007535,-0.2509478022277452,1.0924893004758343,-0.6227859547504685,poor
0.6795700375235395,-0.2977171251683064,0.6685312958758333,-0.3334398452712878,0.6632711835654,-0.3179622838104352,0.6576385545605256,-0.309284096590883,0.68051843766199,-0.34871787271524596,0.6837163896601506,-0.3445936603729437,0.6865618783334845,-0.3470803010622366,0.6458353561944283,-0.32754797517120227,0.687067808312739,-0.3441104418766527,0.6636418234783413,-0.23173972425529574,0.6784283555699955,-0.25587431660381244,0.6403700657750895,-0.1251894743807781,0.6592829451711293,-0.3306026395051208,1.0700591214436608,1.4193065918367394,0.9360725708995079,1.2613934481611286,1.1259703888478383,1.5491737141744277,0.9226091287457575,1.2230101629541803,1.1156931076289085,1.4985685718031994,0.8873711774094262,1.2076449025584186,1.0667578474077346,1.482022430090748,0.8734271511769071,1.2489497503178197,1.0683713230311673,1.5245731621542755,0.8738240792201435,1.2694489480366469,1.2714895336880938,2.884894258732161,-1.2714895336880938,-2.884894258732161,0.5372387004879,3.131224588995039,-0.27896690541474256,1.0016980542295628,0.04297981862647089,2.7320771349466444,-0.45128607712017893,1.8866747629407379,0.034199600714896236,2.389237454977052,-0.4400059838726148,2.224408131685101,-0.2226105997104622,2.017169831046785,-0.35706148790315545,1.5742480746191938,0.5020918118981336,0.5185756009422777,0.8824234304498287,-0.5282243130073078,0.6295921555182314,good
0.20336368567240687,-0.01935410025139961,0.19772079152836625,0.02354587085836218,0.19502683083383693,0.04101473842330125,0.19232002583026706,0.057309075388816376,0.204273720733046,-0.016698623507341432,0.2055086494401716,-0.0322661788681162,0.2061747523095212,-0.04656399891406194,0.19079553162240814,0.08728830299770372,0.20879898943348638,-0.052356513818336205,0.2012027082835975,0.008827138121040292,0.20725143183561487,-0.023250792867742655,0.15252445734964318,0.09898320084012395,0.22948852726796748,-0.11913478911658834,0.13285583682151467,0.6098579959212483,0.2719201048755887,0.256077490941266,0.1925362950574784,0.33223253490252147,0.30324199436393695,0.2832166192600923,0.2580656610200619,0.3106696272137439,0.3060653860284116,0.26794953464050875,0.27366802410360574,0.311486203847591,0.30002511047966934,0.2734866943256993,0.2629705712978592,0.3235856868904265,0.3015793285609086,0.2824209903237233,-0.5712692301161518,1.1325904313349775,0.5712692301161518,-1.1325904313349775,-0.3140812756248854,0.4153212210447908,-0.17240493971945053,0.38196202268276874,-0.2845350520602279,0.20172013756865698,-0.2090877560680975,0.3252325473089501,-0.2505817562535707,0.17904066123405052,-0.22045390237811402,0.37552467293344377,-0.2885248790408162,0.07871179197338887,-0.22790195241193628,0.294384297412034,0.11776791815304953,0.2059769733239223,-0.24477476092019335,0.37464305813996834,0.08115597359094037,poor
0.6494454592711885,-0.4168972015472742,0.6451356997780809,-0.4217905713533414,0.6457712330865364,-0.40970904876389774,0.6468385513995584,-0.3958354204023277,0.6411762536821088,-0.4621540983603392,0.6392015741459122,-0.4761599148030851,0.636432618002135,-0.491204743059542,0.6590656885198907,-0.3513201829079233,0.6252450993765505,-0.4891375680005052,0.6531953925099829,-0.36433191925361097,0.6514692775757329,-0.42137413169186205,0.6321020568653676,-0.4083457848037647,0.6597408132127426,-0.598082381644499,0.4211742619828779,-0.17817008532189552,0.6103115620547616,-0.3268549720479272,0.63763312382174,0.31681438784786,0.6804408889149607,0.47343237725916043,0.636888569163042,0.29157274691500124,0.7225744918567021,0.47546519549690636,0.6716036733145154,0.34630031676951734,0.7101835400354863,0.45935429216392726,0.6856856331139859,0.3440228079501158,0.7145976744008877,0.4631708745084799,-0.657144194420346,0.9793267503149575,0.657144194420346,-0.9793267503149575,-0.7520690438019785,0.3916540689101769,-0.6612523695281138,0.4345711577231032,-0.7612011650757918,-0.0062630796793739065,-0.7083884636235818,-0.19252139426997147,-0.7592763792172816,-0.12784930268321262,-0.71594213358749,-0.364892155251648,-0.7880154318507117,0.13293229540563156,-0.756055324858443,0.13181722691529735,-0.39282846881638755,0.0013028751184732737,0.9281427612646566,0.6577996032004252,-0.21698400307093335,poor
-0.9613748009573464,0.31578002695631807,-0.963334005122591,0.3724680281264468,-0.9612429706579528,0.3656774802487817,-0.9593461055335586,0.3621121770901857,-0.9731111981165623,0.408644035300779,-0.9777204786588958,0.4283343684471644,-0.9824399639109801,0.4443250343458909,-0.9571347656660724,0.39650582169182075,-0.9868383683650817,0.49028445059975023,-0.9549992940167851,0.27734028159775925,-0.9676167149371165,0.3371283244423992,-0.92183476265309,0.4340526997489217,-0.9948684437087058,0.4988397077032412,-0.899293722669005,-0.07374474637474004,-1.0230233677192364,-0.0662650580765909,-0.869092689661917,-0.7918537694419318,-1.0317058653997193,-0.8822805533805032,-0.8820309131195717,-0.7924042607662027,-1.0251191427796156,-0.8850958927807258,-0.8992330753053697,-0.7987079785811221,-1.0193934289978592,-0.8762239877923872,-0.897153387785938,-0.7973405263027034,-1.0210335577950806,-0.87455456297312,0.6220930049217865,-0.1748704467452181,-0.6220930049217865,0.1748704467452181,0.8735939209651602,-0.7309425727032031,0.8993826456264262,-0.8388526644787538,0.9436057668604247,-0.5235721985497004,0.9684430356419735,-0.598211493765407,0.9402767050677867,-0.35631610145294096,0.9672119195858311,-0.3634096859454201,0.9588217910091936,-0.7258193417441822,0.9783543600816492,-0.7771190018358701,0.9249946792572564,0.7564938349478523,-0.9412882835094062,-1.0201950559349295,1.6291749093575372,poor
0.04448747386577521,0.9771203194131236,0.04708908153576477,0.8893042564015277,0.04368355812866914,0.8727871281656839,0.0409252815353232,0.8547420513741334,0.06504965753437432,0.9041874246765105,0.0749173181889305,0.8995489038674215,0.08606231788898142,0.895395006071298,0.040480441052812406,0.7539078397989613,0.10768995400797304,0.8283017671400918,0.03477471449390388,0.9611212876336129,0.05982276826575381,0.9769506005095032,0.021510019018742558,0.4536996770017297,0.1469008691668142,0.8032456669357877,-0.26983632533678414,-0.6376275944820204,-0.022265026990770077,-0.29905581976561696,-0.22114434611681466,-0.5897801529358623,0.006996734450359175,-0.36933011903440743,-0.21761641773719465,-0.550413757641451,0.015843607150794414,-0.3779981879040422,-0.1840468265760259,-0.5644593488609402,0.011361836991308482,-0.40115208057134316,-0.17327528502200895,-0.5552192900103359,0.01542087302468448,-0.4014019669866297,-0.6028939774860637,-1.2526056757443287,0.6028939774860637,1.2526056757443287,-0.18049620716839088,-0.798897854464967,-0.05915912169405575,-0.34635556083524166,-0.13646929748861175,-0.6430923814016452,-0.07789884516848863,-0.3618049352972735,-0.11089976164398674,-0.7255659219434595,-0.06454686345263616,-0.4285557702847056,-0.078068866455171,-0.2607234581777091,-0.0030773719771446982,-0.22472205149036475,-1.7387020439616718,-1.747027885595035,-0.9370034087777154,1.3450117509261983,-1.7743803892441832,excellent
0.4489840725321601,-0.3824661854100204,0.4510468169503349,-0.3448293695460431,0.45126765017186576,-0.32716020430434706,0.45177436392269327,-0.30953775988001575,0.45407037361698077,-0.3846173218312349,0.4564147343042089,-0.3984370474865652,0.4596777410539905,-0.41000059999190946,0.45256794518071236,-0.28341970056727017,0.4623016649062787,-0.420353440152167,0.44786841560248897,-0.3630173239885753,0.44825020482492356,-0.4388322384392878,0.40387057893780454,-0.27175763895620164,0.46732628217533273,-0.46278862491505107,0.47761448018833447,0.28812393071043685,0.5903870345876264,0.4005376760392343,0.5220641389010606,0.41627548643463114,0.5834273798069759,0.5645285696474235,0.4511245838083743,0.46745913657135935,0.585690108800492,0.5454753213268442,0.5465096366125678,0.43881935064002614,0.5767561128930359,0.5324134478435032,0.5401948924526653,0.42640460539702346,0.5727648825579885,0.5315159144541498,-0.44403381516064316,1.2867682322219047,0.44403381516064316,-1.2867682322219047,-0.5184909718942824,0.5921891013738733,-0.4083160194571942,0.5828138140196291,-0.5061623975782062,0.23572348561404735,-0.4929690041893013,0.07285726877542695,-0.45365698043769254,0.16686551846517494,-0.4699330917794598,-0.007037027425999005,-0.5839399719267543,0.10682623088954392,-0.5473194465994895,0.10424955733473663,0.16735326805390488,0.37657247422970824,0.5685236956492838,0.2309261175993221,0.18066625728593158,poor
-1.0159808240917128,0.18841424561892878,-1.0179404119162243,0.2299115374106687,-1.0134173084863813,0.22101192389361732,-1.0083289597055802,0.21297637184564902,-1.026230447665374,0.2779277523957752,-1.028840553870744,0.3036908250160085,-1.0307890295911128,0.3311066910380208,-0.9983296115942022,0.2749410045215917,-1.0259045241651998,0.41911947480790557,-1.001068677860953,0.17560870277900276,-1.0124260826890565,0.24117526374075243,-0.9480535591556866,0.41147310991975156,-1.0172590348793966,0.5015998794426075,-0.985747323450094,0.04110173044241793,-1.0246807122709647,0.037533348706713994,-0.9933568965979076,-0.7205827835127986,-1.0207761969744389,-0.8172747049700518,-0.9848218780637781,-0.7301317064735965,-1.022529509768359,-0.8340137464744615,-0.9977667126423401,-0.7416940159944908,-1.0114665045890732,-0.8230607431027211,-1.002891352950318,-0.7433002678412138,-1.0107648774916531,-0.8191510998455763,0.7135677314756756,-0.1933005199544971,-0.7135677314756756,0.1933005199544971,0.8928759479237457,-0.7331839181158659,0.9052746318257724,-0.8169945648735725,0.9661713447080907,-0.470704927836939,0.9761995046836918,-0.5661010114310071,0.9639740268778366,-0.3333208320552614,0.9764979645739091,-0.34844860131110933,0.9765054952089504,-0.662965823317319,0.9856553246682024,-0.744009910589328,0.9253076772915265,0.8452272699212512,-0.8625901717812565,-1.1136106798464926,0.8954556107086096,excellent
1.3526368401891173,-0.1315056161985461,1.35924797892841,-0.23803094414303488,1.3595204456914363,-0.23865421226312442,1.3607289800297548,-0.2405819983298623,1.3611576163405155,-0.2867082273797792,1.3622714761986618,-0.3196489930563982,1.364481220099059,-0.3589682002035825,1.3734145320523452,-0.32484991690273574,1.3688214434772843,-0.47526839296485673,1.350258408555744,-0.09861262056817985,1.3562353531307267,-0.185630231350896,1.4583244907504722,-0.7872069146122225,1.4336916166536513,-0.43817882272939707,0.9857001550255178,-1.6153017998649328,0.9931139868485138,-1.4692804301309632,1.040817257702003,-0.04195544217955342,1.0661012084944324,0.38937264880805067,1.2167343539783821,-0.09246258529433275,1.1252063486557449,0.44972373174051306,1.198254994549343,0.0061575003026629735,1.115308401591601,0.36288162361181314,1.1829031266496752,-0.0383144323770281,1.1307666800765932,0.329787016397405,-0.5473590239234597,-2.314766622094832,0.5473590239234597,2.314766622094832,-1.3959195637937618,-0.47749094143699056,-1.4096111815571162,0.3842788822646818,-1.4603332413233012,-1.2128911511114109,-1.501308222885666,-0.41965018342413407,-1.4775780113175725,-1.5625618984304435,-1.5102328273150813,-0.9301074082487386,-1.4277369161719418,-0.4216940025282689,-1.5594128739371975,0.26916221460560397,-1.0740613182249188,-1.0484392127731297,1.152341472566631,1.9367362463853877,-1.017327197256837,good
-0.9852657517857142,0.2152759617830942,-0.9875142249252833,0.2590591382705304,-0.9857015477619221,0.24779654842327056,-0.9847399591619173,0.23878518782599353,-0.9988750019969482,0.3104844026452396,-1.002986408733247,0.333313088949524,-1.0068708512152733,0.35671341923084415,-0.9865616019203036,0.28343892786075947,-1.0139935310491466,0.4216217438326669,-0.9763793699907913,0.18099526041480987,-0.9907493095259485,0.2539387146724101,-0.9453934199316439,0.3532084789792222,-1.0153114742948801,0.4283665350197654,-0.9847249469069234,-0.03771600863963286,-1.0121349094398469,-0.06836061331752126,-0.9880635584218462,-0.7593345503757365,-1.0139231319766182,-0.8593515894027404,-0.9883396230683567,-0.7655644465399193,-1.0155365489701542,-0.8707847741861949,-1.00119008776917,-0.7808078350466189,-1.0057107490973485,-0.8650987621094264,-1.0049589679474307,-0.7834052800621002,-1.000828844209726,-0.8625874006651665,0.7590061453671071,-0.197250676270756,-0.7590061453671071,0.197250676270756,0.8928342688940009,-0.717179476176894,0.8899578524119494,-0.811724814261079,0.9658728915176332,-0.5217864666689306,0.9698875826343614,-0.6000298407341629,0.9630210738839171,-0.35542313384742963,0.9719236576250708,-0.3595372305954004,0.9760589985760338,-0.6816955033472988,0.9780658084178371,-0.7722239873638286,0.9558663799750698,0.9070567426449819,-0.8782221229787402,-1.1741446705377394,1.0543596339981411,excellent
-0.8811087733704757,0.31452246673257367,-0.8802348052010825,0.31481875208208016,-0.8776053831826899,0.31766225159045114,-0.8753676142678908,0.3167984886085406,-0.8874506102255098,0.3540516974136041,-0.8899061880004673,0.3726674151761056,-0.8941285005337102,0.3725479610937624,-0.8656570161550408,0.3484876314911986,-0.8925675616144196,0.41046891044337946,-0.8740456814764644,0.24592034646059502,-0.8818231338873391,0.3063785710019869,-0.8143592054500288,0.4297106220921627,-0.8954391017100646,0.4229927645192802,-0.7595448787014559,-0.06777702904094099,-0.9226190466432435,-0.21606504965754597,-0.7496170698138555,-0.7977784851979637,-0.8902372868819016,-0.9146992002262727,-0.760778013288486,-0.8009066886454389,-0.8989962185067303,-0.8954711559172757,-0.7831108479666321,-0.8008999735156133,-0.8925963138093328,-0.876158886881253,-0.7838492017183599,-0.800696459579754,-0.8890296008643118,-0.8791385455516351,0.5830155907125818,0.1910569959994894,-0.5830155907125818,-0.1910569959994894,0.8408183276055945,-0.6788220314739237,0.8700696056594625,-0.8985262489150504,0.9181904115424087,-0.5475897926320354,0.9451618848271102,-0.6550171330191679,0.9274333796955874,-0.35353927315619843,0.9480832913794084,-0.3858352627999498,0.9117070692322226,-0.7758021214644727,0.9458278593469355,-0.8163712661707807,1.0565126141347225,0.3607272859060852,-0.6356662692239523,-1.2095779826559925,1.147438180900519,good
-0.007089493227626264,0.15596446495390234,-0.01905035451242271,0.17614231978496558,-0.02329318309909276,0.18807263015009965,-0.027673091993919072,0.20130340475699526,-0.009284311640861947,0.1556571838932866,-0.006501594450706798,0.15427339613389648,-0.003240373495131234,0.15566880514907283,-0.03621084042177229,0.21510813887755573,0.0015985136431408227,0.17399611975517973,-0.01198190549462702,0.16988344402345315,-0.0014719993876324271,0.1518799449583199,-0.08239874134621783,0.41792209135014136,-0.008422328753171934,0.17303893560333106,0.19109951745554601,1.0513780111605175,0.23387400262773614,0.954362559715739,0.12516213385578445,0.4568521053919715,0.16861845114198032,0.29437046222167035,0.14164984205634032,0.4484118490109338,0.1645782412715319,0.2820718193421959,0.13707409852957642,0.44467809935754976,0.14138992508501227,0.3005865286773119,0.1197813100022805,0.44315961983866325,0.13846166021694117,0.30726141621253283,-0.3931351340269075,0.6826946789248126,0.3931351340269075,-0.6826946789248126,-0.0011315178338185915,0.06797559033397362,0.06531030136983655,0.11044872059916633,-0.007774468225343475,0.5426024393969342,0.061773307624868844,0.4653735064432997,-0.014518129409739768,0.6395674208017169,0.048772894058573,0.6286321080543489,-0.01872374491649794,0.41940547024668895,0.04884808556766228,0.40148754065010217,0.736136273406222,0.684246236595027,-0.36905243735925936,-0.515836311020877,0.4941098714688063,good
-0.2060528579475668,1.0093742247406645,-0.20277498893081725,0.95781472877201,-0.20646507680906664,0.9438607341585253,-0.20965993989678974,0.9282353267753964,-0.18850920535817411,0.9789896986732417,-0.18188857998820007,0.9804481605663713,-0.17428455144407742,0.9809979433711148,-0.21501100499268264,0.8784658977611415,-0.15887698892798383,0.9537636622451521,-0.21327332807570187,1.0228371866908341,-0.19592500336531257,1.042792517303004,-0.23958671331943537,0.6238151301833682,-0.10954268285199782,0.9884515129384385,-0.3998635426421485,-0.8830175257093819,-0.19709832024751464,-0.6126643020295987,-0.47947908505377274,-0.9389110939166818,-0.23075690692000825,-0.6832315957724368,-0.5002187425335589,-0.9079682485635221,-0.2328941835269958,-0.6605664716285073,-0.4636584027813676,-0.8959538315764147,-0.23092750741344384,-0.6835775653615314,-0.4484868930985911,-0.8917071821720044,-0.2239892742641209,-0.6958027596848394,-0.49464430731918213,-0.9657654647604832,0.49464430731918213,0.9657654647604832,0.09596978184865333,-0.9172338448286655,0.19196270787322797,-0.6706422163945978,0.11373895974241185,-0.8191048126398276,0.1406733437741606,-0.6394381203044985,0.11706487267449105,-0.8371615751691525,0.15328897214983825,-0.6405331704910486,0.16115065275557186,-0.5202729766920707,0.20330270466915937,-0.48407055849807845,-2.5081048704439755,-2.5512530070567725,-0.7558093878087676,1.4718859060050906,-2.296515214390466,excellent
-0.0017867532274598392,-0.004640825300517958,-0.011224645177131032,0.023573090029457337,-0.013337289852383503,0.03120888711799256,-0.015562303617470255,0.040449210383165374,-0.00712432052644552,0.012111921898465643,-0.006849366364692768,0.006914350341393084,-0.006797501596916913,0.0032529921706395534,-0.020470195823765875,0.07661512789634242,-0.00273157977276372,0.019986487024719498,-0.0038563528375108016,0.002853704125610255,-0.0007159708935548163,-0.01593659558493759,-0.0573950845442145,0.24728251363803103,0.030879393763003506,0.015241903515327808,-0.013597417823214403,0.7214845398050231,0.19382103685896002,0.6351305381821296,0.041610201527846474,0.3197765684254608,0.13952284168391427,0.20861534821375277,0.04439359383104667,0.24987391609476411,0.14327863866492588,0.18111623506164362,0.049316678673168954,0.24533943878934358,0.1215304740722328,0.18838974001869335,0.04124131518511966,0.26450202614438634,0.11560396956972527,0.19417412288485517,-0.4090343808280998,1.3533737896640672,0.4090343808280998,-1.3533737896640672,-0.017117173977177977,0.26549049255902896,0.04729028725470967,0.07907160698566555,0.13875508894931832,-0.4105071422971397,0.16100193310511712,-0.39740157666212766,0.18758992769177407,-0.4155145357309528,0.1960160884579832,-0.3394920403878331,0.09407064995348843,-0.5862259134824339,0.11474410696520862,-0.4089348660472162,0.29572634670296766,0.5562069367111143,0.27359783409764465,0.02675926081638931,0.4315406569059675,poor
-0.9652106707468594,0.1324747337645939,-0.9647258699322874,0.1842933882755213,-0.9622922402511687,0.1800655638425337,-0.9595325813567833,0.17799880856633277,-0.9744959236748114,0.227930489697701,-0.9794942635377998,0.25270475916345375,-0.9842300499134904,0.2787621607118329,-0.9552740535553154,0.2310468368398457,-0.9951435943865925,0.3578045465168133,-0.9602832768042242,0.10990112110232443,-0.9724229124408157,0.17903004081364118,-0.9280203363915693,0.3553662855565747,-0.9998863431983106,0.41000955435533676,-0.9420720086759804,-0.08996518658716392,-1.0268060558452883,-0.17143604250483835,-0.9343683867731697,-0.7755155320250111,-1.0507095572283862,-0.8774336342316954,-0.9329418177860965,-0.7766871017930954,-1.0490981566941542,-0.8879580449216515,-0.9510785845522055,-0.7996271010827387,-1.033267014312648,-0.879825354366727,-0.9543467078913772,-0.8000096532754677,-1.0301755364896013,-0.8764730268855411,1.021894253673253,-0.18261533524255716,-1.021894253673253,0.18261533524255716,0.8829147106651296,-0.7086239718505263,0.8774806599920235,-0.8032539393582094,0.9565761504145407,-0.5430332012161023,0.9510752365812873,-0.6664800171822995,0.9589163737983207,-0.3680823915530309,0.9517152465893297,-0.4478759688305277,0.963155613872708,-0.7325793904435074,0.9534392203018407,-0.796454871925466,0.9663028345784243,0.848880407924096,-0.7937098660206018,-0.7709453099563044,0.9518515093095231,good
-0.9736781256758327,0.3138039881105854,-0.9728871500011613,0.36669931265051176,-0.9695550563724932,0.3644005967548619,-0.9668675085665603,0.3601299746695331,-0.9855571474496063,0.39946433244963486,-0.9894972944504343,0.4180670808624987,-0.993667749980458,0.43458587998137194,-0.9645617066616592,0.39489360124014483,-1.000874192927633,0.4888677243098507,-0.9657073492323077,0.2804409827453158,-0.9797950693719549,0.3480051688938946,-0.9292624069527997,0.4406902795641869,-1.0013193890751768,0.5067631016835074,-0.9185233210021068,-0.06743682601332511,-1.0245583600994852,-0.06390025268451811,-0.8851344180343613,-0.7906454641857689,-1.0385856075888285,-0.8807891183038781,-0.896814675930026,-0.7924034345046217,-1.030954533150001,-0.8859840102838966,-0.9120996033831711,-0.7997189344675435,-1.0252971854603743,-0.8776450695280877,-0.910016356714351,-0.7976300786009439,-1.0273069016133203,-0.8750790270200484,0.6157150968350309,-0.2110858888639764,-0.6157150968350309,0.2110858888639764,0.8723814553814512,-0.7250441640459664,0.8974280451755771,-0.8306214873155452,0.9488540215421836,-0.5126491318256892,0.9700293873139523,-0.5949821696631494,0.9457032406240806,-0.34980883714433997,0.9694087208594386,-0.35732938037410766,0.9591640067558336,-0.725849155509141,0.9783555324305224,-0.7782188744021553,0.9551323290539746,0.8133520915891765,-0.9293650623944433,-1.0568046354589125,1.6523529061000182,poor
0.4064666728902719,0.358575063229106,0.4123883734006144,0.3209859154631568,0.40973025651117284,0.3222442413831702,0.4078037128754774,0.3222362543535527,0.4241809799010754,0.2977871026665443,0.4304947027869285,0.28674983795888853,0.43805942393638997,0.27530145411026596,0.416619984996105,0.28071365849950075,0.455498452379054,0.2125839470053992,0.399136272397492,0.36914251468799597,0.4154282580025404,0.3468952831599167,0.41912499507423645,-0.20524382303966843,0.5115526924075775,0.1494016551837318,0.13574002140470728,-1.5101609723333542,0.2879743120083036,-1.6489565435503928,0.09289948117507274,-0.7401963292292048,0.37311508375899954,-0.4359293578404376,0.09967813691138923,-0.7004741319710459,0.34720205664139864,-0.3818693756771219,0.11008416515757286,-0.661644902100924,0.3433864485436181,-0.411247421880952,0.13831460187996303,-0.6642949289060088,0.3542525980125014,-0.4335142446766861,-0.6542676571589702,-1.656721456974673,0.6542676571589702,1.656721456974673,-0.5278212638567061,-0.858961300019686,-0.47523336768183083,-0.3760265110123889,-0.545585912629863,-1.4942170663507903,-0.5080865708218884,-1.155449876396675,-0.542918491915331,-1.771569794711079,-0.5032066080539542,-1.4656920726301774,-0.5810609238870388,-1.1003250187141658,-0.5909128058482693,-0.7682178359561337,-1.403170692158192,-1.867915707833869,1.8841242157662623,1.910508892708355,-1.2734750899376652,good
-0.20102482570066052,0.25984743208954636,-0.21271758372014238,0.2750352371016021,-0.21701406460739056,0.2772025397955768,-0.22133065848546826,0.28016822494523275,-0.20244616807878102,0.2779784039110427,-0.1995714056081819,0.2825792444042755,-0.19683588880459246,0.28801100709358,-0.2348875706553777,0.28742564870370624,-0.19714911050321793,0.30623105065082207,-0.20742212298556822,0.2608781339240955,-0.19650800268163157,0.2738567693317516,-0.2728114569544878,0.5730566981086687,-0.21128938690689827,0.316100051316902,-0.1326629428650737,0.9119268017470429,-0.060976336634412834,0.7963291471519072,-0.11798951642806947,0.21552512975068525,-0.04083411926585233,0.05279158399983156,-0.08920519702890477,0.19027232626037202,-0.04207854768003402,0.01867001929412764,-0.09492964174942654,0.16256205038419783,-0.07151809458537801,0.015389637472050653,-0.10752977578310906,0.15665633313293212,-0.07538790571793799,0.02795562817675606,1.1645377398708667,1.3384275124650915,-1.1645377398708667,-1.3384275124650915,1.0474472923452285,0.9446977161746102,0.2643239392708108,0.40270408811383546,0.6010099164252317,0.9886660517817761,0.27982675438960525,0.5258973875581666,0.5822002299140518,0.9962302701446133,0.3148592201866709,0.7137513134020066,0.4897987799354896,0.511682647803598,0.1745721219267048,0.22551219484258436,0.5444495081619412,0.5067174183999098,1.4148329949782015,-0.6718583414185646,0.45046273384850594,good
-1.0177602517324695,0.5723597432781772,-1.016580295544467,0.5813086483564476,-1.0157768213115699,0.5744321691089052,-1.0154570541097754,0.569448585996969,-1.0315671975809622,0.6134092614786483,-1.0341491383379962,0.6299959619727413,-1.0368637589368357,0.6478454835122707,-1.0011725274430736,0.5858967799224082,-1.0378016699764323,0.6987444227033065,-1.0139800416611835,0.5446578459756167,-1.0158832594847604,0.6035531450866701,-0.9669528853611435,0.552109180195091,-1.0328241884937457,0.6518210378735425,-0.8721493510114293,-0.40240644383510843,-1.0928559395488584,-0.39976652435926063,-0.9459800051025031,-1.0101284399498018,-1.025908944194316,-1.0655337495801827,-0.9488412768117932,-1.0045566077761714,-1.029401564012988,-1.066443175054658,-0.9604940189227997,-1.0098086532121118,-1.0210318176000606,-1.0638099325370014,-0.9644896219956148,-1.008526446042762,-1.0155347580984597,-1.0642855570303205,0.9442532145649319,-0.25717139794328264,-0.9442532145649319,0.25717139794328264,0.9448693403274299,-1.0021194819319144,0.9068521827717767,-1.0246938306403541,0.9981108769553411,-0.8591605842661494,0.9893687952571666,-0.8558528802802287,0.9958859054115665,-0.7141402770526081,0.9881673608939432,-0.6516053000153377,1.0085578564658095,-0.9282923594878851,1.0097298292135313,-0.9262807669052455,-1.6430301736506747,-1.6860781927403343,-0.0033649321668339,-0.6170321147000486,-1.4654990599333506,excellent
-0.2179925016030292,0.6831869338357576,-0.22019910996090367,0.6974676946206929,-0.22422100837794567,0.7123003224871179,-0.22800991053370812,0.7273577809565511,-0.2074832372705573,0.6611220379881843,-0.20301115876749742,0.6495875531956538,-0.19869140488044565,0.6382565199189587,-0.22463762351276834,0.7486076792800395,-0.18584674680836938,0.6379165506512234,-0.2261413390890002,0.7178090595943702,-0.21550228531957033,0.671688549023945,-0.269939026728109,0.9346131352281192,-0.16646373493958364,0.6717426573031016,-0.12608934131932895,1.3606889415380596,-0.028714438203195185,1.2924827239946488,-0.16353181894429786,0.4618071898254728,-0.048479155170992924,0.25362974231843466,-0.14977136144096082,0.4084757947563402,-0.03369285997198489,0.22850111742650486,-0.13714887157693137,0.3919017683425728,-0.053922772083474915,0.2432851426532099,-0.1493472320876925,0.40821564945420796,-0.05958207322309645,0.2566834705097877,-0.41018509751850313,1.2699726598128087,0.41018509751850313,-1.2699726598128087,0.23339847826297747,0.38227970601371036,0.2515883307622696,-0.004181735092363904,0.34285690300055477,0.6246962893968203,0.34284874573767704,0.2671926615209681,0.3579996871385794,0.7585903316188788,0.3699719127329275,0.4379466120252123,0.3817873614826908,0.2497784715941626,0.276412683900022,0.0958427258395295,0.5948408840896028,0.4932637151776619,2.008482851714246,-0.24070674491691202,0.27600839238377217,poor
-0.9902114598665742,0.22520544843872037,-0.9901914204848341,0.27635824155011773,-0.9869334962714935,0.26567449778700264,-0.9845471646703622,0.2534472234370402,-1.0010367959549094,0.3194457938919153,-1.0040600158729522,0.3395979623946861,-1.0076720856492931,0.3581911981990534,-0.9820394376288187,0.2841009777158277,-1.0137453419259672,0.4164204649737227,-0.9793852948701176,0.18479565402396128,-0.9934841437760639,0.2521358882093502,-0.9429918501166492,0.3545168672303211,-1.0132302359049845,0.4265615772275435,-1.00047496520356,-0.0700588771755777,-1.0020766337556068,-0.11282377330544034,-1.000032482442318,-0.7654139651648257,-1.007957354630341,-0.8702326600707571,-0.9888128622220562,-0.7686228781472277,-1.0105753249024492,-0.8762325270792103,-0.9985778976227269,-0.780385429753848,-0.997563159963189,-0.8698952104630496,-1.0040358251320094,-0.7823379730596125,-0.991715557662469,-0.8675837048352257,0.6765960107066439,-0.1686215995127897,-0.6765960107066439,0.1686215995127897,0.8939383357270073,-0.7365833251933525,0.9028023696628834,-0.7998308401250459,0.966154795393904,-0.5250265018459609,0.9760975284170323,-0.6184496695972408,0.9638834574136361,-0.38209726417095,0.9772657203514439,-0.39897620646857174,0.9780833139079865,-0.6861108397057852,0.9841716817515217,-0.7741964269527127,1.0255517619712684,0.9486741975829714,-0.7632803942880195,-1.07792243230236,1.065543801702547,excellent
-0.8822487788842008,0.22024896203163113,-0.886145516070572,0.24584630456260143,-0.8821599124685269,0.24520863498100684,-0.8788396059518654,0.24780285624583662,-0.8839939727147762,0.2735378341646015,-0.8846347762047958,0.29057177679328083,-0.8877468127821165,0.311526513002205,-0.8729453459605064,0.28439993880620196,-0.8892396395727519,0.3425400069519484,-0.8713837336589275,0.19667429850737048,-0.8778211981726277,0.23273183773501813,-0.8309334791157112,0.3979061948909359,-0.9087375817869565,0.3862722983707464,-0.7811645499580233,-0.10011344603345758,-0.9480221014571998,-0.26820162576285994,-0.7759548427898668,-0.8225431483778483,-0.9066249249463556,-0.9334755084801095,-0.7924270371105575,-0.8298199651444079,-0.9085678932525995,-0.9042619366069734,-0.8130467195202413,-0.8307231469915008,-0.9059772132772416,-0.8928717180706713,-0.8138948487843696,-0.8281638277307589,-0.9050682597306802,-0.9014509721682037,0.7966500081626966,0.10970558464902501,-0.7966500081626966,-0.10970558464902501,0.8965758242604918,-0.781138083612372,0.866316699676589,-1.0107180573143055,0.9352733505990062,-0.613220035958047,0.9458599042730511,-0.7563898091746982,0.9409000434466328,-0.42378958176150366,0.9493623678722455,-0.49033461839891807,0.9283688365333994,-0.8183732965032285,0.9401734231591157,-0.892917359618758,1.0105945971197983,0.3133741270187431,-0.8970962744756283,-1.224356488559865,1.177266881799401,good
-1.007507210079568,0.2524586407472341,-1.0136640733153415,0.2766853648612643,-1.0110081912640438,0.2681691496782446,-1.0098125354291445,0.2597964480836231,-1.0226123449580378,0.32336582966240407,-1.0251653692950078,0.34810295411273195,-1.0278240722225396,0.3740071987671632,-1.0033183152136367,0.3230524505510891,-1.0241678597955992,0.44857337082798204,-0.9930353410114529,0.22950812233068751,-1.0112726019256841,0.29028710845332384,-0.952359397251359,0.40287838836039186,-1.020515676484727,0.5030164775031245,-0.9615259038751508,-0.05573805088300036,-1.0379457355575714,-0.051404805043593474,-0.9832767439579055,-0.8134384451731382,-1.0108297142834066,-0.8972017087233439,-0.9850222361411765,-0.8169522722261205,-1.012880690567161,-0.9068847138474178,-0.993194061460814,-0.8285046194891844,-1.001473409471622,-0.9043263509149156,-0.9967711915935281,-0.8308218646640951,-0.9977591795903421,-0.9032881285092018,0.7810554683715477,-0.22878564017495512,-0.7810554683715477,0.22878564017495512,0.8921819770209112,-0.7909658974223306,0.8914100333584235,-0.8816841726587863,0.9648037170868089,-0.5497829495370314,0.9669616664939811,-0.6298645207526093,0.9681599985521051,-0.3938007236474587,0.9679418932227278,-0.3807180162034455,0.9805617318488895,-0.7507558270718826,0.9772597733082449,-0.8155059619683882,0.7441594071235201,0.6717868455661874,-0.9009484685366853,-1.045220571175673,0.5812255914483515,excellent
-0.981935951382484,0.10767995496757861,-0.9817838867132552,0.15213082465224328,-0.9795124390217075,0.14845080842756395,-0.9776901828205844,0.14779727582540853,-0.9921772720614289,0.2029267483520123,-0.9951833120660434,0.23208330382942507,-0.9981347677904551,0.2635730722939999,-0.9738329030401462,0.23304016647630366,-1.0043043366259732,0.36864767039600804,-0.9734250761990312,0.09457288744418103,-0.9876839132372884,0.17338652552205502,-0.9382759564133449,0.39569007429633285,-1.0091441995074912,0.46970648823888145,-0.9593139842175832,-0.1277237383734516,-1.0263683674934756,-0.17395613003049537,-0.9920424733527746,-0.8507211885941144,-1.005272943638753,-0.9434445024976873,-0.9871639603327153,-0.856869052080956,-1.0065799723865778,-0.9460990600834589,-1.0002076524320531,-0.8722624540547318,-0.9935699047222807,-0.9467369613344773,-1.0046395081008792,-0.8736899253543209,-0.9924470689016698,-0.9456298933260159,0.8449869671310647,-0.23184624019741065,-0.8449869671310647,0.23184624019741065,0.9012431577663739,-0.8456474644264279,0.89138389626935,-0.9364492473027539,0.965652045168528,-0.6922059719887225,0.9677352655789612,-0.7563147351839137,0.9630651275575435,-0.504382509444507,0.9669568943918864,-0.5219697841545976,0.97584538612635,-0.8023371810057115,0.9745683764856569,-0.8671659431110306,0.7594470557089624,0.6662373779389338,-0.8057979287412015,-1.0551529793486931,0.4536939092935832,excellent
-0.20156428894802658,0.9090001003818646,-0.19717744527419204,0.869403336671029,-0.20039495306424313,0.8566982219782925,-0.20309691765905627,0.8428938122808217,-0.18101655650493031,0.8882496607397353,-0.1725344785099819,0.8898467299354466,-0.1630545725364359,0.8914964649854306,-0.1993117402487775,0.7872871412621184,-0.13837359181956171,0.861684999681553,-0.20826047022843494,0.8753035856974425,-0.1877041379112089,0.8988138278507002,-0.21110662494830443,0.4434632802210338,-0.06552741228946182,0.802137750711941,-0.42461808330980755,-0.8203957433932559,-0.15503898722648846,-0.5553968373895101,-0.5164238130410373,-0.864036337461522,-0.2398614797959542,-0.6657871304192239,-0.47884938174098773,-0.8409127154835386,-0.25393095109627445,-0.6635127156595138,-0.4520219665541455,-0.8512482538432532,-0.2550090676906257,-0.6838355927536015,-0.44585515315503194,-0.8323708398224775,-0.24849266139600798,-0.6931256975541984,-0.5625849870496127,-1.0812652391710944,0.5625849870496127,1.0812652391710944,0.0703279129390969,-0.9509418780876873,0.17181980450984422,-0.6838449992587022,0.09578816652954594,-0.7482586949170242,0.13432806122650578,-0.6511347389814327,0.10965979249492722,-0.7309273129724769,0.15975033409386336,-0.6302435502295158,0.16119005376406637,-0.478954413555967,0.20542325259189942,-0.4529138404163858,-1.8191104641161968,-1.9952452937404808,-0.540499530109325,1.8994273379195925,-1.9426318837834424,excellent
1.5628497935793912,-0.09367358505705083,1.58483646893295,-0.16542426487853576,1.5859892705740621,-0.15774875065654453,1.5880357666934912,-0.15108334454422945,1.5950232037822545,-0.26073753890264734,1.6032761584509678,-0.3167819199996849,1.6129797732398257,-0.3795580307459031,1.6188409413983016,-0.24064625163806638,1.6358640812559528,-0.545954582952596,1.560904585063369,-0.07613136026185484,1.5729106786357363,-0.18683838638496275,1.7237803463706176,-1.0730523006188237,1.7042889791808469,-0.793042833770089,1.3137674638252796,-2.358712696499222,1.3881311130508571,-2.7997569696305327,1.4129221203315767,-0.24523066151483833,1.5359426461456818,0.28644718785389667,1.3767528172517844,-0.3045445463160887,1.4907785876729087,0.3658614782642903,1.3787087232540567,-0.07776659002200745,1.4984625952890733,0.33843427112984253,1.3908104399832355,-0.09511436999881447,1.5237028440063722,0.30751051466370855,-0.656713132576895,-2.3402367924741494,0.656713132576895,2.3402367924741494,-1.5683215851629608,-0.5021049247836793,-1.6008069855226985,0.30783026037483124,-1.7548896199729167,-1.5573431230864498,-1.7515276326640807,-0.9572644682964597,-1.7550915455973835,-2.170748799329868,-1.747778868285812,-1.709519655144211,-1.8599982873624716,-0.8112487207508963,-1.9275956500412619,-0.18802578425655073,-1.2893380644958568,-1.43609630822646,1.7475683985843757,1.5230225429657789,-1.083916681502392,good
-0.06844826891778058,0.6729381614956499,-0.07009246249778094,0.6678324384975435,-0.07397272831255657,0.6820134497486587,-0.07791294503965883,0.6968272559156634,-0.0589824024837251,0.6293873883470099,-0.05600436143577964,0.6141541038830266,-0.05316700763946606,0.5982375277252796,-0.07438622833002563,0.7044339141085406,-0.04075844160085209,0.5755122705390154,-0.07629292531650662,0.7191219213016757,-0.06427773068117089,0.6689794274205179,-0.12093764816039367,0.8405010020919658,-0.01502217841351647,0.5904859079520449,-0.036864712938491626,1.4967231165284698,0.06781365695565796,1.1080044316530882,-0.026655099420314732,0.4618401623468701,0.0526508573252989,0.3012860934498531,-0.009676144532085306,0.4286600982052169,0.07119731600064064,0.27040333712947007,-0.00018884091706368371,0.3994255669685668,0.05773029076381,0.29266277243740485,-0.0004922658867185361,0.4034243721498936,0.05161410721077244,0.30335796992464603,-0.70694136477787,1.2967280907172658,0.70694136477787,-1.2967280907172658,0.04610304829220255,0.38579713026825774,0.08491664728401377,-0.04257599954504595,0.23385098405014623,0.5868372130530572,0.08145173667911056,0.2776870224397432,0.24608911294158126,0.7000922300602331,0.0908177888550123,0.37703327892522887,0.19009889202922559,0.3210144605674039,0.015424028436638353,0.23678697249716163,0.33955474942499825,0.30214425065686995,1.2116394938705222,0.17316193444548045,0.016128044866488916,poor
1.1139933587090713,-0.28782846564651116,1.1341280915226286,-0.3000533163329391,1.1341135094758474,-0.28390381232253953,1.1339778485103318,-0.26595008316905727,1.1372625607686322,-0.3734291615901993,1.1388811718556913,-0.412367479653714,1.1390913315975837,-0.46278519911196253,1.1585163349598486,-0.2774412615419823,1.1640717313475513,-0.569301692236365,1.104405609726152,-0.2337603348484509,1.1167692261291495,-0.3227566807302151,1.1747982860827149,-0.7799799193593039,1.2379330376266942,-0.787596392412238,0.7640576699206482,-1.340019142273637,1.0410675726339769,-1.9126988005275019,0.85746713259423,-0.16546916025631875,1.1809161370643784,0.19785045582480457,0.7869416340976982,-0.15361329122725942,1.1640106002184343,0.2789647337731905,0.8804577609349267,-0.1219509795816743,1.1567658503700937,0.2500735159097495,0.930898454448598,-0.13007075093122647,1.1588387175203223,0.23327746217873252,-0.793242839248343,-1.4404070395073338,0.793242839248343,1.4404070395073338,-1.1865063735161516,-0.32156721789636106,-1.1422310491335046,0.1606468710670765,-1.3004290216689327,-0.7579838848869058,-1.2714638259274333,-0.22645278389102522,-1.3152652186276133,-1.1131261271686153,-1.2851258993660883,-0.6498792385919478,-1.3438418116042417,-0.1664791785927568,-1.3640629574931993,0.22765229789241845,-0.8849754215209243,-0.8601271539004017,1.3775008360826189,1.3905948249772258,-0.8250420799207597,good
3.94197719708666,-6.762388185219471,3.8746344742080767,-6.814327067905067,3.8841809620209586,-6.827799179471902,3.892166230275355,-6.836128875338929,3.8136714815470603,-6.728909151039613,3.7777533894704707,-6.685546089239068,3.7327094232053204,-6.637943158349164,3.842802459876903,-6.8038313424649495,3.6123263534829557,-6.516460687359555,3.9985982324821,-6.753259563579517,3.9226049886910395,-6.651090619287487,3.908859994053825,-6.620889825133748,3.618959785703936,-6.347638681121277,4.240344651509455,-3.654682752289056,3.72547018579871,-2.296064367832367,4.091374023945593,2.834828797492249,3.6627019421148765,3.7122414394059646,4.163328711536927,3.1792986289021465,3.7323271234461037,3.8320217752860724,4.187528194560196,3.3403136646080553,3.8155436997701555,3.7642839600276337,4.17674663324384,3.2156920563553535,3.82408203011753,3.7219299536882193,-0.05363787065815318,0.8405809570452507,0.05363787065815318,-0.8405809570452507,-4.079612893992802,4.6175957861791685,-4.75495285420342,3.5707932096587855,-3.3724304369899136,2.195371054317912,-3.4429563687832148,0.25270083569431,-3.2552422165198704,1.8250974559174484,-3.2794877610493542,-0.449573734988388,-3.4033997863505743,1.9111732236019046,-3.490752842400349,-0.00524465724139612,0.3258225349577793,0.43385137025653153,2.136212014897282,0.36710270364381786,0.25739522027579714,poor
-0.9105099596096687,0.11827269164598257,-0.910999168076271,0.1853638725087813,-0.9092460030669919,0.17833348278660038,-0.9074343630986635,0.1750355854802023,-0.9173820561525149,0.22723814452467694,-0.9202100977985628,0.25220854396753223,-0.9243429348612869,0.27666312558973455,-0.9100579878904198,0.22304483824519308,-0.939492913662366,0.34107901354735015,-0.9065628792963596,0.09651980674942315,-0.9113185355832144,0.17521101951876464,-0.8671509649220595,0.32971620368765925,-0.9449497023264625,0.3546773313874991,-0.8369686421788578,-0.24406566840932128,-0.980780772522311,-0.3487570029084108,-0.8535336050518241,-0.8981814654826992,-0.9542965564511623,-0.9794262688955319,-0.8555985055444235,-0.8947726203588173,-0.9589065021582528,-0.9522385940011846,-0.8764505678038871,-0.8930671907416143,-0.9491901903277048,-0.946473168142937,-0.8805027712075009,-0.8907598973570416,-0.9448883771528382,-0.952913032069751,0.7570379223679643,-0.05288561878311886,-0.7570379223679643,0.05288561878311886,0.8912099465036594,-0.8116932820722309,0.8715528921436583,-0.9101255507808071,0.9478172910200515,-0.6020370507695112,0.9430499308550695,-0.703021059181513,0.9492346043348281,-0.441405978981348,0.9382036958540519,-0.4967312982736309,0.9458677135585247,-0.8179712908715252,0.9524267620305855,-0.8370519162400576,0.8702335378990353,0.44666674860677225,-0.9140710612908959,-0.9703811386459018,1.114126731124671,good
0.6504383562475017,-0.28506103321088133,0.6525702483993125,-0.2882050777554745,0.6505023602573354,-0.27701256658552176,0.648237072782402,-0.26542889083946314,0.6586230268751568,-0.3308932736014645,0.6604614690570478,-0.35207939330059174,0.6622522173766742,-0.37374378574513334,0.650160915999538,-0.29925216251430775,0.6705185708235909,-0.4305149060563885,0.6408105048896202,-0.26215292155720943,0.6521651946457329,-0.30958459603334465,0.5925531455132167,-0.2190304437580063,0.6617129660464264,-0.3838411990280118,0.9600503180163938,1.286395518856756,0.9026112125775091,1.214348219771627,0.9129790899395981,1.2530117206985374,0.860681205478577,1.1458568361960617,0.9772307033711839,1.2467189588580232,0.8739775969793879,1.1117507534490314,0.9596652570347352,1.267586175388529,0.8546582970355684,1.125866143710445,0.9417514185506483,1.2781680182968398,0.849107248611765,1.1478941791634014,-1.0369811538230165,0.9828267210806375,1.0369811538230165,-0.9828267210806375,-0.6129009597033283,1.2377201242184117,-0.5330626385080917,1.2037137211035698,-0.5392392516958363,0.9789297487263204,-0.5655975396005111,1.029564159544701,-0.5030251035063432,0.9645579230068472,-0.5745581132885754,0.9814845666019484,-0.5547835063173356,0.7880869689119604,-0.5931131210672886,1.033300581298401,0.5543145999889769,0.5146663990417207,-0.782317720718139,-0.1923875705960349,0.44453921099478166,poor
0.44707812042573936,-0.21770898350236373,0.44303806405758406,-0.2569975548706827,0.4443174106932761,-0.25207007290159544,0.44616370020014934,-0.24672719757646275,0.4371132000824369,-0.2751181132091295,0.43346993383792826,-0.2840261162678073,0.4292148615368294,-0.2938699727271497,0.45426596312156725,-0.217334755277965,0.42516669677706415,-0.30126050242718355,0.4563538156145476,-0.14671709702929198,0.45156247285158674,-0.22541762693160117,0.4808109824300251,0.006047955793186215,0.53080586179942,-0.1977296009143,0.1744127023458829,-0.11562254413827928,0.3289176095746208,-0.2738509633821346,0.3152200554150542,0.20034836111666512,0.35327579458665315,0.2355747091998284,0.3730731352848024,0.16685239405815322,0.39130435066159974,0.2569959584244221,0.3788101926824737,0.15249779850365883,0.3804044612115354,0.2262016984641266,0.37134361456671416,0.13256589652668732,0.38830519765462745,0.21599980842497915,-0.6980287754761054,0.5229144647496851,0.6980287754761054,-0.5229144647496851,-0.5093794470568018,0.10571028166571084,-0.4751833827809005,0.15694196121210519,-0.5283984248536793,-0.39497715206706896,-0.5364359762591724,-0.14525554125476725,-0.5278531952287591,-0.5115192450733644,-0.554511277969994,-0.3135596503854471,-0.5590594575513627,-0.20165159705156963,-0.5827496514005808,0.11346889695748305,-0.6590843274335154,-0.29559660492289735,0.4944209940019881,1.578820856285407,-0.3556487588852483,good
0.07380609359378047,0.3062163704138882,0.07228562465353909,0.314712067054938,0.06861245736054063,0.32935642939732407,0.06500365357035852,0.3448753203862564,0.08247113092039889,0.2758130528962669,0.08517193461992036,0.26094154629120364,0.08730759904763374,0.2466461326704527,0.0704875427110185,0.36332840571937647,0.09816241470415056,0.23998976800312471,0.06611057880254873,0.3500007578343571,0.07562245245848935,0.30941961283291386,0.029913999112509276,0.4999513299974673,0.11747823492696721,0.2636434694655458,0.1481770932035026,1.1031926408631512,0.21875232340682108,0.9552743546293978,0.10596642161968989,0.5506911258087669,0.1791314063093727,0.4139970086112038,0.12389757835557838,0.5007240198694637,0.199002811439242,0.4039469685465921,0.12028455103600978,0.4706766521713007,0.18018287599629515,0.41174407269240554,0.11369022651118338,0.49314779217233,0.16650236574605232,0.418184082625677,-0.6749672690633707,1.0171437543747248,0.6749672690633707,-1.0171437543747248,-0.14488681397757194,0.33938420231079197,-0.048956833053406666,0.14775355624353106,-0.1406923057196371,-0.03800987330311649,-0.06446345175820828,-0.07541315759166489,-0.13176052142552014,-0.07469381750530552,-0.05820902491746908,-0.1069754099009837,-0.1784437117418517,-0.10758586807804134,-0.11906478830991606,-0.01895570703646689,0.41875734761942635,0.3992974095264424,-0.8626382737492221,0.3096569960523971,0.20944694512384648,poor
-0.15725664983537996,0.8586732468866323,-0.15412548517650795,0.812301891337758,-0.15749643738866842,0.8001021320019082,-0.16036509254604747,0.7879256303759363,-0.1383480655085915,0.8294147907721447,-0.13019596158454788,0.8296601244180843,-0.12101658608009772,0.8302717877682173,-0.16018713143287905,0.7373643970814402,-0.10079254392166993,0.7986779523971269,-0.1624168639578402,0.8367436438701171,-0.14346258968928938,0.8593446663011121,-0.1793507530138702,0.43498126237354245,-0.045326902975409866,0.7991806252298462,-0.4961158326475198,-0.7144059313736549,-0.16305864375567725,-0.4282982053548766,-0.45423176334313237,-0.7843790028588554,-0.2150576902361724,-0.5745772662145813,-0.4376189896791424,-0.7638086083154819,-0.21720481512625273,-0.5816205385084631,-0.4263096357337636,-0.7597947187943337,-0.21440542975609045,-0.6104604867278514,-0.41131753332187815,-0.7556297315241564,-0.21311908910296795,-0.6140266360646175,-0.5446627557968619,-1.1513213797293154,0.5446627557968619,1.1513213797293154,0.012238624904188434,-0.9299280767713507,0.11236415010063805,-0.6016563956883574,0.05530040094572912,-0.7571343201504421,0.08904660853306125,-0.5828058226927848,0.06300215870892742,-0.7618444682267049,0.11192087064433362,-0.6267185865616615,0.10564294595252535,-0.4093043286607496,0.16611365101062778,-0.3968263543821365,-1.8029833957946484,-1.8370601464970373,-0.5828313377156377,1.7275690908085326,-1.82965816987024,excellent
-0.954983349035983,0.2780297642013344,-0.956203595753902,0.32254216019041687,-0.9541862288660612,0.3161155097810923,-0.953033410796512,0.312916915689026,-0.9653195124884097,0.3597748321150383,-0.9707816782411414,0.37797581967637583,-0.9759739679335961,0.4005003411917384,-0.9544561803321241,0.39297855511314356,-0.9882751942720569,0.4888236858350253,-0.9517435915956074,0.27723183419469327,-0.9616457389927352,0.33988770089138337,-0.9308462843908829,0.4825832488580635,-1.0026716264971691,0.5576773636323042,-0.8344988011439239,-0.31986263316116365,-1.1035504438881505,-0.36741157849095957,-0.8981580289016422,-0.966356576982081,-1.0500480414899143,-1.0448685999478953,-0.8988474335576466,-0.97748349272539,-1.0401206782333914,-1.041557225492007,-0.9168928990007862,-0.9873039788259409,-1.0336072473016082,-1.0421441120648463,-0.9165088932707399,-0.9844048816604607,-1.0361435393807619,-1.0421156169709718,0.9278646372983547,-0.1802170637486173,-0.9278646372983547,0.1802170637486173,0.9121252863492867,-0.9627967096793342,0.8766851716055473,-1.046014724790841,0.9695429797400354,-0.8072081180777023,0.9502714789198714,-0.9022915112882417,0.9700028155476137,-0.6594556080760726,0.9522619560660386,-0.6993645085762271,0.9736816085062742,-0.9206859610862206,0.958957287807116,-0.9680632153704402,-0.37040674504952426,-0.5549767267414168,-0.8791034114664966,-1.1585827612430946,-0.6938889454889823,good
2.4613701671956862,-2.9683500350826333,2.438321866011364,-2.9786570354647908,2.447560784922185,-2.9670174366686934,2.4559745002718034,-2.9627174633635196,2.3969664392224783,-3.019521920692278,2.3749926509358144,-3.0373976704875516,2.348902999366743,-3.0618622230869947,2.4439206943207665,-2.928534334627429,2.325102499378291,-3.0441776692286986,2.502555824069536,-2.8623539421472666,2.445448380523349,-3.0492166324200642,2.4901125557195907,-2.6258244963730126,2.313314556976823,-2.6914345995034057,2.6114241409337238,-0.4213179657652614,2.3026962638785204,0.1856135594419776,2.7105583303853376,2.4979088627554766,2.2778660614946156,2.649509273618186,2.7688260381510186,2.5322115167665604,2.2945577074195525,2.665631015239556,2.719522737165946,2.504509021404863,2.2892762953597483,2.6227124146397442,2.7031129149928397,2.4864184493114028,2.2906606871711874,2.611750783310962,-0.08801436277740174,0.5726520934392654,0.08801436277740174,-0.5726520934392654,-2.4936878271054597,1.9151308784406584,-2.4867222456697,2.1153066435398458,-2.818744843611074,1.9142485667382425,-2.8787129751453433,2.2854458008714214,-2.872189444027557,1.6791787577180721,-2.9937631427419356,1.853407265850233,-2.870523717561229,2.5554696174304965,-2.8469736064802653,3.202894460991631,0.12753463472751697,0.3162669786239437,1.040624603348244,0.6267400996273906,0.33913055307438383,good
0.545931240409473,-0.394537153093567,0.5361924504728786,-0.3922981846871354,0.5354018616943056,-0.3798233721605374,0.5346756372788074,-0.3668594379980038,0.5362229955322484,-0.4316714420255713,0.5354013408835112,-0.4444158885366882,0.5333600743269785,-0.4622058917805707,0.5358360748416594,-0.3754533593127014,0.5285857779042309,-0.4911430564691822,0.5455367454253528,-0.37144946535235845,0.5461083005943905,-0.417552884780486,0.4885490878553375,-0.46701311675638923,0.5624727924056138,-0.6319848364812118,0.30081072221636385,0.012512290988812399,0.6155755972204963,-0.6397361257288118,0.41557132026088417,0.05522403382024854,0.7101133393181058,0.3678636083222024,0.28484508144830134,0.17940192295984736,0.7021416194184358,0.41260762885037205,0.37907229908670953,0.24069100595383183,0.7121565326000091,0.42402053273159585,0.4285446917267412,0.18566971768700183,0.6971942896441069,0.41966399634263846,-0.6292780508362464,1.0985098646608782,0.6292780508362464,-1.0985098646608782,-0.6115682902867143,0.386293757773805,-0.5051958328275158,0.26637437308532574,-0.5385764664706255,0.18620944939930975,-0.547878689048776,0.346289580147186,-0.5138843920998791,0.12950053958812474,-0.5397910936395685,0.3547549182048342,-0.5965829593827929,0.26686890867630053,-0.6305827940755563,0.5372342867160738,-0.16205996447937782,0.051786638553935824,0.6757681415806236,0.5260948479849589,-0.09793612353042061,good
-0.10131095767005638,-0.3488232382383315,-0.10880980144965165,-0.3159975279272125,-0.10843211395630456,-0.3077996304863208,-0.10786729023704963,-0.2976434122657736,-0.11346852345889395,-0.31268991975790406,-0.11898990724593553,-0.30745001168307096,-0.12681762346434675,-0.29617650846800647,-0.10587854950318375,-0.221610745186221,-0.13858748530055182,-0.22621667104193124,-0.09574946331093678,-0.32107380898666005,-0.10447222024577299,-0.3160334196951565,-0.08638642540728673,-0.01575299679483606,-0.10452283881542193,-0.24200908580061187,-0.36295771774147,-0.7420451743047543,-0.19192225245897812,-0.8230727474125673,-0.4604009166400756,-0.6536848855235342,-0.137016576435794,-0.5070007430753551,-0.4615914987298345,-0.6411600236522156,-0.1387248724189078,-0.5105044010005656,-0.4292219920356052,-0.6248082858499683,-0.13755701080079602,-0.5247097164898301,-0.4313465081936655,-0.6340770368262456,-0.14420805998447,-0.5228796986431463,-0.23478187110361534,0.13887491626654067,0.23478187110361534,-0.13887491626654067,0.04541436114450473,-0.5015864101341634,0.11618726540672213,-0.5205736049544591,0.16324649873570454,-0.6403580662803411,0.23079736553599908,-0.5986043479221315,0.17850496875215718,-0.6620574632328087,0.15332767904936848,-0.5018917703160113,0.08958699809091257,-0.6575817513680839,0.1370050983756479,-0.5333907515890957,-0.5379432241932769,-0.16055281685412656,1.4391675466740552,1.525149587780488,-0.6064920339652871,poor
0.7983240282911094,-0.8282669179968127,0.796365392666416,-0.8404888042792938,0.7963185828624981,-0.8264926696820718,0.7960983429544229,-0.8134175137753787,0.7935921209156677,-0.8731614612005507,0.7912137569993138,-0.8764151743063948,0.7884212987726927,-0.8773081617799539,0.7972317791757201,-0.8221411391077108,0.7808112818243638,-0.8952410897203962,0.8055075239974457,-0.7971103683002678,0.8048670585854895,-0.836922592342374,0.7668943440608995,-0.741116346850931,0.8003093483227987,-0.8989632907319083,0.9278719197649807,0.4357656427987974,0.9581890734553792,0.41850182541287273,0.9263178725323945,0.9334145837756076,0.8852288724599999,1.0042381209603468,0.9090623619878889,0.9261513704287465,0.850123398679578,0.9776051651031652,0.9157332678397493,0.9702819847548619,0.8588733607391079,1.019571165325106,0.9047818470982422,0.9198825142491225,0.8695310147840346,1.020613976694876,-0.8829203071605946,0.7401140000960017,0.8829203071605946,-0.7401140000960017,-0.7485848212360374,0.9540691582516782,-0.7232271780972046,0.9880016142983612,-0.6778753951567524,0.386564155642261,-0.6881427573188166,0.05221670053355958,-0.6867380731771693,0.2768169364495352,-0.7036812742469679,-0.22274656776148508,-0.6864937388654525,0.23631577195056308,-0.7078990447528178,0.18615062864524737,0.32230922042687454,0.45555562198396177,0.8013942850704185,0.3272335926032327,0.3434485974561606,poor
-1.006596437486254,0.32814916989901083,-1.006422710954685,0.36733683646223175,-1.0016920426820584,0.35818884790839994,-0.9972002110187289,0.34782253349286646,-1.0151200286715156,0.4010436944066559,-1.017658015914246,0.41877264143987714,-1.0203044285566212,0.4380852741110813,-0.990146120610958,0.3820047901813584,-1.0187760724194166,0.5140790495455236,-0.9959158560940057,0.30949486367331963,-1.0069023686957241,0.36697223530110357,-0.9501290927153984,0.45128450531376824,-1.018895485342069,0.5437037015397782,-0.9332211774813101,-0.182385031743796,-1.0501355695824433,-0.17154675266161498,-0.9845195984058036,-0.9214178740168609,-1.012094262020506,-0.9937929069098487,-0.9857772125881569,-0.9270782517798819,-1.0113647238788823,-0.9985561363226002,-0.98672052851387,-0.9351578557301687,-1.004219842392016,-0.9986158878599798,-0.9891274693653032,-0.9354859184371295,-0.9998380447349468,-0.9991196560497826,0.8420136906564369,-0.1528691930128687,-0.8420136906564369,0.1528691930128687,0.9094720844646682,-0.8688578164586942,0.8853558226127756,-0.9650508846353272,0.9765332606499582,-0.6965188409614621,0.9619272965243447,-0.7701108125684948,0.9771928156847335,-0.5342433941833756,0.9635637276797739,-0.5387976237990658,0.9877637930486536,-0.8655309899955754,0.9644725687688295,-0.8833511598830452,0.3744589951952742,0.42682824616454845,-0.8129903011953507,-1.1238065471222451,-0.23689703556771616,excellent
-0.5803081167291424,0.179149265216224,-0.5920075967730243,0.22131215975775456,-0.5964488088226455,0.2167049093667513,-0.6009163367021841,0.21418244943295467,-0.5837980897816611,0.24325913635858903,-0.5826381244886901,0.2591391438228283,-0.5818545483956873,0.274785896970287,-0.6204647913727458,0.2714730855259305,-0.5933339736935854,0.3361793493134345,-0.5909081331661157,0.1715904536042447,-0.5835388032837856,0.2059838265877875,-0.6241542096575796,0.5383816697063051,-0.645384545292774,0.3417235580701354,-0.536987500887898,0.397009777159565,-0.6207044485749962,0.18933412433715227,-0.4373861330611462,-0.4379290454195223,-0.5584062349944245,-0.560656965585671,-0.42631841004798265,-0.4420440250258617,-0.5502593074073742,-0.5391583260680018,-0.43652187448351565,-0.4538109674211038,-0.5661058294576293,-0.5372638562230166,-0.4425818404576886,-0.449876168581196,-0.5579865939917417,-0.5393168418385657,0.8741931737863349,0.46682962765497793,-0.8741931737863349,-0.46682962765497793,1.0433269236686187,0.03635759298811612,1.0101084308957449,-0.12911747152652112,0.7929940226285119,-0.044632563040736824,0.8017900950062028,-0.16829414684427788,0.7766529025001224,0.010803428871775114,0.7795279169002705,-0.06160158879513101,0.7402331151776843,-0.2364612904707957,0.7704050420113457,-0.3648023528105773,0.5109501755835225,0.35442378048888523,0.3897368525716468,-0.9382364160335229,0.34847916970718346,good
-0.9716160001496681,0.361325901830527,-0.9707737336566972,0.40645185536673983,-0.9680125108070166,0.3968586088565178,-0.9654293110988117,0.3823373080540236,-0.9813640049700404,0.44493166748913243,-0.985105615173908,0.4609254751374321,-0.9888384821371115,0.47255295159975963,-0.9614462198989772,0.41307525926734134,-0.996212456431818,0.51678838965487,-0.962580606945036,0.3084963576105525,-0.9756115683872831,0.3808153434137981,-0.9310491828368904,0.45992679850546025,-1.0028665625734252,0.5341447419130919,-0.9043514793320725,-0.0360018173083399,-1.0277214188629122,-0.03541879670995653,-0.8854300554032979,-0.7765327369749104,-1.0375587718272132,-0.8762033069192401,-0.8986886785249315,-0.7809309407146277,-1.0267226935969511,-0.8824915863748801,-0.915178034149618,-0.7886031664017487,-1.019859553937202,-0.8735233559222189,-0.913506722289398,-0.7862598536533897,-1.0228095637330727,-0.8712981865245849,0.6335174855341995,-0.21044461363976988,-0.6335174855341995,0.21044461363976988,0.8748033307214305,-0.7045039895208929,0.898887882031412,-0.8221960518383479,0.9489421194338554,-0.5162985153345526,0.9690054151847906,-0.6041427653178785,0.9457894798692862,-0.35309503222638833,0.9685230653174095,-0.36957754507834467,0.9607601446586695,-0.7269058446709394,0.9755478377377317,-0.7768280245438496,0.8371051091273802,0.7833338338415023,-0.9320040943341174,-0.9825138177665961,1.5967450061529356,poor
-0.01498230506288377,0.6000591938173093,-0.014430938572984602,0.5804463314685973,-0.0182443312137128,0.5772463263964481,-0.02161795290201874,0.5709350268844261,0.0002429434630999888,0.5616041242620071,0.006593845550314513,0.5488424069946063,0.013844915012952687,0.5334307775082953,-0.02080697896009655,0.4901363821708004,0.03106904344719375,0.45839268968307706,-0.035122539310086485,0.5673135923939542,-0.021282867205369007,0.5407369664344479,-0.03663021186707695,0.6517529081505693,0.019637751130982074,0.3951116917556721,0.3252651721563025,1.487073416830994,0.26794182982596093,1.2727306045125228,0.38696216560982266,0.6733849905660478,0.3026324909304537,0.3898460240557544,0.3787864463969399,0.66413900223961,0.2774724862472945,0.3871563077950451,0.3544755694912681,0.6133155930633574,0.254341768182074,0.38827734882117826,0.35159871392505904,0.6056004587021807,0.2577825901475178,0.39082261185182426,2.1079470655973704,1.5423897436178509,-2.1079470655973704,-1.5423897436178509,0.9502303342817305,1.5848901025022284,0.4570876409164849,1.4309141208360634,0.479935124846933,1.2047075735268804,0.3673943462962435,1.030634115641965,0.46506425915402233,0.9950063950680632,0.3901836555241724,0.9606795986555103,0.3204624861675431,0.8874053195684743,0.219298798055255,0.6133494369290483,0.5990524483200069,0.5211076045732383,2.1705545843404574,-1.108728550208943,0.1781352594926296,poor
0.470819848329254,0.4801495157793372,0.4779194276839411,0.42828590776629677,0.4771573906243428,0.43006759425807817,0.47733226903195247,0.4318438128985575,0.4870066977500547,0.39732393266093546,0.49247627625997836,0.3764902350346147,0.49884672249938156,0.355737845799787,0.4906643114880317,0.40471234759183916,0.5100559047892296,0.2900548097059105,0.4692424196278612,0.5092278564209713,0.4778953190077184,0.45620300361980887,0.5296083841785636,-0.04068444810530311,0.5584355056020526,0.3479308515433138,0.22259263816468122,-1.1691298250896884,0.317926926888036,-0.9661488599133039,0.27183384908958397,-0.6792211543977997,0.3397938224518093,-0.19762560441714724,0.20289814550489016,-0.5711343946697258,0.3552041021901058,-0.17593453412498036,0.25096241998103247,-0.4737842339592119,0.36310208720932846,-0.22211614671460134,0.3085582781172964,-0.5225309416505002,0.37413813343367003,-0.23147712652453173,-0.4592094068342517,-2.0019060543077276,0.4592094068342517,2.0019060543077276,-0.5616007784863607,-0.782499528424942,-0.5215915739141289,-0.24647515637567152,-0.5880842968177641,-1.0440184771502623,-0.5919594840038113,-0.6379934963783739,-0.6127413911662941,-1.2260239723217898,-0.6116596184785332,-0.8694801674619047,-0.5900966387661014,-0.6171805582866479,-0.6256993133420894,-0.1993211952242165,-1.4753595376103754,-1.518854661185152,0.6245109599923421,1.8650900931566785,-1.393353870197941,good
0.20762011037356945,-1.0081469568674737,0.1994368731210301,-0.9529716333005326,0.20302366358399487,-0.9429992735752241,0.20613471439001005,-0.9313994889495951,0.18320249476964526,-0.9474856280038497,0.1730692519750198,-0.9356943283917593,0.1620268425762347,-0.9176394185177631,0.21290448868208295,-0.847035386208164,0.1477991041399644,-0.8233784680130415,0.22641823979252,-0.99106885379292,0.20430684833251464,-0.9933823403725605,0.30183003798905217,-0.6108236059857063,0.22899948921543128,-0.8137449381188657,0.042887261593485625,-1.0806720774618637,0.11299124680629198,-1.102385860391127,-0.07960957731854286,-0.6529343234984293,0.1705714680077382,-0.33525731243698403,-0.15274254096975134,-0.6002861962532233,0.1710691924884927,-0.3256831521275552,-0.13006139928287921,-0.6067957282416289,0.18786864095829847,-0.3619935868441948,-0.10704273761891994,-0.6278754467873562,0.1922716173287194,-0.3660964680831989,-0.3460160260300177,-0.48018370662508947,0.3460160260300177,0.48018370662508947,-0.3028528413543678,-0.4683493266334946,-0.3518997362807741,-0.34659631483537134,-0.24289612343385292,-0.9202829047854092,-0.22573939349833055,-1.018200524741852,-0.2464403558935514,-0.9923440716760323,-0.22060877364578468,-1.1534025381632598,-0.3117306326558634,-0.9280685838456831,-0.31009375764922925,-0.8257072101633344,-0.2290822326360329,-0.021159154861653998,2.8641258569079704,1.49829845593375,-0.4162972905346807,poor
-0.9598483051015505,0.29125918572332005,-0.9606420048220831,0.31861378546911845,-0.9582875664534545,0.3129174593467645,-0.95650355702058,0.30966941155570626,-0.9694066615181446,0.372003548277434,-0.9744783821427957,0.4010574050033283,-0.9794424895693083,0.42955448084936737,-0.9557264462828725,0.38114809978353464,-0.9910987026279429,0.5014075091397887,-0.9561757026536979,0.2986141034387388,-0.9664534219868924,0.3578235407153054,-0.9301886596981133,0.4890305042552142,-1.0016844947320929,0.5786375533109255,-0.850259247772507,-0.38074228980800284,-1.093460860654621,-0.42316351595494056,-0.9137267941592467,-1.0113529286715368,-1.0421322771270187,-1.0808728781790564,-0.919839211847293,-1.0177872232416914,-1.03678492231215,-1.0751945181174125,-0.9284393020604061,-1.0294999219967575,-1.028786665615226,-1.077317339723932,-0.9264566803546872,-1.027416359307373,-1.0296434305007474,-1.0787508054011683,0.9755066792432976,-0.16051424512779303,-0.9755066792432976,0.16051424512779303,0.9120762917833165,-0.9939876412134179,0.8622894553427982,-1.1253219110649855,0.9713411600223325,-0.887504564649333,0.9348605459637386,-0.933549051395835,0.9692292635321905,-0.747685373068976,0.9384908983608279,-0.7339026191746063,0.9855174386058309,-0.9821220352589725,0.94015870998747,-0.9780476770416934,-0.6096701280347215,-0.925432132952788,-0.5305613055782166,-1.0879664231541843,-0.9125202638432954,good
0.8171623076969929,-0.35576118354425373,0.8168722504400153,-0.40769421314909093,0.8117729107738821,-0.4199281116259536,0.8063080958336376,-0.43260623460872716,0.832597021243606,-0.40369807467919927,0.8400455559865523,-0.408300380792243,0.8481983402043319,-0.410308553838791,0.791929871661897,-0.5291717917003538,0.8608760400252209,-0.48025044207999384,0.7956417650022345,-0.45373824686673797,0.8204902232249534,-0.4423434190840152,0.6419620539265266,-0.7202918130098673,0.7813084518127452,-0.5019149005478913,0.8446735591214921,0.9208000830547997,1.0326684711667113,1.1962830556531445,0.7441761525193039,1.6235219527377152,0.8540745423173701,1.310311298714767,0.7100836546639333,1.5441429010638177,0.8717502682388689,1.258339057553824,0.6853347698928726,1.513893662089732,0.8290160777410862,1.3034976297189214,0.6880378066848788,1.554950662167494,0.7988425490375103,1.323849919979225,-1.6199830247420894,-0.9855782017237712,1.6199830247420894,0.9855782017237712,-0.9906224393202072,0.6692606915730436,-0.7569410907510705,0.9210935104769917,-1.0320913175440551,1.7225066084371705,-0.9138045390717924,1.9198823447287456,-0.9667933309842125,1.8402319143355514,-0.8508860851638604,1.9971022196053194,-0.8762416925226952,1.7165562347282755,-0.7829888938274856,1.5256327294506884,0.565099676246001,0.6050826211596166,-0.6525523192362863,0.07753325407096333,0.0320236213389712,excellent
0.9823969775581854,0.45452162837563104,0.9920619337011107,0.31622389345313323,0.9886138171554221,0.3020408109059765,0.9861831908739371,0.2866843714181524,1.0118537616958594,0.30813508688984,1.0249869426132734,0.296953971493567,1.0422910695977061,0.2829904747459484,0.9836159630688184,0.19082071798932881,1.0569259823434993,0.12752005548915,0.9677017100495947,0.45372162711126185,0.9979243513867723,0.4220217080925999,0.9658585104068246,0.07789632729833691,1.0718396685853349,0.12159729667786962,0.4799456264591383,-0.6045473976824195,0.6963587828330292,-0.44652543914965964,0.3583353618850522,0.2660785814964509,0.6889082450884836,0.5104705512964999,0.378745227045525,0.2675747780161972,0.6839419163343655,0.5216517676893313,0.41024270261305684,0.22250835781557696,0.7144643899756389,0.4896085898224994,0.41108247667746606,0.2507806723378942,0.7265792178413593,0.4705674676030211,-1.1510898289430533,-0.49183436703734684,1.1510898289430533,0.49183436703734684,-1.102235451220465,0.07054689710894012,-0.9360855162769023,0.33189078901972036,-1.1568938492859409,0.2115522676751359,-1.148182265823382,0.5818180210270856,-1.1418470944741246,-0.13869650976486317,-1.1158160565908404,0.17549315439092417,-1.070319751348222,0.8860024305898097,-1.0266044097992815,0.8927127638606202,-1.073672027292392,-0.9144258345302311,-0.8037276075514614,1.6566459003529102,-1.378321862762403,excellent
-0.8496075748324248,0.2739569961685715,-0.8452038609651517,0.3083602674124671,-0.840568819207102,0.3087441927835974,-0.8357589591539586,0.31152352907780534,-0.8564993321237026,0.34000897666874125,-0.8610683349392001,0.36048622205185243,-0.8659316590458713,0.38354808203337026,-0.8261729273324024,0.39050386665875225,-0.8636382888819343,0.45309201903447643,-0.8327875002124852,0.2651265986297572,-0.8431410037888936,0.32856403692935593,-0.7705648945234229,0.5475292821684723,-0.8612400439586843,0.5639501434653661,-0.6841202664955625,0.18448067755144645,-0.8823944273827954,0.16109297503779768,-0.6654437434316272,-0.6066066598457005,-0.849075906656238,-0.7592883905163256,-0.6707740568522446,-0.609335410619721,-0.8597333335295412,-0.754070422887239,-0.6896621495528605,-0.6053331302040746,-0.8418510075543866,-0.7442484118961138,-0.6906216861875611,-0.6053537554571352,-0.8407199074868509,-0.7510236623299477,0.5938722150267945,0.19064278492980602,-0.5938722150267945,-0.19064278492980602,0.8947094015920322,-0.2226566605847465,0.9305845259814222,-0.4555462162501276,0.8561848323962801,-0.27526138870110745,0.930856509973511,-0.3932080650542124,0.8632609517310909,-0.18124347397509963,0.9254977560933783,-0.23802498389076568,0.8314532750125592,-0.5596664956770183,0.9018402413346498,-0.6148360132104111,1.0731279265405316,0.37267303916947836,0.38639460275472,-1.0625185984693546,1.020661318639945,good
-1.0160697474463818,0.5513692885355167,-1.0055810616806808,0.5545167585446857,-1.0029716660368093,0.5487678273407787,-0.9995620137935262,0.5558351176326354,-1.0233723148031026,0.6055100592170061,-1.0251172199941565,0.6215686536800612,-1.0272701376990525,0.6384199271862144,-0.9897763972821879,0.574133921486782,-1.0266754644893503,0.678095830631229,-0.9975931786081605,0.49735023802484357,-1.011426618305252,0.587420961622475,-0.9598629497103949,0.5345700736743138,-1.0245896177709033,0.6572567009313202,-0.8978241952921998,-0.35241372691694817,-1.0736187535721364,-0.40114520902948597,-0.969503090370686,-1.0085763782524717,-1.0140720242640875,-1.0626656108630075,-0.9711806583986051,-1.0179561508181096,-1.0152426965899954,-1.0676313593781093,-0.9710413895051747,-1.0179175803627896,-1.0134039545512579,-1.0639637799805237,-0.974521603173002,-1.015216983699944,-1.0079115686567244,-1.0650874109439137,0.8706739224929566,-0.17045059135735585,-0.8706739224929566,0.17045059135735585,0.9301004378827702,-0.9831855185063365,0.8992074541841256,-1.0625629272438912,0.994387913801448,-0.8218528759257483,0.9764567787322731,-0.869833518362547,0.9968663107127921,-0.6917441419425152,0.9758993765461192,-0.654126410178657,1.0036016167870392,-0.9476832085589305,0.9903289290612247,-0.9342825858606069,-0.9761167844233092,-1.7943267748831049,-0.18334971757834817,-0.818912688887062,-1.2590972456339706,excellent
0.3431750295530415,1.3637684396988836,0.3511839769344841,1.3086362469949424,0.34727162892618796,1.3294545158827336,0.3436677528957622,1.3502572628776364,0.36726080601585176,1.2359873359039288,0.37442032022227506,1.1975332118782742,0.38206050262405833,1.1538204867336856,0.36334386053194406,1.3191555362977934,0.4042004215975734,1.04020948107882,0.3300512733289531,1.4678046572299552,0.35369609599022583,1.3448231557028418,0.3519943120435149,1.204288599173257,0.480139557243649,1.0207741146887301,0.17760338741223633,1.3799276149433028,0.39689684067776043,1.125082225555692,0.34306240686326445,0.6880238297599387,0.47871935997039544,0.8189203034280824,0.26668144553077966,0.6202420676099569,0.5121307141127781,0.8105100553780784,0.27582975715386526,0.6053547614738793,0.4932305947848177,0.8150928740445402,0.2992893669256016,0.6188294721244899,0.49282607695786057,0.8132920157177347,-1.8268512813346336,1.0197387448484645,1.8268512813346336,-1.0197387448484645,-0.5284873801466934,0.4343666824732,-0.3911704854119222,0.2983203762215994,-0.5529815470630015,0.2758710975913965,-0.4267460892524592,0.10405186240562553,-0.5492009376756911,0.18302367392485058,-0.41010348512134,-0.014206779901352565,-0.6114539914472664,0.4081443528042748,-0.5288750380756362,0.31872520559329554,-0.980144229731904,-0.6895816175097278,1.0817462917973888,0.7650507044040207,-0.9177322548130535,poor
-1.002176418347204,0.18963626538784248,-1.0051939900715918,0.2276254431844213,-1.0033879584291376,0.21675384649344112,-1.0015879635684841,0.21141652141683331,-1.01100921532786,0.2751229744106808,-1.012770866398604,0.2998482382703875,-1.0149762545820256,0.32624507209043463,-0.9928208361000169,0.26619375644865584,-1.011848307629436,0.4076629971436153,-0.9931330273587472,0.15728211300317935,-1.0016551591412877,0.2265677740831467,-0.9407410229780316,0.3639967987290602,-1.011250391220341,0.4317258263988638,-0.986769661813772,-0.08407606859133392,-1.0135992774484877,-0.112995322881711,-0.9908854583279769,-0.7817802222794538,-1.0077904717765254,-0.8848534062737805,-0.9821641043210212,-0.7846557062263846,-1.011648468646658,-0.8889775081521052,-0.9970926876811922,-0.7964942613419791,-0.9985102816417503,-0.8832190005536888,-1.0039321499117664,-0.7994230768095146,-0.9933429722758772,-0.8812706473391608,0.7328329484463337,-0.19710721374151324,-0.7328329484463337,0.19710721374151324,0.8935555137463348,-0.7531613315701735,0.8944907516272568,-0.8293648551829819,0.9635112337665089,-0.5476088669016869,0.9711036268295007,-0.6423519914476377,0.9604364520313693,-0.4022114476539582,0.9736219059798268,-0.42231165742614296,0.9744527724451407,-0.7040916184670568,0.9826612283314704,-0.7908922802891032,0.9789041925263288,0.8402722832454119,-0.8399737691033754,-1.1010122980177328,0.9487127861980533,excellent
0.3920584429588313,0.7513214975661325,0.4088810191497233,0.6533658382827275,0.40595668819123903,0.6386531306109728,0.40289144721675313,0.6229098333482297,0.42694239348062357,0.6534764863553761,0.43802835717850214,0.6432525532803868,0.4502445129313385,0.6343436397168268,0.4078733993067912,0.4929585334509814,0.4789637215363373,0.5186136755906893,0.3793160941781727,0.7263850293176102,0.4033003440601206,0.7334640165365736,0.3616450546228858,0.08604474781056237,0.4770064396952189,0.4114459970346825,-0.03817422066499784,-0.40657304006999173,0.3279829062161433,-0.24523033894624405,0.007605367926712752,0.04797605071063929,0.3162743243290908,0.11024366288647956,0.04757484033528301,-0.0005652814758187748,0.3098465162447214,0.08193836397837609,0.0922062000895499,-0.06179072380958886,0.29419962244074116,0.060453045167706894,0.09774676761017552,-0.03226029040811565,0.2852748653234268,0.06690254169272082,-1.002854373160095,-1.0921003779380973,1.002854373160095,1.0921003779380973,-0.5480737340710223,-0.44859180566605117,-0.392882753604991,0.12667431754697486,-0.5361783114935469,-0.12251152761114115,-0.4766193346869325,0.1187105195126885,-0.5047168963725992,-0.1772036587435371,-0.4407276193832008,0.02908503959061958,-0.4386330460289775,0.4211470941771311,-0.36064648159379237,0.3751106466771897,-0.8660327200048187,-0.8926103587693641,-0.6559177584134944,1.3042825234031625,-1.1775739581014764,excellent
-0.018588519723236684,0.2743254512977382,-0.03131840325231166,0.2826179848069335,-0.03551096672110012,0.29210386261707627,-0.039729209716794674,0.30221950577980006,-0.021257416717293767,0.26237949819461015,-0.018313768207556275,0.25781826026103694,-0.014715622011294848,0.2567091945203519,-0.04746352401084956,0.2998322130898694,-0.008974673091398782,0.2625124986867213,-0.023163523055514848,0.2917982045392945,-0.013796387794395784,0.27687633333971273,-0.0943347984982321,0.5246213938335477,-0.018524146178373956,0.2758070299815891,0.17840555316779338,1.1904272647422913,0.2200680641550609,1.1226793472448204,0.11811081146069147,0.5279486241993357,0.16131883430196314,0.35833444214734284,0.13234935438419076,0.5179950087280727,0.15691802241622027,0.3360558606084134,0.1285024096284713,0.5143543973453895,0.13402959166736816,0.3537352253167822,0.11469249148243062,0.5147435005651373,0.13172682727846124,0.3641146345456925,-0.32614625455596247,0.9776339555121077,0.32614625455596247,-0.9776339555121077,0.042775869362605634,0.21865167479710937,0.09827214590128368,0.19941904089434107,0.026591096179441647,0.6994198113959765,0.08162278777532528,0.5967395306683269,0.015559169599402834,0.8135945920035234,0.06405137049539515,0.7466172822891717,0.025998904504063655,0.5810921879895958,0.06915498051790703,0.5430629093739113,0.7323811684102871,0.6750240263055993,0.25249113796157907,-0.5522029657545461,0.5046060623411158,good
1.0976578816990532,-0.5374085179004209,1.1368417545880314,-0.5712227969347365,1.141205620405064,-0.5645453629894615,1.1465653017202209,-0.5581733880708861,1.1415565491003012,-0.6656009912609864,1.1476497965181083,-0.7258204101843913,1.153901065487078,-0.78933916254866,1.1671491987975053,-0.7118904822052575,1.1772790965557807,-0.9604239855308058,1.0861424020647492,-0.6284720736025451,1.0832559765422052,-0.7271369343570352,1.14747067222875,-0.9167805050097885,0.9856719717159684,-1.115098734541946,1.4093019132355273,0.702202028562249,1.2106420482593736,1.2090755287682138,1.2671892784073415,1.4668496210656263,1.107397586280589,1.6008077811613564,1.1549056613307636,1.5842183088003965,1.0392885184891465,1.599533714826869,1.1010490240591835,1.589618838567745,1.0406676027224486,1.627928499148722,1.1208498761383219,1.5499577807383784,1.0382128498908088,1.643677216649279,-0.13053111268487555,-0.23636584541365724,0.13053111268487555,0.23636584541365724,-1.2980338517480947,1.0940706247230927,-1.0754693624018483,1.4471377831071224,-1.4398742026988958,1.8347598472195572,-1.3382047282381981,2.124430517590491,-1.3830521516940804,1.7020254090284819,-1.2846863508363804,2.039719809341955,-1.1857671386193254,2.2254448843711554,-1.13614784258557,1.9771450978575709,0.41558359376417814,0.5670561691531235,-0.2847020324490946,0.04706963299793284,-0.2371269089703189,excellent
-0.9594220076842132,0.3044076656439291,-0.9588240464187027,0.33204395582603696,-0.9564002287468328,0.3277945142272676,-0.9549124492735368,0.3254408707446965,-0.9686689815866424,0.3754711756892806,-0.973869809098883,0.3997364920855047,-0.9789405902873841,0.4254974189819167,-0.9548675396313588,0.39723540213233727,-0.990997735567889,0.5139723198760491,-0.955943314885665,0.32599423729485866,-0.9663921693677825,0.3816294478711629,-0.9300435591713978,0.5027219480260934,-1.0015740192134956,0.5914641592095097,-0.8637949272360739,-0.3798023298515155,-1.1003443397773094,-0.458760207045505,-0.923510434658604,-1.009047842930066,-1.0496193814875479,-1.0904975733863782,-0.9336921431001621,-1.0198713342308572,-1.0424399010548695,-1.0829082085643646,-0.9373446297538041,-1.031156822583063,-1.0341383816068803,-1.0832425175806022,-0.9341289305174146,-1.0285649160580028,-1.0356254648550742,-1.0841670817235454,0.9593015030434368,-0.16953798127259556,-0.9593015030434368,0.16953798127259556,0.9974188869626812,-1.0022331450846191,0.8652756100033284,-1.1187613821906432,1.0093722811764783,-0.9064188014713208,0.9366347389639542,-0.9213222150273636,1.003662194769415,-0.7600653950521393,0.9400478240409988,-0.7075495881031013,1.014871429183039,-1.0053061886153127,0.9386164991922753,-0.9829090002324004,-0.6329627135086724,-1.2871619053934544,-0.49286136347948856,-0.9083524049865043,-1.0212251848468126,good
0.8210734326973642,-0.7966404912154523,0.8272655015297223,-0.8186417696410483,0.827210586783133,-0.8143159234433264,0.8272100546200052,-0.8120196617966621,0.8245512858804575,-0.8575669906471587,0.8210331846044722,-0.8785461852378113,0.816535209847907,-0.906967535104109,0.8295319324208202,-0.8619302879414523,0.8086802332702915,-0.9818856667273882,0.8211036997232577,-0.8043262962882752,0.8217407461527466,-0.8854610919619079,0.8171034080374051,-0.884697720094348,0.8345517371886498,-1.045394319939349,0.944715911553685,0.2723915984014665,0.9231991786262538,-0.10958201297578518,1.0753595676430454,1.0139426227912032,0.90400671900974,0.8462945693369008,1.1031711560162187,1.019779107075479,0.8904630096293403,0.8236054784985942,1.0546930106506378,1.0017108363159286,0.883036920959595,0.8590010536321151,1.0511148895661737,1.0082585929895251,0.8889262909298203,0.867070255070623,-1.1243173785819738,0.2880013672732526,1.1243173785819738,-0.2880013672732526,-0.8218011006414944,0.6310420369018203,-0.7732433932449297,0.6207673211194944,-0.9247220101833442,-0.2904680045002372,-0.9129687545900949,-0.041981769547555316,-0.920652234850586,-0.544069482662199,-0.9386605921964459,-0.3069409937565426,-0.9638156476061788,-0.2365781406284115,-0.9417337363960735,0.26093103463947703,0.213705351730422,0.3299704775795121,1.5874475567515336,0.2370430180610025,0.3410685412320286,poor
-0.2756808841613542,0.13846569939556128,-0.2893232819563114,0.1700548619044083,-0.29334252723249915,0.17195534497000822,-0.2974320188801215,0.17498413559900597,-0.2803908752739612,0.17686704391729158,-0.2778909211403516,0.18052678397025418,-0.27515997559302563,0.18480799314264817,-0.3109868230610136,0.20342746179038446,-0.2727500449232017,0.2239888816267298,-0.2803748498508132,0.12072841373865538,-0.2687824873452182,0.12527708784888492,-0.3316232463388993,0.4655582644658697,-0.25255824661453025,0.21327610173364214,-0.1375369630176045,0.6908370426533001,-0.11499130239292463,0.14737500194466882,-0.09560454689162595,-0.02240135642583711,-0.05883761399510098,-0.34792415414062783,-0.08861566045232394,-0.028889448557848644,-0.0790006236028928,-0.29791038846645734,-0.09229404118021264,-0.05774123774098644,-0.0898703764047738,-0.2809863905439684,-0.09412736106359712,-0.05629036996092642,-0.09170824756988354,-0.27788232026038,-0.2051796938357311,0.8193513145682297,0.2051796938357311,-0.8193513145682297,0.33103385366670696,-0.15242248319724333,0.35597791441135124,-0.38374113254073033,0.46222318608993324,0.035162314324013094,0.3641395020929651,-0.03157541717726148,0.4556047273569062,0.16257623272804586,0.34677199506844164,0.12650332825741445,0.3662876184586252,-0.03134772155499233,0.37431457661444506,0.003348589773133748,0.6011380140827315,0.33665964357250555,-0.6390266697787771,-1.1467209025824152,0.44875633716807173,good
-1.0224545909774845,0.4511863600117048,-1.0242381430181648,0.49048749016948756,-1.022570728607819,0.48500120154732623,-1.0205480984898458,0.4787470897149785,-1.0283896085994964,0.5224828371093705,-1.0302189749903963,0.5396213755833206,-1.0321482233220374,0.5578295927416337,-1.0064081073826774,0.5078535919731748,-1.0323584329329873,0.6124090716517423,-1.0155800458901685,0.43175670843494995,-1.0214723430348562,0.48816023294303706,-0.9614444739441178,0.5153953751968442,-1.028400324698378,0.6110674902605214,-0.9404746418300116,-0.2802549752553876,-1.0563355633128186,-0.2769682528562725,-1.0002916252590743,-0.9730528158611041,-1.0195548562809669,-1.0472175954001477,-0.9989172385762479,-0.9741964606795301,-1.0117999903038042,-1.0426245347341903,-1.002895535528451,-0.9863649717204019,-1.0047710974509745,-1.0444594873879092,-1.0060644324360655,-0.986880107380646,-1.0058631675769845,-1.045313447507653,0.8763741751268169,-0.1699190638508043,-0.8763741751268169,0.1699190638508043,0.912257688332258,-0.9898386306763203,0.8835245030865665,-1.103864533941857,0.9809743947947701,-0.8530515122716675,0.9632815516485501,-0.890325289512826,0.9829080593852094,-0.6857172159581139,0.9633194252781756,-0.6681024669211494,0.9851861706436239,-0.9532434999815851,0.9662120171310294,-0.9804582090955657,-0.11842752661093713,0.22110152923175824,-0.5410382331619741,-1.0601707129361786,-0.8550457380838736,excellent
-1.015341990164536,0.6963940061883974,-1.010292935201612,0.7181373645602016,-1.0035549437380997,0.7140283907347135,-0.9982117399635251,0.708777641014295,-1.0217663615052788,0.7470720228861705,-1.0256199288079844,0.7609850049491802,-1.029173399094709,0.7758844809264742,-0.9862615471426247,0.7327977719909629,-1.0317691646889902,0.8171450589943379,-1.0019050667038003,0.6978559921638916,-1.0082862305645772,0.7469418553376284,-0.9607038561888152,0.7222619012791877,-1.02802333870542,0.7591267240623905,-0.8712606046816807,-0.2554851703620482,-1.0758790409198276,-0.3480626137448767,-0.9401615957370508,-0.9767168927222745,-1.0141067540687227,-1.0260839769270653,-0.94682828254763,-0.960992796349015,-1.0109905533523846,-1.027251179937344,-0.9506576845424225,-0.9524268570746067,-1.0117977745826738,-1.0139048674606561,-0.9541589953568262,-0.9521283376377075,-1.0085608447002283,-1.0140705231335156,0.8776170630695893,-0.2183184511684164,-0.8776170630695893,0.2183184511684164,0.9322864944813617,-1.013590731300841,0.9129477497146463,-1.1317118434341356,0.9794372029165098,-0.8929314815512357,0.9875540293538457,-0.9485934175920173,0.9767384017713326,-0.7810261695422723,0.9859542298367614,-0.7581021098741196,0.9852312123926952,-0.9575364329117105,1.0066158285923434,-0.9926313182321204,-2.6107961670684765,-3.0126446121603943,0.07174288826331271,-0.5376542116858509,-1.8101843668818967,excellent
-1.0156970680221828,0.1679090904999895,-1.0173995420521063,0.20782005314084762,-1.0122735416719189,0.19917405294120769,-1.00640908384664,0.19251696728365356,-1.0267958608465901,0.26034766667702247,-1.029592996216129,0.28704440582775126,-1.0318961547935421,0.3147734778147584,-0.9963666694495816,0.25983325010883346,-1.0283159437472074,0.4031261177707172,-0.9971940234866026,0.16341564248249915,-1.0118631353686296,0.23229857152137148,-0.9472193206968583,0.41564831253857554,-1.0168265367069007,0.4951829467867064,-1.0038198789900918,0.04890006762803465,-1.0184311732239502,0.03514022522007067,-0.9912673954038321,-0.7076538941320407,-1.0216328501539398,-0.8092990328375232,-0.9821267266481015,-0.7184918536555766,-1.0238664398733541,-0.8269239603681667,-0.9964141207544471,-0.7309184312374313,-1.0131282492369158,-0.8152284381694677,-1.0014850271995075,-0.7329757917026908,-1.0119330762820264,-0.8111868811993417,0.7226178413831056,-0.16334507084236632,-0.7226178413831056,0.16334507084236632,0.8933291186759321,-0.7206767745989829,0.9052304390899031,-0.80706522862373,0.9664894152858479,-0.45222466876649464,0.9767270499689003,-0.5489475988470419,0.9644715449398942,-0.3147040436322974,0.9767688820741592,-0.3267181950503817,0.9772305306029592,-0.6521117890283328,0.9856625349725794,-0.7335173562027415,1.0582178813676755,0.8987143393004979,-0.854200389545357,-1.1057576613857756,0.9348005152134516,excellent
1.8280612382013504,-1.8203176821037075,1.8086008924177246,-1.8929289463814774,1.8153339603653007,-1.8917142663441129,1.8218340328373295,-1.8928706543968061,1.7799658902336424,-1.9181283500055553,1.7661253704150042,-1.9324221735729097,1.7466914931472322,-1.9556231566290472,1.8196737471409528,-1.884508115290996,1.7237099514443461,-1.9950501552745301,1.8599767727586642,-1.7000531018120975,1.821439518088467,-1.8391733714360194,1.8330162021257916,-1.6087447113215698,1.7297648003079953,-1.7282957757571986,1.7399083830591513,-0.10936917885637823,1.6125658506826346,0.05606127717632041,1.8830041299789286,1.7484975156943074,1.63808807685518,1.8678526239324038,1.9799973476186565,1.7576611371064523,1.6717072406392333,1.8780973426569754,1.9432732171603042,1.7339790876594,1.6797208315091476,1.842107368870247,1.9276224452895976,1.6882100749776707,1.6897017198942883,1.8340791302334762,-0.18243223541255696,0.9804866542251193,0.18243223541255696,-0.9804866542251193,-1.855933799722892,1.4924709714449447,-1.8266993801892561,1.4946472391412164,-2.1660053506148595,1.292843771131172,-2.163999934630834,1.402251763499699,-2.207156432051161,1.1182658045309442,-2.252183102205649,1.0422025477214356,-2.184287727663275,1.8710572611993654,-2.1552301127094715,2.2502897445738097,-0.037598681135022384,0.17037899628649053,0.8040854722957227,0.8254642012997531,0.13473231256333065,good
0.8709176691041667,0.40782157597029284,0.8769722540839228,0.33100709955365326,0.874457383163041,0.33343164629709326,0.8720257942483695,0.33644284019556314,0.8885282363653109,0.28587258758940076,0.8933720183605972,0.25358553127642736,0.8977956174224044,0.2199524220045813,0.8848647882302463,0.2512743454693149,0.909835523265484,0.11376809568229515,0.8601847886230688,0.4563379935563027,0.8755358630570242,0.3751542821873904,0.9123443930017248,-0.33317529128909196,0.9465456327147034,0.01741314803169615,0.6778813130045046,-2.0071373399531893,0.6855229963549517,-2.1742261843995814,0.6313591613534567,-0.6632896533937065,0.8094606882568925,-0.1833372268008062,0.6617659589263607,-0.6319761021976319,0.7794868286742187,-0.1210581884896365,0.6069525706987292,-0.5641416236399409,0.8054136471237227,-0.17034420748119125,0.6509308950906098,-0.5587018130736522,0.802714567906105,-0.19252840916096492,-0.5399603392143142,-2.243316106497631,0.5399603392143142,2.243316106497631,-0.9660637878994073,-0.7599193177123109,-0.9597670349062329,-0.005142043458929729,-1.0215346263865897,-1.5410792807203493,-1.0170155181835856,-1.0592357120324387,-1.0202759920777396,-1.917090107706142,-1.0018573830175665,-1.6087101952300198,-1.06577140839837,-0.9685545756374437,-1.1015846756999939,-0.5934674994147654,-1.727652417574688,-2.010763589461375,1.373049019322402,1.5593721503457418,-1.4362678879533333,good
-0.9742685811461361,0.20231520627299043,-0.9738684254741774,0.24090553358587616,-0.9717345293745974,0.23352745260251226,-0.9697538663636364,0.22746323242672015,-0.9834712389774891,0.2882307697987273,-0.9875468314304519,0.31001056193505494,-0.9915159985930051,0.3312065423198386,-0.9677949992269715,0.27450504695716565,-1.0004375293788843,0.39200603207058965,-0.9676924979439151,0.15884415320991754,-0.9795981269806687,0.23443529387508075,-0.9325574090975693,0.33313066979054234,-1.004146977406261,0.4009204125575232,-0.9372389803572372,-0.1265430669936834,-1.0350784115715908,-0.1721552464241398,-0.9329085207988748,-0.8277580258536078,-1.0417294431612165,-0.9197834531975341,-0.9289976022185805,-0.8331189889217396,-1.035730925309037,-0.9245947157286987,-0.940390173167455,-0.8485439028844666,-1.0279441688460145,-0.9191767588339115,-0.945287578760633,-0.8471331108449315,-1.0265903726682715,-0.916252248305202,0.8745164649973284,-0.13256728125810305,-0.8745164649973284,0.13256728125810305,0.8842723389401393,-0.8090728394373105,0.8826464043239587,-0.9091075347695505,0.9557151785183251,-0.5922535012592441,0.9618703623000514,-0.7032525233768755,0.9546749431043251,-0.42821810800347876,0.9619307550688734,-0.4784375457942074,0.9613453663417908,-0.7906689948686378,0.9704297668167499,-0.8466377688672635,0.9132962351678273,0.7773311643302632,-0.8832665762691341,-0.9885822882461565,1.000930875144601,good
1.3341060270835223,0.2447839276727309,1.3438590148210183,0.1518059014225954,1.3417008346595742,0.1552480812521681,1.3395785465071361,0.15863090339414537,1.3548803377451089,0.08579428680397977,1.3592726254595067,0.04080626171742298,1.3627555111662006,-0.013217869376228942,1.353659959505214,0.029013993001080294,1.3758578730626776,-0.18319731795783695,1.3184471157676372,0.29706877003737714,1.334543972527523,0.19033780477472648,1.3932384330400214,-0.6213909322897012,1.4094199512620644,-0.33676209664316437,1.0209078529200228,-2.0362308212426345,1.0789877138658388,-2.4581009409703056,0.9218803013064347,-0.32515190544313344,1.236282510164422,0.12791490939717293,1.0050667020426527,-0.3327700503496975,1.1960878022972266,0.22395435883449621,0.958953241555873,-0.2932959638291035,1.2307101134704959,0.15707367143222026,0.9915122691904443,-0.2823184555732867,1.2322172916983973,0.12692142099636572,-0.541658005482203,-2.3499973848290154,0.541658005482203,2.3499973848290154,-1.4417040475041325,-0.4901507500797623,-1.424193437923073,0.4283692897020293,-1.5543128646149948,-1.593320493370767,-1.5238294864437092,-0.9711129986300575,-1.558043933337843,-2.089512181215724,-1.5054264888132671,-1.714853161602912,-1.6255562416324856,-0.8404723151864869,-1.6606004794432354,-0.3769595121058347,-1.3673857433433196,-1.726219954851546,1.3976514858503966,1.707335431718667,-1.2791589787330437,good
-1.0167604481078136,0.6856855867273276,-1.0102097948832225,0.7067919198277118,-1.0038341765061551,0.7014657237328752,-0.9986538113855044,0.6951376596512726,-1.0220329541443856,0.7356185892437359,-1.0253619119795694,0.7492130823740807,-1.0286838937115708,0.7622632339747659,-0.985892154757171,0.7145047823127876,-1.0319856447848854,0.8008345468373692,-1.0046742245180893,0.6835747853372833,-1.009850961269352,0.7268465819121674,-0.9598342966761946,0.7091705380229446,-1.0274382236330093,0.7503401540130481,-0.8627727285158534,-0.27115667893301004,-1.0740560401129786,-0.34467018985963743,-0.9349532665198989,-0.9813914003987015,-1.012780002870023,-1.0265661693937362,-0.9431033429552341,-0.9647787240861885,-1.0093733417420347,-1.0274175820382088,-0.947410689409519,-0.9588184761061115,-1.010252858957075,-1.0159861251463316,-0.9504605350275775,-0.958331646356769,-1.007884640931359,-1.0166073910107727,0.8640700330007451,-0.2158780419305171,-0.8640700330007451,0.2158780419305171,0.9367926544789975,-0.9751015306155152,0.9155670723560425,-1.089546215401374,0.9821943897914164,-0.8637099336003686,0.9882956459563776,-0.9230391513322115,0.9793115158701109,-0.7549403881691706,0.9871172838281282,-0.7353184481259062,0.9877132327055081,-0.9359570769025674,1.007046393776342,-0.9804982121584488,-2.555081759150066,-2.919542800113885,-0.10969235790939132,-0.5057008843628101,-1.7824585270539322,excellent
0.572176803546738,3.0163856004018687e-05,0.5727718853969794,-0.04719770712536648,0.5679377232335552,-0.05766594382115092,0.5627131489344065,-0.07005861098847987,0.5883695238687948,-0.053225233910867295,0.5957375341170271,-0.06322442939074498,0.6035141800177273,-0.07146087797374767,0.5455032743929603,-0.16864640628515928,0.6108596306102773,-0.15254191935862035,0.5553927222929618,-0.06650005161083959,0.5791109910391763,-0.06517715188975336,0.41273159555270894,-0.30050658917362855,0.5662817795019345,-0.3611054736754936,0.48040480975315425,0.8213444043342782,0.6491055945320632,0.7672084611910456,0.4366447749611329,1.1056637832007352,0.5748760148523356,0.8579712936828234,0.43948283023737067,1.0572369951998295,0.5785653340069051,0.8165952747726842,0.43677837000393993,1.026862527619131,0.5440763502276866,0.8583051639508067,0.4385507855278051,1.054069075341462,0.5257868937366971,0.8693916596401073,-1.5996938504175466,-0.21618615204471864,1.5996938504175466,0.21618615204471864,-0.7372757388591153,0.371728522734207,-0.5352589366962683,0.529362161576753,-0.7482073987220916,1.1076773975803256,-0.6701710450238066,1.2783802565126197,-0.7121979608642955,1.1753685711459627,-0.6286520257503598,1.3096014941749616,-0.6334070286517024,1.291610948089326,-0.5044421385962781,1.0350877979278799,0.4183304252210042,0.39714576981823907,-0.5903032287757756,0.2629286497841967,-0.14239277308659812,excellent
-0.9389539405230344,0.18455183141398185,-0.9428120613067199,0.23881626778229936,-0.9408908868579556,0.23369647639479485,-0.9382902231553593,0.23029924429839033,-0.9484999048087807,0.2941055158699595,-0.9521717110989177,0.3164061412965195,-0.956954740275374,0.3334459714854356,-0.9348084700501794,0.283857953999749,-0.9684938003219692,0.38302125170785706,-0.9331841710468062,0.1385072058738096,-0.9410577460640591,0.20978030588030053,-0.897287547580176,0.33072697523284583,-0.9734087832879045,0.3904144106707109,-0.8988187896429153,-0.20615573596769837,-0.9978623619449994,-0.27057793564942373,-0.8733619930337245,-0.8420233406033308,-1.0306785652150043,-0.9387219806592045,-0.876969859687467,-0.8433798822524997,-1.028954221810122,-0.9377854016909797,-0.8881475902412764,-0.8459421861263158,-1.014113654788832,-0.9254546633238787,-0.8885373773114869,-0.848558938422643,-1.015576244324491,-0.9252373610998821,0.8264516107085905,-0.14284329113562158,-0.8264516107085905,0.14284329113562158,0.8665480644385861,-0.7004841340702892,0.8810982528779129,-0.8357231873546781,0.9429211770538941,-0.5612018063311096,0.9561095806682992,-0.6926341761861167,0.9407608995890132,-0.4138913059329277,0.9604076873404128,-0.41532913283056694,0.9459579221797594,-0.7422088877349218,0.9591435047337485,-0.8152857617310787,1.0631644281506425,0.8250816258508262,-0.8721900758605194,-0.6592843683007932,1.4028696115702455,good
1.2430922443372596,-0.24752397397140855,1.2502992335926637,-0.3208803249328357,1.250508738708073,-0.30305011319227243,1.2508053369525365,-0.28240454797005116,1.2510461659572851,-0.39460674872912577,1.2511206137645716,-0.43496533576950286,1.251054342193448,-0.475970763784937,1.2668079400764671,-0.2941265521741084,1.2513646160587573,-0.5854447749668138,1.244787609866839,-0.18246436562773763,1.2504327847636636,-0.2837591753809042,1.2277090758548652,-0.67675984752043,1.2525603974227655,-0.7665254680575556,1.1431416099111589,0.43555986051998485,1.3124424582909466,0.33631183283898425,1.4212223252267668,1.16095802541654,1.4010573130198056,1.4328845442900142,1.307313523876594,1.0502451924791165,1.437577893205094,1.442423578287197,1.3769163999648124,1.1113651873811425,1.4375786686739467,1.414413972241416,1.3797873650176329,1.0488389373055345,1.429740382422515,1.4259445137292164,-0.9672389692340561,1.7122725013767321,0.9672389692340561,-1.7122725013767321,-1.2047365639233303,1.9778545742380045,-1.1155171797475063,1.5619373908142509,-1.311449729903923,1.8615732792883042,-1.2207734473366412,1.6189377795119013,-1.2962283156304042,1.75918841214377,-1.2382557413882969,1.5772461847398973,-1.3184882347687477,1.7710178645444357,-1.282798713627074,1.627752003125852,-0.20628948206907446,0.12043176979809041,-0.6848365716999782,0.3088449221122095,-0.09787701180405807,poor
-0.9707078013627722,0.20070536347425966,-0.9707841763511339,0.24381724436748775,-0.9688253055135888,0.23692769087291576,-0.9669078124864441,0.23207498646566696,-0.9809381894291025,0.28695126128277537,-0.9853923310970671,0.3083287711772805,-0.9894648976697652,0.3305960606326182,-0.9653487170126013,0.2773106056795489,-0.9981887714082852,0.3825768750523281,-0.9635728984370532,0.16203114124248602,-0.9766520163001663,0.2344850122426601,-0.9322167363616718,0.32689085774005744,-1.0035672493214636,0.38378957025064575,-0.9445424488845063,-0.11676456038838053,-1.0242251340245323,-0.15016110172199826,-0.9308905118142312,-0.8178077482780508,-1.0408699384588407,-0.913756716908335,-0.9330118800451446,-0.8240107398534853,-1.0318680574673127,-0.9180649443293333,-0.946982830606988,-0.8377055432890953,-1.0226927752383068,-0.912629586918406,-0.949288610147547,-0.8366190814960847,-1.0231850586145654,-0.9103145343106127,0.9157585434257687,-0.14598837853498411,-0.9157585434257687,0.14598837853498411,0.8847697646127332,-0.794456908428005,0.8810422824288228,-0.9082205347192359,0.9548651015942675,-0.5761729694737334,0.9599452587927703,-0.690021262256394,0.9522900961098593,-0.40910014834771097,0.9600165562480063,-0.4670361964360546,0.962408150107735,-0.7844960020748377,0.9678264410171971,-0.8361897707861573,0.9776316430955678,0.8734816654246775,-0.8458901157125284,-1.0035483150407973,1.1143668756254728,good
-0.9667117687815916,0.10061963917772736,-0.9689736273866514,0.15667902835828254,-0.9677889980342738,0.15516117809833224,-0.9656269723784552,0.15542132181188317,-0.9757066443305354,0.20124371487877668,-0.9795630475707033,0.2322637312350698,-0.9836516522390064,0.26168744074758393,-0.9643974192208996,0.23561587514265567,-0.9932403377166201,0.36273015160261046,-0.9617841964264314,0.07907661894768067,-0.9702864363342126,0.15278008875138893,-0.9327461178312639,0.33760896613082003,-1.0043558393966545,0.41316627264945865,-0.9297038959801273,-0.1667548202255242,-1.04998633826282,-0.21304291880094045,-0.933727044935508,-0.8448998106263099,-1.0402106668948576,-0.93988579918524,-0.9312439603118581,-0.8477310393332808,-1.0296005010707057,-0.9418230141254552,-0.9421682572831505,-0.8643828753884014,-1.0198335213030087,-0.9426546636245511,-0.9449727632062459,-0.8633033661552473,-1.0203776482577354,-0.9397142998346968,0.9522376853776487,-0.14261326118617496,-0.9522376853776487,0.14261326118617496,0.89848374819815,-0.8366647168074791,0.8818283078337315,-0.9502673991002226,0.9780904603534324,-0.6590650298025675,0.9591934655017136,-0.7480654025154329,0.9756670228607817,-0.4850376187629725,0.9612963028808218,-0.5277086851272496,0.977919688053874,-0.8299855085311632,0.9671375017119854,-0.87854864872043,0.843747139412522,0.6200666023450829,-0.713473242233487,-1.003530880247234,0.8740294275753266,good
-0.9393658644008085,0.3207462758995166,-0.9420637898987989,0.3432519180387918,-0.939996712193772,0.33988929635416587,-0.9379194042986351,0.3407482766658661,-0.9478916581994727,0.37354207956820634,-0.9509375000109022,0.3942281634453332,-0.9545115337479197,0.41698591287590603,-0.9365186006120222,0.3871447219003981,-0.9671392473082359,0.47911348932799264,-0.9361535019069241,0.2760404116308545,-0.9478870159548355,0.33111916981445405,-0.9018756092503689,0.45729776926531207,-0.9769803560949426,0.5024747314777027,-0.8920408988510288,0.060281366947926567,-1.0051380750074888,0.027206817258982125,-0.8926417203317061,-0.7028392955150801,-1.0148028244614868,-0.8256767578653743,-0.8889199770339882,-0.717494876844316,-1.0080011739603942,-0.8356126536771644,-0.9041983432131936,-0.7254536981521109,-0.9990348157716782,-0.8306000650198132,-0.9099275045161895,-0.723690621949527,-0.99822012467251,-0.8261050021250897,0.8548472309596611,-0.1076669121242346,-0.8548472309596611,0.1076669121242346,0.8431914144447616,-0.628966602657621,0.8695459025954039,-0.7765016517142268,0.9208631642448363,-0.49919565192487214,0.9390312997918785,-0.6100786064815901,0.9220410729213333,-0.3459423470592118,0.935671740056203,-0.39693251236707006,0.9330970408875069,-0.6781972425622756,0.9392466640126049,-0.7517506001753577,0.9292914545412929,0.7524306788864827,-0.5491590305506542,-0.8640657046968641,0.992908089216783,good
0.3691988112193718,-0.21745383108893568,0.3687087604643279,-0.2205342632078565,0.36649325701580293,-0.21123405170053838,0.364386560320971,-0.2021278263915984,0.37402440072431603,-0.24810661763256905,0.37484351205667626,-0.25676360179715657,0.37575579967630623,-0.26361078053875403,0.3634795956989821,-0.22155451628893633,0.38038044565240176,-0.2868520832061974,0.3643247708778826,-0.19762973859102975,0.37274943987044334,-0.22909003775601222,0.31339228813654385,-0.10479006674013096,0.40050727689375926,-0.2927731484483527,0.3714058282536081,0.7796660082596173,0.5408864812354849,0.4855868705916663,0.4540578506199596,0.6003209073376969,0.5335616329722553,0.550409073724448,0.47672128323443697,0.5802687245017198,0.5322573599262139,0.5285621278017947,0.48842252241768636,0.5793436244622473,0.5246685039572837,0.5455360600254043,0.4840789151953964,0.5879878907251783,0.528161304833334,0.553815519211501,-0.84726679024845,1.246320758321584,0.84726679024845,-1.246320758321584,-0.41498504302611244,0.7345223386426539,-0.3188349694750917,0.48510810889955897,-0.366508903540387,0.38143346229201164,-0.37402868283121826,0.297726814174641,-0.32990858316142824,0.36074883416150416,-0.37996601373058225,0.294783829492251,-0.4028743240899975,0.201753464099398,-0.39767328099154814,0.3177643683451484,0.2214084871190887,0.3835006561685905,-0.04287458045557216,0.10474315522524592,0.2596056602067608,poor
-0.9767799108303392,0.2540965948009983,-0.9758399410724797,0.2902780899218202,-0.9733999629209731,0.2873548864171549,-0.971029368861233,0.2844643772373133,-0.9860308908680039,0.33702557877054573,-0.9896765179038841,0.3609825358726026,-0.9939116416351619,0.3840148599984778,-0.9677403618760315,0.3465283157496632,-1.0027533791135104,0.4549829104417247,-0.9695537785669461,0.22276692345673632,-0.9819392628391116,0.2993090638020822,-0.9382456097851327,0.4483046465160471,-1.0090369010101843,0.509473839075482,-0.9380411034216676,0.0376086157680393,-1.0387527124743001,0.012146018934338252,-0.9372060879242218,-0.7256500094585712,-1.0414727348290462,-0.8376845422064654,-0.9340219991108687,-0.7349024365291605,-1.035727807716171,-0.8478137194807653,-0.948836785691602,-0.7535354047013068,-1.0266829590705842,-0.8422281517368359,-0.9505230849860525,-0.7537308416878314,-1.025717573665625,-0.8390263248968877,0.8970155027723961,-0.2252769989858976,-0.8970155027723961,0.2252769989858976,0.8856995975139936,-0.7034593348228879,0.8896765848069641,-0.8042326613626875,0.9562193718703905,-0.49757231315161826,0.965491376256431,-0.5963764440744612,0.9518915044995662,-0.34733218024532736,0.9660490061704439,-0.37262007305760747,0.9676876563186151,-0.6717362662428422,0.9720619523339598,-0.7513320235738025,0.8652445798715656,0.7700286077278923,-0.8976550011603163,-1.1012784691994641,1.0330051867046435,good
0.9693861053183053,-0.8463792252250207,0.9706189899791992,-0.7858273105120825,0.9726561139159527,-0.7615151111622874,0.974189530717706,-0.7355715905693796,0.9645850712966767,-0.8633012098480887,0.960828368011863,-0.8935603263372313,0.9565446640257416,-0.9211262702862156,0.9870297923308522,-0.6976252836292413,0.9570195786612883,-0.9367085690718951,0.9784333109497931,-0.8376411814381707,0.9690601108830531,-0.9305425565661393,0.9957627527398593,-0.9083617011257731,0.96764480744394,-1.0840845338681695,0.9764447423768949,-0.6624398442335453,1.0258854922574348,-0.8154152404265471,1.1916824996272617,0.5133466118145847,1.1115327814780112,0.5631283001889885,1.1481971249666565,0.544083713618663,1.071653678579572,0.5845231756464497,1.1306684342106,0.5296973519055049,1.073445326266061,0.6005050743985622,1.1500736135371936,0.5444818510237606,1.0797069939589468,0.6052151440043533,-0.571605200888575,0.04806865668233717,0.571605200888575,-0.04806865668233717,-1.0105280599245428,0.20106838687356093,-0.9827716080077049,0.3888162133770827,-1.0419120498267676,0.3580278014321931,-1.1114298681723425,0.4892139421069185,-1.0382340348572352,0.219008512945499,-1.147503983650236,0.14496473313436892,-1.1131818200084491,0.42868097377115727,-1.1491329907595957,0.797578409607343,-0.2557136649307772,0.07740297022274058,1.0153295143315926,0.3007799740497355,-0.09368695153074949,good
1.8994409627424316,-0.2623494114421329,1.9186153413685798,-0.4623109557283145,1.9153769810517143,-0.48620404765711867,1.912608000450786,-0.5138172609160654,1.9353912565216473,-0.5118499817378739,1.94505936076898,-0.5604252856361754,1.956905951574309,-0.6119172917934688,1.915531211297263,-0.8342070658894303,1.9841682599351815,-0.8841531146380865,1.8811013216717647,-0.39407665783756424,1.9007507132268329,-0.45540310314305527,1.7840469159636503,-1.0232680430458074,1.734271120617883,-1.1004695316851887,2.172653269652109,2.169990623046552,2.1241917484016177,2.596094426167911,2.0320628617973058,3.6281021758345156,1.8432568344011315,3.0032770082890643,1.9506596731057244,3.5716284819575628,1.8365469995527481,2.9688714212674263,1.8961524168483952,3.5199609394621802,1.8003256893925244,3.058940768291227,1.894088253034103,3.5520802795025714,1.758952513582399,3.073614083233253,-0.853367099653745,0.30683315316016063,0.853367099653745,-0.30683315316016063,-1.9601312071675605,2.189744900251873,-1.7485451825905283,2.111838528478283,-2.1786144787072614,3.7927359695943776,-2.0504940033001864,3.9938630842888108,-2.105395526846219,3.8965093367235117,-1.9608282891209072,3.99882055462033,-2.025820879867656,4.178159413461143,-1.7824903323665904,3.409747185633791,0.48083456930243124,0.6435185915637314,-0.6572698623588795,0.05226520147976296,-0.04309184549744356,excellent
0.10915371409086638,1.0914640573323096,0.11315461539952221,1.0353349269385725,0.10974168732375142,1.0469561155693816,0.10680981435497244,1.0561484466074105,0.12658031633460312,0.9760798935897637,0.13280915622212347,0.9449451935450113,0.1403270992062765,0.9090498278583051,0.11148791508624616,1.006089138795729,0.16172611710066018,0.8383932265078664,0.09383877532617232,1.1288657583947808,0.10560652888574218,1.043505004418588,0.06591153256580567,1.214857163355736,0.16835480107963804,0.9635994442026101,0.45361452109155376,2.579549049566659,0.45301222007195646,2.7605217496338437,0.39733512287784,1.4650605803265664,0.41168826703646705,1.151460285360869,0.39204583937711596,1.4330620197207706,0.40605292809239335,1.0948265669184556,0.37453784679171526,1.387803249136522,0.3828687080873419,1.137419193945471,0.37125099514585846,1.393538993747823,0.38258937620850464,1.1559472340972585,-0.5650916643561763,1.1916933132085963,0.5650916643561763,-1.1916933132085963,-0.031187750940679392,1.131730258707146,0.05322105512775622,0.8409785846140584,-0.030478203495748146,1.624969694833311,0.01294350598368802,1.4646407309896936,-0.033230787291577094,1.7557241326020725,0.004797760266276902,1.6047045447589654,-0.0534461939040097,1.3427989463666055,-0.01693783051690744,1.1486124761605734,0.7494527940425909,0.633844258532865,3.461088750236612,-0.8049501313219469,0.3407546564710657,poor
-0.38366669983817314,0.41085846686899086,-0.3653538151764897,0.4826315646442245,-0.365536712534193,0.49959837772352383,-0.3653786674541856,0.5145112070110928,-0.35968972763096485,0.43740357875448554,-0.355840533174584,0.42111572451909535,-0.35082306684444237,0.4054120689688107,-0.35444802098480377,0.5354777157420549,-0.32897289224439996,0.4149671079806116,-0.3920989507333292,0.4231223631845992,-0.3831536789413221,0.3776599045387071,-0.342865759984512,0.6461106869032367,-0.3385539609667634,0.39973711457748234,-0.15972086872730012,0.8195232633190087,-0.16691285094115804,0.7454529616688109,-0.24065810990251457,0.06211677104193183,-0.1984907690067374,-0.10357206538847658,-0.27834004086935504,0.07722459211878982,-0.23159508102540635,-0.10770732628641275,-0.28219725275623986,0.06247193093256483,-0.25276053519955677,-0.09205059252367326,-0.2795759304865397,0.04979906402482409,-0.252269775299753,-0.08349059481824164,0.11893079543986909,1.0766649123074004,-0.11893079543986909,-1.0766649123074004,0.2794438122564253,-0.016757516045417885,0.3334781957765908,-0.31295897263039335,0.2916326156625139,0.37690983675687384,0.31397999894414225,0.2851631373243486,0.28246004791196533,0.49250843823891566,0.3268398013476558,0.4453677283194667,0.33442289676908105,0.2500621515839292,0.35590672861273737,0.11067277413127981,0.8148495373635286,0.6799878990568962,0.122022669379724,-0.6587450520199052,-0.20339224014940605,excellent
0.060085180403377556,0.9890220448926449,0.05977532761771909,0.9435830659464997,0.05554695168788663,0.9546896830276647,0.051776356218674546,0.9640168185653001,0.07415736399997039,0.8924463567191788,0.08004168647281922,0.8655648353096326,0.08691496560459473,0.8346986015889118,0.05429819052984349,0.9326306151052899,0.1064089638767791,0.7774273160245856,0.042176706007027415,1.00702527424662,0.05677288512837858,0.9407584133190593,-0.0010591289682139252,1.1207532553220452,0.108698980122296,0.8719070451365678,0.3667597610098899,2.3092404970277585,0.3870314887599285,2.4983026470948606,0.32311574349667854,1.2359298270532462,0.35102200350834,0.9781813408162581,0.31674167490276983,1.1975800898425613,0.34643762898436303,0.9239013221562172,0.30347355705192885,1.154979949902023,0.32068992048901473,0.960976839473903,0.30168247838558226,1.166347648089483,0.32417895228817534,0.9786914905530313,-0.4460646307585481,1.3510192090617237,0.4460646307585481,-1.3510192090617237,0.010818498031247221,0.9288065222233138,0.08989808713865818,0.5576914169593242,0.014491035965343787,1.2987586492748686,0.05816676640953945,1.0093131927227998,0.01414477023471996,1.3958705784081835,0.05790371469884289,1.0888403680495846,-0.015761150622716602,1.0536890495806892,0.013093495847863299,0.7976324117599665,0.7495465615244565,0.638542193205062,2.8371602488762764,-0.8825202399635704,0.33616386152038613,poor
-0.9766091062539757,0.24490007445247386,-0.9758267693126595,0.25513862809220617,-0.9714160650559156,0.2661746248928804,-0.9691129391021895,0.252725713544407,-0.9857466126070887,0.3224558258528886,-0.9890542230300201,0.339953576395279,-0.9923950777626018,0.3496377147035331,-0.9664825362563473,0.29406896967155205,-0.9997380242629457,0.40717248244291715,-0.9677697722224055,0.20396745255728338,-0.9813571671099167,0.2780707279475157,-0.9335425585851891,0.38274950391841367,-1.004071801933084,0.42481415114178583,-0.929088426748282,-0.05868259720029225,-1.0339262678041035,-0.09446606259809764,-0.9184685790978919,-0.7734696201018022,-1.040968558461178,-0.872723966849167,-0.9207691868296846,-0.7788910437867045,-1.0302914393515172,-0.8789941806472258,-0.9410286502084537,-0.8015486779667951,-1.020361180039684,-0.8721534629272796,-0.9398320927861018,-0.7992687568932072,-1.0230303490826376,-0.86991637395755,0.8772930221370413,-0.15816767619863187,-0.8772930221370413,0.15816767619863187,0.8870411761891946,-0.7497521390570018,0.8789889276540089,-0.847261228763869,0.9572166403014695,-0.5375578010121246,0.9606148537317134,-0.6443252867179524,0.9518306620258679,-0.3818228550755836,0.9601842155873275,-0.4030575301676454,0.9650184436488989,-0.7312432395292104,0.9699458460078056,-0.7905852634938813,0.9071370208326687,0.7915186870991644,-0.8947763276434054,-1.1418670560544235,1.0275362066330371,good
-0.3721161036681123,0.40495880518802796,-0.3781199267555465,0.4458583942264289,-0.38120764143528163,0.45795640944898613,-0.3841755038754206,0.47048762799402666,-0.3698188857876716,0.42770660455344,-0.3672930012626541,0.4250964141010903,-0.36520151104354376,0.4252008551136409,-0.3866617094743284,0.519496949374132,-0.35725734494845035,0.46177905521151147,-0.3770520528976292,0.42120456221928004,-0.3720622152854849,0.39950430831967393,-0.4333575223783681,0.7088053904357542,-0.32944113161939753,0.4489592855390138,-0.40888509896465086,0.7000578480243045,-0.2291306537223759,0.5683158618729646,-0.419471894764962,-0.08955626642889639,-0.256127487246067,-0.21940859708981647,-0.40258537579345344,-0.14136405274713315,-0.2548234929168487,-0.23738350511085116,-0.38048255849313517,-0.15269538716627934,-0.2759388520738996,-0.23798213283560454,-0.38806526260004404,-0.1373388454791869,-0.27835687027289413,-0.2299915962476196,-0.38169883776905267,1.2355848240184202,0.38169883776905267,-1.2355848240184202,0.33111402870934875,0.024664990928757832,0.40081170350975465,-0.5555529412215263,0.47261366777186453,-0.0104307806848064,0.49193378836049095,-0.375350651747201,0.4945012234175271,0.0747518107961383,0.5143836351926139,-0.21484976972750988,0.4173685364532423,-0.27776435619727535,0.4289881444675801,-0.43287877774537414,0.42080396883810034,0.4885589413792557,-0.10074647716380934,0.0830488478746422,0.2333065194930004,poor
0.7451179477077826,0.8877833667193287,0.7763407716799773,0.8210359670545526,0.7747653161782532,0.8065344305683692,0.7742654119557952,0.790411321036307,0.7984261703062623,0.8064284490701028,0.8132082808699032,0.7841915693482121,0.8304075747090623,0.7588698829582764,0.8046475358015602,0.5810670109159523,0.8846526880265646,0.5452024023228027,0.7319976146694268,0.7950105488759222,0.769285060893887,0.7780644874543492,0.7799960522120402,-0.15115582185356305,0.8859740056272609,0.09627565069594203,0.39432646738311133,-0.18971236074361483,0.5911603052801776,0.027506851565888266,0.56112510500757,0.3494139758020814,0.692814498307306,0.6110842420427192,0.5087043337739533,0.3505566462528244,0.6788685023510578,0.6420567053667152,0.5199910189928881,0.31104419529371063,0.689327395566813,0.6199616576318716,0.5378597126962495,0.32888647462733056,0.6921767243022378,0.5992537767229038,-1.468736495893043,-0.6072468924125612,1.468736495893043,0.6072468924125612,-0.9528056737276883,0.1999704246477034,-0.7292794659123395,0.49410310526457374,-0.8892946249720057,0.5015632557418368,-0.8081378609784433,0.8452761994461995,-0.8486659043733291,0.28931226262717324,-0.8960968439679555,0.7215567020305766,-0.8036744456050513,0.9754278210194827,-0.7080518969938503,0.8749839976674012,-0.7262230293659958,-0.6430239673766835,-0.8819203276200291,1.0699867935836125,-1.0199730321529124,excellent
-1.0029730744540064,0.19270244742269002,-1.006506774437657,0.22811885713374902,-1.0026565295669847,0.21848124148383358,-0.9995069938068762,0.21056209693549624,-1.017255630292991,0.2727071358031737,-1.0189871315022792,0.2973768421448773,-1.0211822800762005,0.32443543321476304,-0.9953541795290352,0.27334946195816995,-1.0193451900790964,0.4052047879121944,-0.9869371249907694,0.17522875212659694,-1.0032149484641533,0.23193913207766104,-0.9454320319372358,0.41350262836549684,-1.0152838486067441,0.47720463825655846,-0.9996681137782129,0.055842032002560604,-1.034284640590786,0.03287541361851079,-0.9970927556032425,-0.6874498208969825,-1.0469387731392432,-0.7978617869355129,-0.9893819977650984,-0.6768189187826353,-1.045603823986615,-0.8110761309997992,-1.0088585929068736,-0.6924634928761969,-1.0331367788298074,-0.794187202747614,-1.0117610963635364,-0.6991549957610752,-1.032181720730723,-0.7913773451807978,0.9015483945607694,-0.12343320558921471,-0.9015483945607694,0.12343320558921471,0.8915295357430423,-0.45007415584426125,0.8737318408883836,-0.5503559292024858,0.9605255120566673,-0.44769867476306074,0.9584622795460326,-0.5564852470296414,0.9603126491516081,-0.29651483922812205,0.9569765423948848,-0.32285473467484904,0.9735458893472102,-0.6340466948580716,0.9510871725431,-0.7580814957274299,1.0201599581783325,0.8797699780194739,-0.8043845519054045,-0.7691944692427033,0.7438869194070717,excellent
0.8475251312042851,0.43278567126427575,0.8644548538203742,0.30031459335152555,0.862360347928453,0.2819874235102248,0.8615423964496387,0.26319619965693464,0.8855511484466718,0.3042963890121744,0.8999706844690616,0.2952616166191204,0.9180099836033367,0.28463751734296666,0.865173658475588,0.15502513776591295,0.9451187834607752,0.14169597657051128,0.8371670941420498,0.3969029724390634,0.868786868257985,0.3867027573720587,0.8793097324255802,-0.10946844486610624,0.9864515007575475,0.08800695601542338,0.4165019572233889,-0.5861556336074096,0.651299879707514,-0.49565859003477863,0.3163715773183801,0.2687567061386671,0.5623988058017119,0.528408154283513,0.35119080430003013,0.3307378415389129,0.5971335802066624,0.5460956884233307,0.49325494650660534,0.35149338127844465,0.611328057109559,0.5050646882076584,0.38451434340003815,0.259537869062754,0.6165704925138179,0.49850181225478984,-1.2097600311518808,-0.8941132603793187,1.2097600311518808,0.8941132603793187,-1.061153480046283,0.02768567354450013,-0.9026272685160329,0.46107799309782777,-1.086245782419339,0.2718288418032563,-1.1008047172391109,0.6456012888014594,-1.072546023680989,0.006045679301036037,-1.0668132013544414,0.29649629308108316,-0.9938733477849977,1.0042702638730734,-0.9790632580220955,0.9935258564977554,-0.8417293844942636,-0.8103993086681571,-0.6628355439612309,1.725966639560147,-1.227837052441725,excellent
0.18932493273305406,-0.13310987334297708,0.18697928065992536,-0.11948035823208814,0.18372423855007297,-0.11754311995327388,0.18123379870736434,-0.11770501772095693,0.1963804013387322,-0.13655901444113747,0.19907776645007055,-0.1450621021753261,0.20206678518460097,-0.1544262490519366,0.17730889290158972,-0.14542126665459407,0.20394351867148797,-0.17778196699452817,0.17962008636927487,-0.16769542598095546,0.18887633669049686,-0.19323830507958248,0.1367903307335921,-0.07447811513832282,0.21667263751495078,-0.2856240057202111,0.20512556651542066,0.5093405339567664,0.3778250212153714,0.19085370167487017,0.27767390180956497,0.18872545056541687,0.3579946803871146,0.22674975457693106,0.2868935107028885,0.22933579719459848,0.3509418105178722,0.19952462625673562,0.25662788288052574,0.15297689849223134,0.33411274531892415,0.2166489384597129,0.2791901549778053,0.197162074208703,0.33923405649312194,0.2278604318344596,-0.6879558570460018,0.8339052481935095,0.6879558570460018,-0.8339052481935095,-0.1776903518548024,0.3249000906501043,-0.10474433224491829,0.14275682179077684,-0.1481425345406721,0.371757762426583,-0.15692275850365484,0.22589767858767665,-0.15840882908191026,0.42518622753711155,-0.1670585600973511,0.24967689915026337,-0.15999227741023664,0.27928375719745735,-0.15881978061122354,0.2890660343947231,0.22463990160227282,0.44128544996307495,0.0189549323676707,-0.016084613445932736,0.2305873800803238,poor
-0.9513736964648385,0.243426159774492,-0.9516676503986284,0.2885415384725907,-0.9490423892401524,0.2864614658333553,-0.9474512059134904,0.28459074914464483,-0.9602642903687619,0.32999231093330306,-0.9656482216817875,0.3572553219859361,-0.972080266231517,0.3867589643486561,-0.9480633024377614,0.3539393263636082,-0.9885980808972257,0.4802016294166728,-0.9474924304366148,0.24835254971515885,-0.9583757596689431,0.32125783091919613,-0.9318740390227712,0.4584869906168348,-1.0035915584986486,0.5251331917729684,-0.8270633026090389,-0.10863044262989117,-1.092626561394578,-0.12418050992126907,-0.8777397126203259,-0.8055206803258225,-1.054066082771743,-0.9017087116012885,-0.8926564103320803,-0.8083649877673283,-1.0412280022769886,-0.9040433924865188,-0.9103446175026924,-0.8201895843142429,-1.032320507970256,-0.9010775934462305,-0.9077365574463371,-0.8179403548505811,-1.0356954739455688,-0.9005816466149722,0.7024922508447184,-0.22501676666353074,-0.7024922508447184,0.22501676666353074,0.883082345262727,-0.7894982666062219,0.8977530833755499,-0.8944931231127347,0.9547980359429844,-0.592957342794595,0.9682744531962681,-0.6758450498714992,0.9492698828798402,-0.4347236249833561,0.968066035981615,-0.4537344343284377,0.9618886431287269,-0.7710703444235661,0.9781304718268752,-0.8288620000045611,0.22390852886415769,0.2177121552247048,-0.9105141147520017,-1.1292965698953648,1.155831112307799,poor
-1.0128911358436172,0.40151962819018683,-1.01492772553486,0.4469826266469734,-1.0125787367127705,0.44184504036857847,-1.0096887273659598,0.43601191087417757,-1.0202776586306979,0.4775369453488267,-1.0225594368189983,0.49485086770107406,-1.0250196569676389,0.5140287347463773,-1.0018375396157617,0.4731196179174184,-1.022540585612111,0.5753014230708228,-1.005665512085289,0.3853471860334059,-1.0134091526188236,0.43757287267793926,-0.9507155791896242,0.495342487960693,-1.0198692956378326,0.5710124633500329,-0.9326394116987881,-0.246895205429201,-1.0514185406336078,-0.2534163239529631,-0.9953864423307209,-0.9474466544784835,-1.0133124929807762,-1.0264621338292084,-0.99520979607542,-0.9513828842383103,-1.0099344306074816,-1.024559423543112,-1.0003946096533614,-0.9652892677415779,-1.0013479473169877,-1.0271177587129734,-1.0021789308597007,-0.9669959961355483,-0.9980424210950256,-1.028288925941611,0.8459284512260323,-0.13223705279584388,-0.8459284512260323,0.13223705279584388,0.908250958937789,-0.9613398708655572,0.8843445670508027,-1.0627733468322804,0.9706904890689321,-0.8030248881533449,0.9615046768030125,-0.8475027435171512,0.9673141927821122,-0.6349107091034272,0.9613630382186256,-0.6171243910777505,0.9778758243379161,-0.9112090843096933,0.9611655146076611,-0.9498266075546061,0.13011096973293873,0.311690678190526,-0.8349803104653162,-1.2116968912337054,-0.5633116897460476,excellent
1.211121333115206,-0.6071748256492511,1.1808364131809816,-0.69661326300082,1.1761813076424679,-0.7030574100202357,1.1704648945473042,-0.7120225953531348,1.1907063455482292,-0.6741920652577397,1.1956194328407919,-0.66131090057693,1.2009585861037855,-0.648229987212162,1.1471407364247832,-0.7346789751340749,1.202371544256732,-0.6233931639135182,1.2162652460705214,-0.5666510976509717,1.2301775306842018,-0.5352238065108069,1.1470708290481715,-0.5917648293229494,1.2156852042821693,-0.36522974375675243,1.7210312087822808,1.7957096327606084,1.407421560368096,2.187794822400633,1.7139873867626174,2.235019462737499,1.310971445750191,2.0371440278212263,1.754413247308605,2.2518369688515016,1.2694920853445628,1.9535634997491222,1.6932767751078734,2.248912812371472,1.2627968376597654,1.9788899359000582,1.6762452279094477,2.238891704516793,1.26609950286238,2.005508984568801,-1.0425596114138622,-1.8478284367989595,1.0425596114138622,1.8478284367989595,-0.8845686059690112,1.3574868116533965,-0.9455715642250226,1.6749456928388566,-1.0397840185605076,1.8122113905399835,-1.152651259101937,2.005808900045757,-1.058926759670774,1.8049138330073784,-1.2124712938164972,1.8918857899794916,-0.9676779779639221,1.6168085331583057,-1.0393778660485251,1.9789920432514443,0.5494078076642736,0.45274902953927076,-0.6213990689178833,0.027103307409369563,0.6705491866967646,good
-0.11971552009342704,0.39328021334821706,-0.13114676540891068,0.4016733320608165,-0.1352427131588018,0.40736641331583623,-0.13943270709254196,0.41384222727203485,-0.12082902178608768,0.3919733455504088,-0.11753289575390559,0.39184663663734054,-0.1142253794481641,0.3928860068916931,-0.14818870032713222,0.4146262447352256,-0.1104512916357953,0.39950367155120126,-0.12481429890672116,0.41089830144271033,-0.11410161949969808,0.4059344995855563,-0.18563607426804216,0.6693077123849234,-0.11000944750631005,0.41188671016295986,0.02494888588828507,1.193326437693998,0.08667170085786796,1.1602811267176638,-0.015459245631810236,0.485778942788605,0.042261816539543556,0.27697539942187677,-3.449246774059574e-05,0.46179184981431964,0.04032967507084224,0.25124559739133473,-0.0008256558531363737,0.444709011863726,0.01792327595623353,0.26383662975394717,-0.01151837879225573,0.43973895040526556,0.013101288258794832,0.27544317240615857,-0.18306124223791678,1.5415356174767127,0.18306124223791678,-1.5415356174767127,0.11095754568434937,0.31163574615990275,0.15524758083042564,0.2087907498836113,0.09912519933862045,0.7783323393335164,0.1433553122859819,0.5734266239314493,0.0902474706689585,0.9146995205534231,0.1287688239617557,0.7334183370758505,0.09421918587173853,0.6216449144155658,0.14178692463457795,0.4109742700567959,0.6753333614050029,0.6328963112939847,0.8740736604894886,-0.46343352060764426,0.522579712300862,good
-0.9690945870048591,0.28590661022682357,-0.9695177383325392,0.32634315769838884,-0.9666548298686651,0.31957410640528544,-0.9638108850908218,0.3138377687055955,-0.9790173907958376,0.37200998848461014,-0.9829125223137433,0.39410908101649644,-0.9871309565107089,0.41532310546995305,-0.9606074382084121,0.3581169445001783,-0.9973658583345762,0.4683266575294195,-0.9617210613220735,0.2366966300535975,-0.9726491248500375,0.31037323086844293,-0.9359341349365682,0.4233483355149501,-1.0069415953320078,0.48141202500759017,-0.8948545032263961,-0.11265879745347376,-1.0497397840953209,-0.1256655495476438,-0.8912906440731148,-0.8261279361852678,-1.0449611478926877,-0.9195487795457951,-0.9045202669544196,-0.8260635816223098,-1.0353083067007984,-0.9216813170875823,-0.9184690265034022,-0.8413690824964648,-1.0290134803266198,-0.9155583659367079,-0.9163984036312078,-0.8394328771413871,-1.0312195827315467,-0.9124719127240606,0.7159629396921506,-0.22162997088761296,-0.7159629396921506,0.22162997088761296,0.8762956678955459,-0.7713276457101348,0.8930421810680059,-0.8716629465484258,0.9487036190297162,-0.5806178643732934,0.9660678114850532,-0.6616874100700584,0.9461834553732126,-0.41416419346266575,0.9661019692524604,-0.4303724474078563,0.9582260072484208,-0.7869627209131778,0.9723769920772019,-0.8294730397170058,0.6988275385759617,0.6431111257590717,-0.7981533740878728,-1.004297817444086,1.50353243698133,poor
1.1796676089020262,-0.5693942022748496,1.190782994828939,-0.672119127168793,1.1866568334010206,-0.6901761124024361,1.1821081643766553,-0.7089530628269621,1.2071865483733109,-0.6553288778662341,1.2156129357423548,-0.6595231858710708,1.224843452186612,-0.6617353084047799,1.1587216847406174,-0.8861551807974632,1.230647526470278,-0.7721928304033361,1.159773273358823,-0.6243652359649761,1.1873524214690225,-0.6233897196052381,1.0309700024364228,-0.9692096906867075,1.1268696095499782,-0.9000406965070844,1.0008248016302106,0.8591693906487781,1.22583691741847,1.0513971590702198,0.8862694865153082,1.99161643253564,0.9956506116022372,1.6793490735176293,0.8727995498327534,1.9019783656557496,0.9749160973249357,1.656929885457756,0.8757728425312655,1.8484362832118106,0.9572372693762734,1.6853622604515412,0.8720457738641463,1.9072528748488116,0.9329051181164374,1.7024257050610943,-1.682349591128067,-0.40330626804595954,1.682349591128067,0.40330626804595954,-1.348430497063332,1.3275056835406442,-1.1231962675635592,1.4527250311027422,-1.447272890324635,2.2398972846690546,-1.3727476803928744,2.354270247071041,-1.4117740348173275,2.1155787849617838,-1.3272290510667255,2.2127758406731375,-1.256596186396187,2.373719928911305,-1.1909450165625464,2.031980696370656,0.36506745785789546,0.49367511986476414,-0.5617328384699938,0.6178003123679016,-0.09331559841913582,excellent
-1.01691075145855,0.17737214748451546,-1.0184694853788743,0.21920631035152333,-1.0134983695230488,0.21226355229872654,-1.0080908905768857,0.20642545250917188,-1.0275639688479192,0.2685320047341652,-1.0301095987714555,0.2943872984454226,-1.032616846719211,0.32127565663346896,-0.9989381145011302,0.26922253325928563,-1.0290242191908674,0.4110399868175985,-1.000733468358134,0.16890138017645093,-1.013699460157024,0.23710035123849157,-0.9481545815852143,0.41993072868567644,-1.0176970138083141,0.4940310689968491,-1.0043319505706294,0.059381994062128685,-1.0185808257316777,0.04086236620335536,-0.9894067620297663,-0.6992442455423925,-1.019283563040674,-0.8061156269109466,-0.9807040993947509,-0.7090565462156657,-1.02096266051212,-0.8232863950046304,-0.9956789377157997,-0.7222536534603834,-1.008693537530652,-0.8138115329654644,-1.000453822967718,-0.7252927207300717,-1.0082545092004227,-0.8095701517289562,0.719852157828696,-0.1527818508704602,-0.719852157828696,0.1527818508704602,0.8926638622127543,-0.7169626151262135,0.9054575441287022,-0.8049922535048505,0.964874077688584,-0.4424324062935172,0.9768664706005885,-0.5385948365956433,0.9621292631690443,-0.29622951239074513,0.9764934683223676,-0.315329522526275,0.9753277976087662,-0.6451769398924437,0.9852371018880015,-0.7264970690529833,1.0641866036443492,0.8923580568606149,-0.8861119498160259,-1.1719010063260855,0.9403760906096401,excellent
0.6451759485032106,1.0586539708900884,0.658160763607767,0.977512957343533,0.6556684941450907,0.9896560858017193,0.6536189761905145,1.0001574166799252,0.6746298318116406,0.8894820546146744,0.6830206968584459,0.8361951109629725,0.6920996062427252,0.7816139297354474,0.6644843481100272,0.880787385739672,0.7091443225435545,0.6112151101860755,0.6374105435327577,1.111370051779313,0.6524925520290079,0.9884047440701997,0.6656598761777156,0.7819762689955566,0.7110862285650351,0.5655689249068617,0.9043704240879824,2.372366539838674,0.856418848160618,2.2434932390075506,0.9360951091447932,1.8412092108770077,0.8611874787202582,1.6136325982220288,0.9701876117157778,1.8220010076031763,0.8744834303537173,1.5880712135257327,0.9581980584972272,1.7914759898690034,0.8639779912853554,1.606614251015083,0.9515246703028093,1.799862868015973,0.8644776036835434,1.6264841872773068,-0.30761163342741527,0.9864010390058313,0.30761163342741527,-0.9864010390058313,-0.5794182003926307,1.0873066629771073,-0.511218784724723,0.8551780713157855,-0.6016279047362997,1.3857665014132614,-0.609342011214563,0.9967685476764611,-0.6081296528168899,1.3920750080357756,-0.6524589685438917,0.857439910424542,-0.6420940243065931,1.3429188769997047,-0.6394982125858716,1.232093198880259,0.2651928160744509,0.30061439146135593,0.959105237913869,0.05965058003312954,0.12208150673499636,poor
-0.06807695724274059,0.4993084282794971,-0.07117292852446289,0.49614611275303017,-0.07469967976222491,0.5039114277207601,-0.07793407291703114,0.5121933844144821,-0.06079073070685419,0.47415214088047813,-0.05745178446402633,0.46448277428328755,-0.054609032222442254,0.4541971080560615,-0.08429125478999648,0.5108434749858078,-0.05077362917800353,0.44085762305900783,-0.07693692306864328,0.5174935874958816,-0.06864518186891333,0.4898944197514096,-0.11867274774057962,0.7346960264570195,-0.04178837948110336,0.4773612003425774,0.15633215595322325,1.4897894142360024,0.20651191918854478,1.5659638483474134,0.1417837060237187,0.6301805184608843,0.17756227952146889,0.43297595313321574,0.155326585362801,0.620382993703917,0.18054118436917507,0.3875960040753793,0.14272204742243827,0.5896872989259995,0.15462564610740828,0.41274641272332074,0.132868815581067,0.5817899892537087,0.1530604895633186,0.42704819566693525,-0.4514523754985583,1.345732515821695,0.4514523754985583,-1.345732515821695,0.19562976488245115,0.5203039699374075,0.18358275341988242,0.11069439464804283,0.22709699523409346,0.9790882425215086,0.24199454207385332,0.6825408479736325,0.22385944517890938,1.0616714222817307,0.24514302096169743,0.9178700126635375,0.20183852429908358,0.6953461921207701,0.19671856189360035,0.5563788874296378,0.6736042382059141,0.649095950299755,1.6310160532432216,-0.8602765428957978,0.4364897575610939,poor
-0.9265196916893372,0.2618228841888884,-0.9291815614971458,0.3084962803227548,-0.9284917439242505,0.26873664490399635,-0.9274068639428314,0.27052898344889487,-0.9330243939417905,0.35415786847663755,-0.9354483908619465,0.3770891869929603,-0.9387099899836345,0.3951393066192955,-0.9311106248913852,0.32489375358653344,-0.9518429402379228,0.42073952421424865,-0.9220108436619145,0.22616107650493242,-0.9261939664232111,0.2891402494815827,-0.8889592535357003,0.3647768088012213,-0.9659591444655544,0.4169376675314312,-0.8343829079918688,-0.070721476005632,-0.9809774218454674,-0.11380227217721532,-0.8080406507304514,-0.7626587803430662,-0.9900807826192158,-0.846915435049195,-0.7877299620670603,-0.7681874940285601,-0.9962188331428854,-0.850174972492265,-0.8096654756698901,-0.762087750719965,-0.9779792344857974,-0.8404489834629907,-0.8200235792437636,-0.766000016152336,-0.9734252349908482,-0.8378285797367417,0.9047623618293403,-0.1189688174606625,-0.9047623618293403,0.1189688174606625,0.9140426460892066,-0.5490863540726773,0.8794284996452283,-0.7677934871543964,0.9531835774812317,-0.5121047306631927,0.9328047416466291,-0.5751643880380691,0.9512256464172144,-0.3737074955830299,0.9334734790640588,-0.331759520675181,0.9624045518566676,-0.6963470921667929,0.9540053551473088,-0.7300665641227011,0.9412699786849903,0.7777027904580587,-0.8955985008167776,-0.8746610224651421,1.422115047583722,poor
0.7920248413717301,-0.7228573376779621,0.7851069595486965,-0.7164009063091908,0.7858002577972808,-0.7037964999066139,0.7862877664336235,-0.6899026006676325,0.7806741186169512,-0.7556659071282535,0.7785917424928943,-0.7698515299914416,0.7761130870827024,-0.780724673201193,0.7924383257443872,-0.7072591276947706,0.7732781773169168,-0.8165800751512551,0.7921182777295619,-0.6905202232392075,0.7867661181258143,-0.7307936948672823,0.7682283753535984,-0.6294772679204858,0.7740814297804112,-0.8133601434326854,1.1738490083006285,0.8732186948120089,0.995575588673354,0.7909422489981359,1.081903417986596,1.3054935706010133,0.9559299116800355,1.1929307078214622,1.197518154512406,1.363897528057111,0.9959339630369346,1.1823384066741087,1.168222160235426,1.370881836473652,0.9771576050405529,1.1757279557795877,1.134303689016744,1.3683468818873643,0.9676378340795914,1.1879942093111524,-0.7993683739118843,0.8182570340510817,0.7993683739118843,-0.8182570340510817,-0.7944379187644588,0.8848961937031745,-0.7169170401174121,0.9186229409204687,-0.7339203715172374,-0.0463919729567487,-0.8571107641313777,0.4936902654217963,-0.718632778124587,-0.22597174029662376,-0.8896226972995098,0.35937132148589584,-0.7704103283105792,-0.003428500287587237,-0.8559048841597189,0.8098566500040296,0.5722100487690162,0.5052852242351636,0.7645933252359337,-0.08403304067981814,0.49880870592272386,poor
0.5686038157556019,0.7008554484097044,0.5705263527436287,0.6069583234293691,0.5658641497092147,0.5955084422288098,0.5612016979157158,0.581433807002443,0.5881845783253948,0.6025376229952758,0.5975645438775956,0.5870070715551851,0.6083866106711902,0.5685570101693695,0.5538365656680081,0.44406086801296024,0.624635040556902,0.4424091182802772,0.5564839303217701,0.6990037531419978,0.5825485032128752,0.6877481361765156,0.449388347484659,0.2900811058161468,0.6244468321258502,0.3260175058978849,0.4583731812588575,1.3083356583526886,0.6626176373673806,1.3423660617562552,0.558900492007064,1.183270546379113,0.6598850077363578,0.9566236700209887,0.5130012920889874,1.0742792282179359,0.65362619232264,0.9517190822977903,0.5112360803657146,1.0302914899990907,0.6336767542186931,0.9510572216355587,0.5416820563741297,1.0831060839586961,0.62419649849684,0.9462754281078627,-1.9004167317992153,0.253344770414799,1.9004167317992153,-0.253344770414799,-0.500373788678432,0.7886234827896622,-0.4075890155567607,0.6814608251812067,-0.5599447266199489,1.1706347852353691,-0.543722544796104,1.3815088511635658,-0.6842225235192078,1.1154562919711266,-0.6077618027042808,1.5583440070122216,-0.6148029355490273,1.4765370992378626,-0.5596618626489506,1.451435047243233,0.09920500851483066,0.13190594507602676,0.12239458583201408,0.21283810043729967,-0.44640194160517715,excellent
-0.9733109507172593,0.3454861401897499,-0.9732422314459755,0.38425604744773356,-0.9701688798685879,0.378291796072185,-0.9675377999097191,0.37028400923991944,-0.9828988577759088,0.4251335948506794,-0.9864795489967099,0.44484745486117216,-0.9904971272008732,0.46312581617182424,-0.9640669373935387,0.40260995343325934,-1.0002997032180323,0.5087672169373241,-0.9654597531838534,0.3020564080292471,-0.9765643303657249,0.37354026511870864,-0.9345051143498789,0.4529302631198274,-1.0057000072134397,0.5361302474660969,-0.9154706060225828,-0.01707073249239174,-1.0258421070739319,-0.02061535649296575,-0.884825739095095,-0.7577562597775058,-1.0417758031904338,-0.8601156156198688,-0.8927495315664514,-0.7657137489204839,-1.0319484354992297,-0.8664305427232986,-0.9119638849087147,-0.7703701118398398,-1.0246973269639053,-0.8577893389065679,-0.9109624478425352,-0.76786623824052,-1.0275948303269498,-0.8547095381014006,0.6945431579210544,-0.25510834690932666,-0.6945431579210544,0.25510834690932666,0.8771395111485712,-0.6886932751873033,0.8968991051126395,-0.7956932611396207,0.9498237274114272,-0.48854028675543937,0.968442826855855,-0.5754738461838764,0.9470827680369753,-0.32492543442604443,0.9697368250503325,-0.3410324457302473,0.9592675597978183,-0.7097989998396057,0.9772195110981804,-0.7634520183341771,0.9138728526202595,0.8425436349365291,-0.8919326654726348,-0.9326797536050063,1.6625048346603275,poor
-0.21186302385318215,0.8722344545097215,-0.2131469774856789,0.8188880790620404,-0.21789117485680223,0.8071328400399465,-0.22198951839753236,0.79680795564657,-0.1984300828972796,0.8427379080534587,-0.1924737534000503,0.8464356144105963,-0.18539481586638645,0.8509268330096221,-0.23078471726850444,0.7753359452074529,-0.17471524764785895,0.8413377518605755,-0.2229162268541384,0.8663660946414512,-0.20497019358883542,0.900904676367522,-0.26837510103657186,0.5576327777022941,-0.12879816649393044,0.9213582450909652,-0.4438534117677129,-0.8922301704359563,-0.21310449493454584,-0.5940694650329743,-0.46907530216383925,-0.9491078465205022,-0.23164979818495482,-0.6904996171849984,-0.47695597861584665,-0.9289802873763401,-0.2506986416058659,-0.6858966469260781,-0.43751713248385715,-0.9170917257969757,-0.25005156997043554,-0.6954579226980468,-0.42783380614779587,-0.9048246081724289,-0.24168092261113522,-0.6984891029193384,-0.5459319166714375,-1.0612434269618214,0.5459319166714375,1.0612434269618214,0.09820417405777992,-0.9089617510767702,0.20071634331426108,-0.6962940608579482,0.1328800629191727,-0.8072618306458297,0.1564058519426951,-0.6639940967473643,0.1409924305443013,-0.7845258325010754,0.18231439489559517,-0.6411967519370668,0.17398738458022325,-0.5504147339666432,0.20160541603916474,-0.5061977006023066,-2.472472529530228,-2.4612102225127948,-0.8804935939189714,1.3232252328896381,-2.188407784956366,excellent
0.069988554103043,-0.7878866861960283,0.0580089107392684,-0.7284875482714007,0.060543852944792365,-0.7191771222177179,0.06294980916177012,-0.7084901244217998,0.0432933000858191,-0.7281797299643464,0.03377447052111502,-0.7170025549818435,0.022064595693149152,-0.7022007892459112,0.06457309834657851,-0.6063507842567959,0.006789995096559822,-0.583783225838142,0.08466822541676369,-0.7448575543559056,0.0659904845950552,-0.7415705428531997,0.10426204042546137,-0.42488934127268274,0.045057273241326246,-0.6293780218763788,-0.062326549548958145,-0.7770507348973393,0.012730199128964791,-0.8196202445271612,-0.049579853047533116,-0.423450019772098,0.055307569361745586,-0.2593962636920245,-0.006087636729545951,-0.401348298145157,0.06819017317641912,-0.2647337282556998,0.014955567982059803,-0.35996345090213483,0.06433815582882962,-0.276201795071318,0.006491935728608265,-0.39380924889653723,0.05979032802745238,-0.27404837495970263,-0.18239289041403553,-0.0475816464394787,0.18239289041403553,0.0475816464394787,-0.12386369746215675,-0.24015950999083813,-0.08016583008870208,-0.1962028941800604,0.04573712521920413,-0.6482237224799794,0.10687020062663348,-0.6260531082029686,0.03228649435731316,-0.6919510416151838,0.02060641696688503,-0.7856502807887621,-0.05314440735477135,-0.7710354729604214,-0.007221531954046237,-0.7549655402119736,-0.18017697396430557,0.16175760603531328,1.9507344246898601,0.795266363968597,-0.16376253365377424,poor
-0.968292533353669,0.2239098397168668,-0.968801215871839,0.27185750293902383,-0.9665594193024557,0.2698504886863887,-0.9642784660261349,0.2693144113529049,-0.9795889184001131,0.3089349040837224,-0.9842560687095243,0.33220913913548744,-0.9886176266060407,0.3592480609119074,-0.9623578670880688,0.3394671855084961,-0.9971248692340572,0.45455521943554544,-0.9619303206317492,0.21653106908177525,-0.973406460870764,0.2859258094822766,-0.9397836568670734,0.42459820214069044,-1.0104145934132676,0.4895272534178843,-0.8599958666763103,-0.15108589428211988,-1.0684208558673551,-0.1332076152799715,-0.8826290347270023,-0.8478676456614154,-1.047025238443691,-0.9281705341784873,-0.8978157082728766,-0.8413031476512144,-1.0357886117098254,-0.9298246704945785,-0.9143097393057765,-0.8583508478878055,-1.0296262760389066,-0.9258476444476199,-0.9111034346210938,-0.8576943805472271,-1.032744923982701,-0.9236278478714043,0.7500176589233384,-0.24478984646200108,-0.7500176589233384,0.24478984646200108,0.88214781399959,-0.7976101656971927,0.8940715876109719,-0.896026097299037,0.9522433856015334,-0.6207133543584235,0.9656863459278299,-0.6955065801388765,0.9555533764276689,-0.4505140115734114,0.9679478686931406,-0.4650862429263159,0.9593728560851352,-0.80889175423449,0.9711136564259214,-0.8427647858791553,0.4069228594032569,0.4870759086065479,-0.8105260692609225,-0.8116433485708549,1.2926090238085923,poor
-0.04085225468495448,0.23913076610879852,-0.04312196284562826,0.2575113479636022,-0.04587863164938626,0.2676265516540016,-0.0484975425619542,0.2793474085703267,-0.036426759369885514,0.22489091531606914,-0.03500305575889738,0.21202695869374624,-0.0346406050286284,0.19716784257924347,-0.048203313229237946,0.3049096770556801,-0.03221056757251327,0.20486089359801202,-0.046584083403636296,0.255519981065473,-0.03971567704058881,0.21501653951109442,-0.10266423917577898,0.3340402883525983,0.0019804261191621033,0.10362193335183678,-0.16833965111213997,0.41202284324128335,0.032491525546543484,0.18127089076067157,-0.09453980637934406,-0.05326749537607259,0.0545493194722516,-0.0367814188323753,-0.08099534253515223,-0.08748188881108813,0.05527758420266768,-0.05246392156558921,-0.061833021071840175,-0.08809434831782209,0.04226185367572393,-0.058727569450937864,-0.06747194263755661,-0.07488301945466476,0.04708175666875883,-0.0545901406246908,-0.4097987215813733,1.2212397456066302,0.4097987215813733,-1.2212397456066302,-0.08949721280653432,0.1340303349089223,0.06525930550663714,-0.08889650592757437,-0.0869785673204433,0.35621675914855583,0.028672090890473914,0.1468347814928055,-0.09032351523833276,0.4405853547458772,0.01689598640405442,0.3231171235784941,-0.11529863433967721,0.25507369173415223,-0.007429504742799605,0.06326789568202909,-0.05986370494386903,0.15879645528888311,-0.7434776540514154,0.4158612347624873,-0.11980298035079878,poor
-0.056008882220831106,0.2598605474876119,-0.06362055479313933,0.2775115533757377,-0.06616371878193542,0.28641314263337386,-0.06873219812278603,0.2974904183731357,-0.05857655046704725,0.24967978891272158,-0.057676549896636765,0.24052431400232746,-0.056855759111545695,0.23323578494572597,-0.07506965541382953,0.3391581037887426,-0.056616125938821454,0.2602466347101297,-0.06255195838868075,0.3024440495304225,-0.05884384358834557,0.25501077619695484,-0.1037355551153014,0.5960367009764536,-0.03977218925712013,0.34121517216840863,0.1310169993343525,1.1867187549012952,0.1465769446912186,1.3464749384486532,0.08212348768577002,0.5683982962324649,0.13621435942977575,0.3908709577254293,0.11654193064168442,0.5298745407230475,0.1360584449044298,0.36187159887744125,0.11963409422567192,0.5070531678212958,0.11596029818894896,0.38150214708185154,0.10791068242427167,0.5184786566145029,0.1134971271375579,0.3839807473456373,1.3219009708655152,1.6657895296531051,-1.3219009708655152,-1.6657895296531051,0.7993453725142904,1.5977107725818231,0.18802289043815343,0.8577432426344648,0.42157325171218635,1.3427192943371005,0.3711718847503393,0.5034741252951881,0.4280316096155625,1.267409368229494,0.45972945802319387,0.5049428838795555,0.35297614386821957,0.8446137656577808,0.22696259637570515,0.20358473921039585,0.6628614067885694,0.5639756207876293,1.6824898989113835,-0.5119076708713052,0.4087891659599751,poor
1.2329310904139925,-0.476708105497334,1.235228994221549,-0.617658869588457,1.2308479522748148,-0.6439019251342579,1.2258643237847417,-0.6724130419206328,1.2523379024569818,-0.6065951760066443,1.2619099830208274,-0.6179205657728344,1.2723496274610886,-0.6284087551142118,1.2112375023269262,-0.8366609918460557,1.2865795789626968,-0.7612116729417113,1.210947699876087,-0.5902369968056856,1.2337691761580802,-0.5840922750394457,1.0591415850996475,-0.9627036110160364,1.1526064770088473,-0.7987071557958728,1.353224064870014,1.3744237278556564,1.4425561902926967,1.4946735559871818,1.2611053388373739,2.2874491587864583,1.2210061219570456,1.8772572164218977,1.2630149286083416,2.2031997358048407,1.2604119961124898,1.822158609251802,1.2155515405573185,2.1771269222178184,1.236918833805505,1.8815655249925547,1.2014887131386522,2.2205198818154437,1.1963820618225807,1.9059941076542737,-1.925724743215512,-0.8849280768250715,1.925724743215512,0.8849280768250715,-1.3740852415890268,1.1643268790597698,-1.118460687234601,1.3534178955110039,-1.4642524061616635,2.4940316848789488,-1.3488431342071125,2.594933109599776,-1.399117156489433,2.6671911883355954,-1.5010060189374224,2.640837699481727,-1.2460165540589756,2.4935812813162257,-1.1409325321541595,2.20814426208343,0.5444420612753892,0.6090009606131769,-0.7924167332988156,0.05399550788094516,0.020196744333440722,excellent
-0.13899407860587823,0.3625904677260022,-0.1369397433633617,0.37763098115957533,-0.14019374782336025,0.38023751669748457,-0.14335556932615834,0.37851441974230565,-0.12879618465071885,0.35849393841044674,-0.12705225887175403,0.3437918078444233,-0.12519930078579355,0.32705092035291516,-0.14921632151644282,0.3445687731394979,-0.11837423478005335,0.29443962061037166,-0.15154837960466364,0.3706768429584037,-0.14534166082167058,0.35498806321136295,-0.18641157994475743,0.5364332373738757,-0.1026541176418719,0.2859298993857511,0.13726446299850606,1.0887276481633494,0.18163444800348705,1.1061807896477704,0.2189327702816069,0.35957972274252553,0.25419336532138936,0.21061192180109356,0.2054000810733044,0.3464467729013369,0.24780629702919016,0.1857535704878429,0.18671598597307476,0.30956293763435744,0.218516131546583,0.1949989186758357,0.17573572132028303,0.305015547086082,0.2136958508854757,0.20197528468718948,1.6551867743051312,1.4472501104555877,-1.6551867743051312,-1.4472501104555877,1.0024460221395886,1.2295791982009971,0.45312013119024425,1.0464942894028406,0.5836900771689955,0.9442178563884067,0.5756709602239968,0.5053481402225569,0.580492945348742,0.8415273429706172,0.6328020487195772,0.4986245505518652,0.4962327204840418,0.5545793133431466,0.44820975125764273,0.09104403932145907,0.6247112734205837,0.5579153318011668,1.719256023608516,-0.5684219730465948,0.2928782914563243,poor
-1.0123461217811716,0.19346143331800567,-1.017720091273971,0.23010221021981245,-1.0160112206200085,0.22462583382132498,-1.0118186794344048,0.21157684438844995,-1.026297173371803,0.2784371803527998,-1.0292101877057167,0.304114377757379,-1.0322989497185855,0.33214108652507635,-1.008238838679861,0.2710813768779307,-1.0292218256624193,0.4266066877878287,-0.996967232902994,0.17578433261075235,-1.0119476857237266,0.24037259389519444,-0.9504193051183232,0.41476169086571985,-1.0192163820898248,0.5070074500491243,-0.9841526147085506,0.07158757240171643,-1.017624894075028,0.12140091863091815,-0.978875555377209,-0.6617118807199024,-1.0265273166100162,-0.7617599357609879,-0.9621064186421608,-0.6568754182396197,-1.0320616689293591,-0.7825609174225271,-0.9824557556070671,-0.6562975634769034,-1.018775326008734,-0.7624846277431053,-0.9898839922957203,-0.6625724198817322,-1.0145703840042775,-0.7577299053523151,0.9093255796271784,-0.14998369926884703,-0.9093255796271784,0.14998369926884703,0.9064226432738924,-0.4003105669021917,0.8863826183703205,-0.4680115744422252,0.9646870878106568,-0.441445050870311,0.9617264287303411,-0.5462592947200569,0.9620085543889566,-0.27297023188148084,0.9609830163448413,-0.33325341778028333,0.986179618619432,-0.6289245441776626,0.9639749339659607,-0.7563895962061652,0.9675500617701699,0.9426023402376129,-0.8317918910659339,-1.227743487789407,0.7344830753905012,excellent
-0.9802277309820299,0.3393696694626353,-0.9794872081411069,0.36930794493427055,-0.9755161129453617,0.37143163048975,-0.9726315421287346,0.36929776303494166,-0.99113288713429,0.40667490174718435,-0.9942838906170326,0.4272999542765666,-0.9968265477837129,0.4452896263990042,-0.9678026882950275,0.41336284944134377,-1.0012627328354071,0.49238779003788047,-0.9713141216047179,0.291002528980552,-0.98552826263961,0.34573737863912446,-0.9318634750654338,0.43154423879218484,-1.0028249456244238,0.4752217655731579,-0.9068466970639771,-0.016054255784949848,-1.0477557632921342,-0.04747051426445621,-0.890968251290848,-0.7306859667827248,-1.0765985032666112,-0.8366667679908294,-0.8924198802852384,-0.7300270809758929,-1.0661269906071944,-0.8489448901945196,-0.920608315613142,-0.7390585392034273,-1.055680484884847,-0.8382945243469372,-0.9211151311425894,-0.7416907086876743,-1.058144761495803,-0.8316175216589448,0.9680413796245654,-0.16040016269274146,-0.9680413796245654,0.16040016269274146,0.865169191743827,-0.5515503491119528,0.8838747847209713,-0.6688775523230123,0.9484796350637618,-0.4714313103755747,0.9618072122567513,-0.5919817892704001,0.9544655881644714,-0.310832026990302,0.9602954004946304,-0.35960654520227114,0.9578482672167157,-0.7129376020246375,0.9766550444834314,-0.7792817963818928,0.8565245936944114,0.8143221367844714,-0.8165572397737056,-0.8711802627902159,1.6193130241605531,poor
-0.954441113489737,0.05477908346421106,-0.9537242403571814,0.10452498140589302,-0.9516187963203462,0.09834396097975166,-0.9498613633403785,0.09457041619320199,-0.963635392046318,0.14624622173543841,-0.9680014182845561,0.1713325719225659,-0.971763646084145,0.1998471272526962,-0.9488785585665425,0.16934104138641376,-0.9801952101340604,0.30386992969441967,-0.9509062905530109,0.03696721371182989,-0.9613883909945411,0.104199327058102,-0.9150896957970656,0.34521620435073164,-0.9881121360119959,0.3890940472742025,-0.9143073714376102,-0.08125792950970734,-1.019540014851371,-0.15484309585688827,-0.894527162109778,-0.7772307842817412,-1.045058393115778,-0.8776822977137729,-0.8850266327637307,-0.7692580008572878,-1.0505087987561674,-0.8909550437084041,-0.9122484049612265,-0.790900914254941,-1.0333464312928844,-0.8773605611875529,-0.9177791336092562,-0.7953035905290484,-1.0307885571587911,-0.8733805944058599,1.0536669512835164,-0.0656729771717207,-1.0536669512835164,0.0656729771717207,0.8844562944217134,-0.6760963701496512,0.8606605513255545,-0.7606224832122732,0.9550079680390133,-0.5402276515561193,0.9457062879991487,-0.6780899807678428,0.9543358916121788,-0.3677774699610929,0.9451338949119313,-0.4300764979380861,0.9578743465923613,-0.7282237774531107,0.9477054434430726,-0.7882128165690928,1.0079442451953324,0.83417986036018,-0.8035076398071022,-0.8688571734078853,0.7547660666195058,good
-0.12921141038964068,1.0140257199896416,-0.12366227303559402,0.9459948082309887,-0.1270076786198195,0.9322177418514422,-0.12963572176831395,0.9165001185593059,-0.1089527414372606,0.9658955386001066,-0.101646867907427,0.967237952696352,-0.09298437911314611,0.9680594382959891,-0.13202208007561472,0.8504996185783033,-0.0741796199077983,0.9349252187878203,-0.13609909020981803,1.020177752170842,-0.11728288913488602,1.0372715268050847,-0.15671214966110544,0.5819607681135556,-0.028285011593159375,0.9423596002589568,-0.3007219669078889,-1.0425307971391862,-0.1262823796701244,-0.7778859156010505,-0.391701980787316,-0.9726087965645976,-0.16807433721477766,-0.6715749503292724,-0.4180723225210158,-0.9381216594245745,-0.17628259316011832,-0.6514333017296146,-0.3860807236721294,-0.9250134924996931,-0.17052561652416243,-0.6668663669836971,-0.36048215356717095,-0.9118212287356448,-0.1619951609272148,-0.6781095974335836,-0.3790007408662467,-1.1238915682317776,0.3790007408662467,1.1238915682317776,0.00974992182485928,-0.9646943715374607,0.10932214235956472,-0.700285281973889,0.02341125112477351,-0.8800255162830357,0.05246917692532721,-0.6475997193614279,0.03341053846495065,-0.9093809450842142,0.07405760656920544,-0.63258004493022,0.03901102099897509,-0.43747229701309076,0.1183578967201003,-0.46933052383287893,-2.5795498934564844,-2.5447070776502896,-0.9187294006492647,1.454214774129157,-2.3025351486192855,excellent
1.0156305818128004,0.7131119968461551,1.0131425480324927,0.5413351880556166,1.0072412684199268,0.5180810351342745,1.001362232275759,0.49057634472860906,1.0325832264473236,0.5315233303781248,1.0431466311745043,0.5068438203091276,1.0561711664541538,0.47852418682398407,0.986341360250947,0.28726411695343146,1.073608668759817,0.31059190355518196,0.9913498058847261,0.6754926517771634,1.0183325003188248,0.6501616360747356,0.8808441856017265,0.2106537011702389,0.9811612238545603,0.15852727875813552,1.5155018468567714,3.032224153584643,1.3757071464514603,3.599331264357225,1.3279922240071724,2.8085618981496525,1.2354790493276635,2.360699205699553,1.313366196803381,2.658193261273626,1.2032989932155864,2.296924852971304,1.2878616628944075,2.5997308461527835,1.1823812127919697,2.3493877432325423,1.2780413743717307,2.6785819823858166,1.1761452174322014,2.348216479389062,-1.2019027506438829,0.6487758902025889,1.2019027506438829,-0.6487758902025889,-0.7913304536009057,2.59011225486618,-0.7661081372213049,2.4149300818396275,-1.0765090832449675,3.647966201241032,-0.980902696997027,3.549497978477685,-1.1275116369758977,3.7911025172485373,-1.0374125453768146,3.6326191929865375,-0.8843920028567744,3.3408102958893826,-0.8690591358285601,3.034936393868991,0.7841549763674729,0.6756201466451912,1.0764567055567014,-0.4614846981271367,0.09503094492680948,excellent
0.15988479114469611,-0.19776212392728365,0.1652171449282939,-0.11006368815064432,0.16534414511047457,-0.08059852219150516,0.16574575428364668,-0.052203697936598716,0.16505531194613535,-0.17991797124996786,0.1643622084351585,-0.20222203893435003,0.16404639798843607,-0.22056470255457375,0.17792140753277585,0.014165184856361219,0.18048943216758692,-0.18985264161350085,0.1533556115272946,-0.15950054919229695,0.14600468606725117,-0.2454795378193368,0.13243749956936507,0.13122430852215458,0.17094054759741387,-0.10475917559155974,0.23115973164744125,0.9179184225836537,0.3988884306461506,0.970467504078119,0.1700358779820175,0.8899982108237497,0.270319318173536,0.5829513060092302,0.18091782910224316,0.8244013534546735,0.2829657531098617,0.5353256086356198,0.16560760575418212,0.7911947898087505,0.24886826787666574,0.5612092556522457,0.14581065615965821,0.8230999542448282,0.226631107105703,0.583523078655641,-0.864499102035054,0.8902419053698254,0.864499102035054,-0.8902419053698254,-0.3352716171225762,0.46797530260917425,-0.1732992127231843,0.22976942999561037,-0.3180192982821794,1.1108562464021603,-0.22418196415324057,0.9790879764996967,-0.2761607684185875,1.2267077102634927,-0.188397426424794,1.1120682917418225,-0.2462599849297581,0.9929128970219725,-0.15173260539902644,0.7850040861298687,0.4836975729550731,0.704322509165241,-0.7337252212261359,0.009305870140066912,0.06362479009179332,excellent
-0.20876855183193527,-0.5005161838298873,-0.22237813618429123,-0.44391639467288263,-0.2220441133127548,-0.4400659498465414,-0.22171123491028674,-0.4345162373236768,-0.2286861528309068,-0.4258705638448335,-0.2350050667714525,-0.4087169856395068,-0.24348940798618696,-0.38928048796035636,-0.2279049875267122,-0.3559170389446632,-0.26047063075629057,-0.2923633942189912,-0.19775157898088513,-0.487868253421816,-0.21151396852120843,-0.46899948520315343,-0.17123799763776823,-0.08244828227477494,-0.20559719202356702,-0.29353298350588763,-0.41135634393219717,-0.7338466212857115,-0.2773909615217141,-0.8815086008874999,-0.44149766227851195,-0.8247149111083182,-0.21121823923861963,-0.6479111545758847,-0.41909007116560226,-0.7741780488683501,-0.1981730724039886,-0.6429716469269987,-0.36202244491481,-0.745145184798202,-0.19525918805948203,-0.6681501967584965,-0.38840015536700107,-0.7746894066423881,-0.20046886887665563,-0.6694810153869681,0.057017969171677535,0.08391057127069887,-0.057017969171677535,-0.08391057127069887,0.11533328211658037,-0.6033429341159249,0.12025979209392682,-0.7241976140921902,0.2534011333535069,-0.8179760862495853,0.33457102756406276,-0.7928160486582732,0.2590635564370645,-0.8002370772379022,0.31328502309027423,-0.865624177660894,0.22433849890405366,-0.9001811244895461,0.28052787355565356,-0.8454165796862135,-0.4134819050210938,-0.08271487681189015,2.2574945217997464,1.2811275677918206,-0.4996356616412791,poor
1.6612493628869758,1.0134652149689831,1.7176105744653574,0.8885274818388255,1.7189409323378415,0.8990528913340293,1.7218383957522392,0.9085339492543265,1.7429720206190518,0.7725432771495291,1.7628332961189044,0.6943845966161597,1.7872498330864752,0.6053065655277753,1.7865537282738013,0.6303979847954003,1.870556867855424,0.24383507872255572,1.643162974091637,1.0442853011902544,1.6633739306520126,0.8261802863985669,1.8800540753524209,-0.04478033118950414,1.8033688408084667,0.2700036746135282,1.2171882063810604,-0.8370896764101652,1.056826680337874,-0.7122418530641651,1.326322403913022,0.6574092474965219,1.3246874526100452,1.0270769961947592,1.246478209538625,0.6742528811076485,1.3527277306955805,1.0806476337687867,1.322899334325581,0.6747033581894767,1.422750995050922,1.0496497017908983,1.3370923686725655,0.6532335275575654,1.4380425278144555,1.0091692353859052,-0.5743739130087798,-1.7557609059239583,0.5743739130087798,1.7557609059239583,-1.9747631969521835,0.22353549412152093,-1.8916714063505355,1.1794521391924857,-2.0173261450783477,0.19250630482865125,-2.0577996039962776,1.0163845510238545,-1.9612634348842861,-0.29662082148585717,-1.9403580628245987,0.3929674000648504,-1.8422573694189572,1.6116007212546317,-1.8556592629772592,1.7536771464792036,-1.4110587249083286,-1.452835784833975,-0.9347548473661561,1.4018344552276278,-1.5939209039320366,excellent
0.16835024080545144,0.23972246659186547,0.16184163758612474,0.21788752452398943,0.15867770893372837,0.21823258686428057,0.15551849423977945,0.21849047432065272,0.17007836507837507,0.2107324560267079,0.17283969918974554,0.20394583596317345,0.17559532418852264,0.1926411144535571,0.15090563087434325,0.19980529233826047,0.1759417145659111,0.13260586315466358,0.16129830048250604,0.2454955685571346,0.16973194902476704,0.2302367138268955,0.10838912599581817,0.27201029310295616,0.17630137476560404,0.03983499042948283,0.1294277261050918,0.8349609304128992,0.2618757173944293,0.7398656769112489,0.1336019273849533,0.5875049269238899,0.23994957227036043,0.49275739916149036,0.1360966149218638,0.5602237650165197,0.25316993005068983,0.4896368312305723,0.15587492533862526,0.5724634707855398,0.23521436377424004,0.48084502701099874,0.1396256186452704,0.5783551071755685,0.21916229102410645,0.4849624948659956,-0.4053008562610549,1.4937610164838877,0.4053008562610549,-1.4937610164838877,-0.13376688046139482,0.9568449269513136,-0.13297078495603157,0.4972987232997751,0.001358397597827973,-0.14496938075827692,-0.020165567517945574,-0.3803199575400383,0.04410219508136554,-0.309209409283602,0.008889032744996403,-0.478770540822378,-0.07594755447516809,-0.353492159614824,-0.076985810076599,-0.2941310748126638,0.25370019946640876,0.38130070982276754,-0.14924587227497885,0.3903932632050957,0.27996120896340665,poor
-0.17705593592682892,0.8680316040606042,-0.175356500784583,0.8336972539547669,-0.17860500911985516,0.8281914620577627,-0.1811228837989428,0.8235315564455693,-0.1597357106157185,0.8349742272913039,-0.15192607703575817,0.8323725605368435,-0.14318562541676239,0.8283869190820632,-0.17849734191188188,0.7766326749158546,-0.12324673656398226,0.7904190794141759,-0.1842564018532233,0.8563759273082031,-0.16751059304636073,0.8583532855004026,-0.21110692286272068,0.4680771248866091,-0.04915258811513272,0.8122463879703326,-0.46685993658641817,-0.736963555747705,-0.15875196781292583,-0.4587143750624148,-0.5069662781768197,-0.8110095023366904,-0.21654202420534482,-0.5919338311420809,-0.48676748865459274,-0.7977419168909013,-0.21471756828196364,-0.5934653596489287,-0.44607674939488856,-0.7897746373390625,-0.22024916314556178,-0.6170869035908831,-0.43559801128725556,-0.7845502038986362,-0.21938942143239823,-0.6245262528238034,-0.45691399436810326,-1.0932857189793173,0.45691399436810326,1.0932857189793173,0.0034581887371517377,-0.9956396603961922,0.1210925561047145,-0.5882255255159253,0.050559155390295867,-0.9002928702671982,0.0843718001051253,-0.597450198474506,0.07078982822275565,-0.9543415906412025,0.12055840265515623,-0.6984428866245905,0.07092205645973984,-0.5336590404555298,0.13647784223656995,-0.4495940990846235,-1.8091625919921868,-1.9100349509230465,-0.5070608266901256,1.7689468926521188,-1.886838481577977,excellent
-1.0243552086792462,0.6508339924889628,-1.016868085956721,0.666627651681794,-1.0150838555340618,0.6602606291295947,-1.0125735435593408,0.6549818330411976,-1.0307138319514866,0.6958344588797041,-1.0333393366995398,0.7099109259836209,-1.0356384083550698,0.725089428909247,-1.0068957717686182,0.6724442870366871,-1.036224475062492,0.7657982560950165,-1.00613598233726,0.6279660002926548,-1.0230942436727934,0.6778025707127185,-0.9649909840629168,0.6539962555740585,-1.0322593271201597,0.7109851010795537,-0.8855997473656804,-0.32180908564084204,-1.0788846200189692,-0.351565254785922,-0.9481023540773946,-0.9986948374021846,-1.0121260815038007,-1.045142516267105,-0.9559920707330788,-0.9859703407862745,-1.0083236401046505,-1.0421401199314244,-0.9614058535857171,-0.9859718742761737,-1.0048882252171718,-1.0389756798439165,-0.9653988915119713,-0.9869273325212466,-1.0044905529196826,-1.040068431226836,0.8930710272252056,-0.2038055853765378,-0.8930710272252056,0.2038055853765378,0.9437307908006127,-0.9506314759596652,0.9033461622858066,-1.0024600468872298,0.9999302322758247,-0.7952874643830523,0.9746125028227118,-0.844187968932668,0.9999729479375598,-0.659323635906378,0.9772111653746789,-0.6080829828031247,1.0037813870658336,-0.9262151979919242,0.9929471449077981,-0.9178540199305966,-2.2903334263717303,-2.4566729921215678,-0.4100062410932205,-0.4706112313976804,-1.6500880994130513,excellent
0.6627596145477321,-0.6649523085419845,0.6522266726219532,-0.7337795627773096,0.6519351127990861,-0.7483314181264762,0.6523544771040175,-0.7649529926318803,0.6560374279781318,-0.7293316602153711,0.6570554194201145,-0.7364202473788359,0.6579606012152898,-0.7398302325447987,0.6412829102393033,-0.8482690622098088,0.6486721541105609,-0.7949055128542823,0.6627112236986683,-0.7453693869223933,0.6651333848803422,-0.7373814710040558,0.6148795180973781,-0.6745156433201733,0.6291429082255487,-0.8641100596807164,0.7725527320091815,0.24943535097432992,0.7809128098164348,0.11063732946675406,0.7830165404966721,0.8276905011206291,0.6733448669754121,0.6663029638255746,0.7923930113944274,0.8834222427068243,0.6588087525201791,0.6708031788232621,0.7595142123466266,0.8994711669696884,0.657421185982065,0.709071035198216,0.7471303217468566,0.8806308963282777,0.6520365530004114,0.7167573064594523,-0.9528285123946594,-0.14964199097379324,0.9528285123946594,0.14964199097379324,-0.618327713152938,0.4253199380242033,-0.5749862724014072,0.5142296825173844,-0.47193622042426614,0.7924903656834237,-0.6566970797352476,1.2474903785522518,-0.6982724909587743,1.0459339784858728,-0.7103026348047996,1.2892675156507671,-0.43393893823496493,1.0352271537028066,-0.6053869957527148,1.2985438614286018,0.33085938516699054,0.4887208992345652,0.044307898696012496,0.3484211286209331,0.3750077356301706,good
1.9710229856499415,1.9860873858163717,2.037362775447444,1.850977930134188,2.0413529639431114,1.8827571413636814,2.0470831081518983,1.9112072097285167,2.059631536322068,1.632601601236022,2.0825436999524873,1.5251680472372675,2.1127429481784787,1.4084344647693714,2.137419440644962,1.697611625092457,2.227059863950418,1.1628697773050325,1.9471664308057113,2.1522672721815788,1.9702922807756291,1.8191556455760727,2.375882113327384,0.5507704164891185,2.14736982984304,0.9228775707950098,1.6073375096914808,-2.075948047130945,1.2190986279818652,-2.026446278250378,1.2591023066700495,0.08908295868587862,1.5533301848957524,0.8145784859148731,1.4772117263516604,0.050277167829400476,1.594692140254434,0.9128432824651945,1.4765396551821557,0.2884995106368519,1.6910398480916908,0.8570306828477806,1.5356184065951661,0.11559890822983296,1.7108767011952288,0.8107373100918704,0.40619298856425107,-2.9978753357563854,-0.40619298856425107,2.9978753357563854,-2.3016672482324445,-0.4055812180359351,-2.320184534324642,0.8121908135058216,-2.4773604432081555,-0.7134508836523128,-2.5521507053487564,0.27411412160301685,-2.4184096893057916,-1.4351859940105398,-2.410950295872726,-0.5701575797752844,-2.300482483787931,1.1998852970341989,-2.4282284448829508,1.4976467182148572,-2.1151698364213036,-2.3033762021125415,-0.7345839635718502,1.7757270901489144,-2.166235160655056,excellent
-1.0248126116022385,0.365805729938595,-1.0288386243116796,0.4021307535928139,-1.0265527217500319,0.3963202116232525,-1.0235197315549793,0.39003684686038764,-1.0333160574941052,0.435965126579281,-1.0349528244564097,0.4548371274469046,-1.0364162453329264,0.4762369699095872,-1.009169017805819,0.4155277019862722,-1.0330087382683983,0.5317197383493306,-1.0133547721160496,0.3615533563765207,-1.0231704659562173,0.4134941359923164,-0.9621223498322414,0.46611187720962166,-1.0267883187400948,0.5892772360923014,-0.9429814193370735,-0.0858766991140135,-1.057534975500847,-0.08691640257121233,-0.9841037734699404,-0.8630990946426457,-1.020501216237934,-0.9436156152556836,-0.985403317195212,-0.8663849543665585,-1.0186327318759296,-0.9467625039249525,-0.9965158984992024,-0.8765264635316548,-1.011155557180088,-0.9445158389184654,-0.998670282773495,-0.8774786705961903,-1.0118024433073471,-0.9438484845048856,0.7348595146647218,-0.18629068141994198,-0.7348595146647218,0.18629068141994198,0.9148066773618596,-0.852194894113263,0.915852968592392,-0.9172418759509766,0.98970470212897,-0.6490672371712364,0.9806854984919265,-0.7396091286085437,0.9843372188396636,-0.513253431541683,0.9813240018300698,-0.50193283817505,0.9918077460979222,-0.8080999073814854,0.9870429901515815,-0.8762890530865166,0.4395211345869505,0.4750516193761734,-0.5189447814134793,-0.9595882265505743,-0.2030725786738196,excellent
0.9859746551118346,-0.46627645291340775,0.9875378777897482,-0.5348302428544611,0.9822811146187787,-0.5530943380754028,0.9766794826458716,-0.573810850680466,1.0064391375934623,-0.5222816374196848,1.016224322526244,-0.5255105821927836,1.0266838044048674,-0.5293664445177032,0.9517725830103865,-0.738058681181964,1.0372811462700267,-0.6266927807736262,0.9600587847713576,-0.5571569202805807,0.9871234220094901,-0.5389639379909243,0.8089589813746574,-0.8171031509497473,0.9375278872079613,-0.7090645701940549,1.0259882479593294,1.010843610514454,1.213052880632651,1.2879808386513023,0.917749721303018,1.878363811818017,0.9618907196965887,1.4936133234071425,0.9009461507532854,1.821993594025698,0.9422276484119066,1.4658994935207346,0.8772810584068749,1.8061541957159952,0.9048024517377925,1.5101458008366708,0.8717260881071921,1.834422784469669,0.8896038494890057,1.5273345491295571,-1.715935340972456,-0.7929418726114102,1.715935340972456,0.7929418726114102,-1.0489765138978229,0.9399870579469538,-0.8758860090834498,1.1013324117004695,-1.116039434109492,1.9203175419345528,-1.0211781918409293,2.1433947235348447,-1.0627242960172463,2.0004372683821514,-0.9684749670751213,2.1208516292737176,-0.9501971115829789,1.9679088414993846,-0.8732521516138567,1.7659171110532825,0.5418198735989128,0.6571124004236722,-0.6840464178576063,0.17735713321664054,0.046033150286155865,excellent
-0.9750650688260724,0.3279756541555114,-0.974956492904952,0.3780473632124112,-0.971953029293688,0.3728953942805829,-0.9692560482752512,0.36804700258122414,-0.9842864210983557,0.41854648680131634,-0.9878314123470613,0.440808617879533,-0.992012518957737,0.45712250923440084,-0.9669300007743574,0.4023367732788798,-0.9994416102326134,0.4894185642015643,-0.9675424244128885,0.28782531876138123,-0.9783399905086619,0.35564378059880614,-0.9342305904040704,0.4469840930246373,-1.005599177066135,0.523732279314485,-0.9290003420286681,-0.03353238864094011,-1.0218962383650976,-0.028888128963632784,-0.8863570506737842,-0.7651496364609434,-1.0413946559561844,-0.8571236317340233,-0.8950701459314973,-0.7660761274020647,-1.0348357658740668,-0.8641014972761876,-0.9127660649186329,-0.7713827455831836,-1.0292447410167627,-0.8545304049472112,-0.9119288438560312,-0.770617968099656,-1.0308078726080598,-0.8520788586981712,0.6635717046689639,-0.24094349873152218,-0.6635717046689639,0.24094349873152218,0.875521670793643,-0.7143882945998863,0.8959926421646128,-0.8102509532010148,0.9498948003562464,-0.482414147225703,0.9686116119241992,-0.5691674249640953,0.9454332604719784,-0.31576476232460937,0.9689258434497631,-0.3312635904330755,0.9613701545263795,-0.6966720524706047,0.9776805079052772,-0.7588066373544127,1.0041553260446676,0.8781547904154473,-0.8982562444855787,-0.9513562919097507,1.6986042837811417,poor
-0.9995417152432046,0.20964752787980379,-1.0051246593479954,0.24862758107940247,-1.0036297016195697,0.2411922080758126,-0.9996835132497782,0.2329840777618826,-1.0123466141412005,0.29822299732452656,-1.0174951600779152,0.3068002326291478,-1.0209537147214338,0.33070494423731106,-0.9953668097903557,0.26882148084641916,-1.0224416558363063,0.4170877579432769,-0.9861433655917096,0.17545467379248447,-1.0002354071702264,0.24107174713041504,-0.9442280566380835,0.4027434641229402,-1.0142780286419786,0.46964157666209905,-0.9993996167382536,0.02140449647189662,-1.0223775389174858,0.008518451376268965,-0.9978114192945815,-0.7011662880978994,-1.041522919301882,-0.8073446148967207,-0.9882565632881889,-0.6932730274756821,-1.0415066891603375,-0.8244164709236396,-1.0047355780902796,-0.7069811844390558,-1.033814613603589,-0.8058324602112444,-1.0091991611174436,-0.714316654502703,-1.0319037335211412,-0.8020442467995941,0.867753903888482,-0.12536756528112764,-0.867753903888482,0.12536756528112764,0.8895501701447862,-0.4732549397047646,0.8867444835065543,-0.5741197854511849,0.958407607405925,-0.4655464490169349,0.9628217754402951,-0.5568448134080534,0.9584364380610876,-0.31956300108535546,0.9601854755818892,-0.3485023491685317,0.9639326159200627,-0.6571147765876657,0.9620306429903597,-0.7333134668782711,1.0224003825481853,0.9412453969418415,-0.8409686026232445,-0.785056644426492,0.7919602405109147,excellent
0.12714283480477181,-0.2340703110333401,0.12853966295635255,-0.1799372640785368,0.12733974371232284,-0.16654429655170264,0.12624567842495427,-0.15291244393584288,0.13410660976746408,-0.2109365429695446,0.13701680386550624,-0.22033991376256318,0.14086998439105755,-0.22659154910411755,0.12496454560753972,-0.12163345551282258,0.14625123839871332,-0.21914706356691302,0.12326703111967814,-0.23604765254035256,0.13018359560996073,-0.2688457500572013,0.086956002424824,-0.03510654106604079,0.16061256136877233,-0.25444389491051483,0.26995815981834387,0.5370068170654555,0.3349281996002741,0.3361180620000938,0.3270015189369289,0.32149300899135497,0.2908918324112555,0.18544616725929355,0.3624476483220403,0.3536239530353002,0.26997068368363314,0.16996379843110285,0.35694881243459214,0.3540275939994876,0.257654561632582,0.18547059004406605,0.3526423225190633,0.32871491761463667,0.26375441816682477,0.18703799101583557,-0.6259528587221704,0.7981103593025516,0.6259528587221704,-0.7981103593025516,-0.2076233764861152,0.37791228348978484,-0.08460487423357117,0.16399975105700085,-0.11281360778191436,0.2273893953206994,-0.10036914178839038,0.10066276596559649,-0.10404959548534819,0.2760696297596536,-0.10355186364028089,0.09384898777433018,-0.12664925688767303,0.10039398495602855,-0.11739701821241072,0.08950819779219572,0.3996200909248858,0.5168404787196497,0.18675613555367554,-0.2375839796698165,0.4028784913163616,poor
4.1229001229430065,2.3174636650026113,4.236144959031135,1.9912933948636646,4.244836001967437,2.0481185942881237,4.2566667434949546,2.1080766095023655,4.268930928218745,1.5875717287951276,4.303509201529996,1.3719705984937884,4.34818618957538,1.1443074287362502,4.401842497861036,1.6343442046882002,4.521952114572246,0.3771589032880225,4.10108539490371,2.6455325908251197,4.118344080784978,1.9853005943706736,4.822448990166708,0.6211908008140524,4.32656743525331,0.4254818347315687,3.615883047178727,-2.5473540403117814,2.7638629829147607,-2.876205412402775,3.701648185263632,1.6266209660306867,3.322894401837936,2.4351373857345164,3.5471455231402937,1.6283545731252105,3.3762421613253393,2.5966604366039636,3.730181817422082,1.7782420924149294,3.549414743460357,2.517653314994156,3.8425389720439607,1.635469777419626,3.588220381779354,2.4287398099718507,0.960550782785123,-3.615194009228959,-0.960550782785123,3.615194009228959,-4.6705021712676515,0.49262025650719327,-4.702873881961839,2.5910996198306377,-4.905497655208072,-0.15784151834449997,-5.058675909941768,1.5630170720199912,-4.799187162575264,-1.4095951988268902,-4.8075227091847745,0.02559368559421843,-4.6068469324436565,3.1286890162302594,-4.810289339962565,3.6071950342257724,-2.222595805297407,-2.03110643233767,-0.697394506240799,1.4797245891911002,-2.0188215705435018,excellent
-0.3462916900415667,0.40355276500676923,-0.32731502938628715,0.4800152199496019,-0.32786307956735644,0.4987443721056228,-0.32798659789400847,0.5128489281346293,-0.32106130212195855,0.4228363083634625,-0.31717705441832494,0.4011355954650241,-0.31223234832153396,0.3816860438897664,-0.31721963267301806,0.5239756586642781,-0.2906949700926557,0.39419011019342304,-0.35546276079093375,0.41947058828577627,-0.3471339477822188,0.3604546099421762,-0.31378233734440125,0.630534776274323,-0.3059770394876792,0.38168394605647904,-0.15218511754987024,0.8640516270790278,-0.12707329242477636,0.8576814255687847,-0.22964090077116495,0.09695245581405994,-0.1644904776257227,-0.03094966247978925,-0.2598541982769215,0.12890737486436582,-0.19624124302558785,-0.045211518651638916,-0.2562457003055569,0.11108305798838555,-0.22233192655270229,-0.030251268148554798,-0.26300163192574527,0.09255513510578439,-0.2229544564196076,-0.018094690202569028,0.04815508768970417,1.1293681209449296,-0.04815508768970417,-1.1293681209449296,0.19220509936450644,0.01117475667485327,0.28415331846459924,-0.25166202162032963,0.19953384321550857,0.43268504139055325,0.254888579588932,0.40020538475303863,0.21753103398632465,0.5284362128608384,0.2605757700941028,0.5742348483274387,0.2576005374301132,0.31881464173322815,0.3053556965431525,0.17800934382566205,0.750949882895861,0.6935286649249067,0.052000425102830095,-0.5750766400297352,-0.22024600426042373,excellent
1.9728663434006835,-0.3406535316524846,1.9977025833951028,-0.4207198723894676,1.9984000248974017,-0.39879154026633357,2.0000719601794,-0.38062403965076685,2.000290757069097,-0.5469530240449789,2.00343876138366,-0.6120921942106746,2.0095105825884754,-0.6830893288092954,2.0247338518343674,-0.4821460149764872,2.030467706457061,-0.8575912880636228,1.9598582615485933,-0.27372999005238907,1.969261721844893,-0.4542272196827975,2.1304726174970052,-1.2300508890229926,2.078867017820821,-1.0386490519139928,1.5984488784213309,-2.3966377863893897,1.554851898542967,-3.212530776075959,1.5003646034756926,-0.00015654272341141862,1.7612967948259908,0.44720940747689897,1.5105583985819206,0.0068541922281957135,1.709435330890784,0.6031128439320976,1.529589166856908,0.05503368891909131,1.7316656125263348,0.5402934584142558,1.5600833616036278,0.038987647951924734,1.7562949467110252,0.479864522741014,-0.5869529958267283,-2.7225597995654387,0.5869529958267283,2.7225597995654387,-1.9790464940337873,-0.45006444504330106,-2.0118762046296594,0.6868041354868343,-2.027927227033987,-1.9992158370859738,-2.1161930505798643,-1.255568011479983,-2.034864679208003,-2.7066727885350788,-2.095270809780724,-2.144341937246914,-2.0937528692950975,-0.9752783341073655,-2.2991145593413185,-0.3391962213020245,-1.1329121589389504,-1.4574405668371944,1.857745602594856,1.9061432204001327,-1.1038394746549178,good
-0.15373765901315148,0.9696326026630554,-0.14840966453665433,0.9184471960397359,-0.1512870149274201,0.9042327624941637,-0.15354979154966156,0.88932544601838,-0.13287657131498587,0.9334476104666517,-0.1244779702872294,0.9307969302730796,-0.11504195865710634,0.9289076008714195,-0.1512703825361946,0.8267082333422314,-0.09255608117157613,0.8843473090577232,-0.1599518179397456,0.9645566209535128,-0.14067027610082164,0.9810939490317188,-0.16175042573419596,0.5108788672149345,-0.03125268474061687,0.8730202814001098,-0.44767984538966216,-0.7223573881769746,-0.16406264835111584,-0.41928209835226393,-0.49385556863394825,-0.7576758204058627,-0.20832688537061259,-0.5529533413729344,-0.44044347917852783,-0.7546234579169246,-0.2016130309312731,-0.5647282895113416,-0.4214470308519976,-0.7460983447127689,-0.194983506901467,-0.5889036658757386,-0.41149201342174313,-0.7281656389573758,-0.19483019493867682,-0.5890763560430468,-0.5806924317947941,-1.156280968375569,0.5806924317947941,1.156280968375569,-0.005458257862530856,-0.8969537051745475,0.10676351145904432,-0.5484451381267124,0.02294130384941848,-0.7218810487037084,0.06340825991006152,-0.5099676348311103,0.03689090469958633,-0.7387308897498379,0.08172629298207672,-0.519278705039581,0.0821262324291036,-0.39776155887707537,0.14821133444516757,-0.3670965967100131,-1.8637402074524547,-1.9937449178204645,-0.932813872009673,1.8836445879064805,-1.9132262151823853,excellent
-0.07061160958516613,0.3110448040545421,-0.07770854830569716,0.29279693163653947,-0.08164230413136951,0.29041428690743576,-0.08515332757397855,0.2885248764013693,-0.06825266530180732,0.2938542259509474,-0.06625442818997024,0.28881062012346836,-0.06442838425627853,0.2811603431066045,-0.09257583430672763,0.28257858077415104,-0.061134733971686714,0.25836563829661807,-0.07614137718431031,0.30519147318239104,-0.06504800242135056,0.2935234948625895,-0.15586065831728488,0.4944702074361177,-0.0491999011110187,0.25551827754010886,-0.06416077944178279,0.7296530050325918,0.0711105772625188,0.6713953112590173,-0.018498663814569338,0.16430582114939232,0.08078340326725848,0.08185762773183847,-0.003609929045863178,0.10339140164205213,0.09183605442036939,0.03977169514809854,0.00791898067967951,0.10346589019625842,0.07119173966491647,0.053118085523138056,0.0007395609170939774,0.11171301490642117,0.06874883236945621,0.06422040312824624,-0.636163423419803,1.3043648847351494,0.636163423419803,-1.3043648847351494,0.0788676652028409,0.12145015048880055,0.11896267768240992,-0.11085949517496393,0.24895439205291914,-0.3277300104880516,0.3242789899142857,-0.5568776016228507,0.2859806511993823,-0.3357886518200333,0.3595795910824316,-0.5720453767249377,0.21472847653780863,-0.48896156339066654,0.27766840292989103,-0.5322709757315227,0.2807020208640956,0.3795774068963936,-0.4199804441439785,-0.23741893029075165,0.11977799197962535,poor
0.09029108172923032,0.22791641983166416,0.08456202593941411,0.22132088386730442,0.08102966312958657,0.23189178016433906,0.07796062718841971,0.2434245087399277,0.09501285495846844,0.1981456655332079,0.09830248734696377,0.191166376415964,0.09769756661871853,0.18247707885616282,0.0790880397590069,0.2727943608915379,0.09561768486095786,0.16692051101592562,0.08102790477855086,0.28768938513255043,0.09166969663037179,0.2272480091860364,0.0889486898377708,0.47736723993237595,0.1781507064301881,0.24723373813594857,-0.20614769261061922,-0.1917108408095778,0.02912083942280876,-0.20506671053528744,-0.14737583824030578,-0.2373459905274972,0.039982018857523116,-0.15931099787950675,-0.10439134800221418,-0.3299962272528733,0.06268437715326665,-0.16098041580138314,-0.08588016464243381,-0.332929274878862,0.04934757639259212,-0.1741091212350241,-0.07979584170055755,-0.3281376145807441,0.05254961442795029,-0.17679880531391295,-0.6753683311860117,0.572264511546123,0.6753683311860117,-0.572264511546123,-0.17625855195703455,-0.2854613918401559,-0.11622585339899164,-0.21714231451223023,-0.06176619064251068,-0.5234821564896667,-0.16067870454635047,-0.2754173043110326,-0.02026854757474264,-0.5738674966881542,-0.18366939066634028,-0.37762862017600146,-0.17831453213963097,-0.3345657653178478,-0.17907976532463799,-0.05496396226110376,-1.1929046482719727,-0.5300728419296272,-0.27748066337123,1.868993937155405,-0.7585805797836729,good
-0.2778989924432546,0.6545793487730585,-0.27934942461661105,0.6756591320569434,-0.2831302027351962,0.6895780855156172,-0.2870277492531375,0.7045348034710022,-0.26996743541160484,0.6494686486109436,-0.268168023293509,0.6446025032081034,-0.26616578221245624,0.6389390716521205,-0.284993715319729,0.7475704651916819,-0.2571389687697116,0.6459159750164917,-0.28885265184416836,0.7075294738676189,-0.2756647628620919,0.657236536754102,-0.33849758535665914,0.9362439899396667,-0.22130693088078018,0.6748991175350882,-0.3368725591946561,1.0555539984202322,-0.16165094563194962,0.8614204983694926,-0.3350270956747805,0.0471414044858023,-0.17278890526154572,-0.024987007355369788,-0.32060241727633476,0.0009599967900782243,-0.15812358658597436,-0.05029110616389186,-0.29985857371916025,-0.017535975370298548,-0.17294993239518935,-0.04813421023447709,-0.29905769992849573,-0.008436750360986733,-0.17604775671536238,-0.04095216977348733,-0.8212710652659576,1.3910478950470537,0.8212710652659576,-1.3910478950470537,0.16241910632178616,0.08430771808211009,0.2577514261066101,-0.3099315704674475,0.3062993773182955,0.21104962330829255,0.2897499870443514,-0.16367356152311185,0.32355935823267534,0.3144653441908699,0.30471743670716245,-0.06162432871621737,0.27282706278684815,0.026541407878599873,0.21481781558486251,-0.1723357126769348,0.17404794721407021,0.25319912206396283,1.1574671948664568,0.3871100978572189,-0.16444139722055948,poor
0.8746995805649146,-0.48773240428001297,0.8765181543700077,-0.5426890619444199,0.8711633594060714,-0.5589158772334138,0.8655338938127836,-0.5764271463363414,0.8945607529769274,-0.5271512801301396,0.9035313484721954,-0.5270275203457727,0.9133980052626358,-0.5247392312606113,0.8414748319992993,-0.707550484047774,0.9163319803869989,-0.6032319099291056,0.8544073042893934,-0.5388427250540064,0.8820147953514854,-0.5144224273906657,0.7176332780268995,-0.8725151827262835,0.8415939745449117,-0.6278177349235401,0.7927611441186443,0.7363365959832606,0.9798423159102494,1.1438303028171513,0.6701198385930033,1.5756767315741946,0.7576906927029499,1.343485187499261,0.6513510400513522,1.5108949601086112,0.7411215062038173,1.3327154114314845,0.6424753146800624,1.50217556258774,0.730072250728032,1.3558546799499198,0.6309727591616743,1.519978507750574,0.7093704648582577,1.368240149627628,-1.5648185549997202,-0.7694150558523735,1.5648185549997202,0.7694150558523735,-1.0383409204149876,0.9617447781403312,-0.8455609262371461,1.0808574344471549,-1.1212822971135803,1.8758914615384203,-1.0345650696080724,1.9668335199436717,-1.0728225582025344,1.9006409571983502,-0.9759905401670081,1.9252984928992052,-0.9717533615114862,1.9575496138366464,-0.91826157135833,1.7075856234356175,0.4923056433142863,0.5598791124294038,-0.5107564849384352,0.4776044252473055,-0.015632830125966442,excellent
0.7289247068891693,-0.43723975754440686,0.7269136201366639,-0.4786507665487711,0.7217189046898761,-0.4931479266328716,0.7159605744137076,-0.5086150701349154,0.7428780082473099,-0.4623027648605863,0.7506770884744143,-0.46025317721268055,0.7590572256329213,-0.45674686028935707,0.6961839570982564,-0.6107170617544965,0.7672812619362658,-0.5213977999701954,0.7104559379931993,-0.504341057867867,0.7350110611308015,-0.48552212182636895,0.5494337424107163,-0.6897195914847268,0.7089367946785666,-0.5161819732392006,0.6828195828624867,0.6922612726566647,0.9225382161039806,1.0135530967780022,0.6018859507272576,1.369591331274935,0.7273677800640025,1.122903026410548,0.5941119605820686,1.2982571259032516,0.7282142654948666,1.0745201679446135,0.5821064070274293,1.2686217867437575,0.684992928309791,1.121112522737788,0.584747354417757,1.3045301035089785,0.6631055905060174,1.1345728049248995,-1.800663266168662,-0.7292215513220137,1.800663266168662,0.7292215513220137,-0.904119767481175,0.5589141668583408,-0.6704518211057718,0.7428929037056125,-0.9269707662858241,1.4770344041992625,-0.812753055997262,1.6055510361687304,-0.8848740873434684,1.560646919579817,-0.7734535186190378,1.6752436253433152,-0.7809815692871446,1.5580612203314907,-0.6975355447472746,1.2934276548279493,0.5154717778888,0.6024867369155943,-0.46038694648750356,0.2131015595400323,0.006409120906619538,excellent
-0.9686921026592641,0.2595580581920017,-0.9693302701076371,0.29788587378244535,-0.9663147644642018,0.291160965657535,-0.963453738961208,0.28655472731561554,-0.9799297064391965,0.3420162761364309,-0.9838877792734657,0.36318279104268414,-0.9880705668801032,0.38434715813704584,-0.9603189006815527,0.34573839249060223,-0.9965641869987916,0.45624537571147944,-0.9612502041173107,0.21569099055966412,-0.972562100589586,0.2878736435293307,-0.9385201269620013,0.41966302707296443,-1.0093170017009625,0.48454574788563753,-0.868773893575693,-0.1326040870398363,-1.06068623354031,-0.12929868380651546,-0.8874554002609922,-0.8339647999875981,-1.0469654898420573,-0.9222732585704162,-0.9028881465401315,-0.8322877005680128,-1.0375703827047902,-0.9244303452266825,-0.9169750606857552,-0.8482479655861884,-1.031025208027228,-0.9190546584562138,-0.9144707354490903,-0.8466910779561888,-1.0333040017537765,-0.9165599929831122,0.7366255175919278,-0.24339329902063223,-0.7366255175919278,0.24339329902063223,0.8822949058569787,-0.7843417938545648,0.8935473939913554,-0.8833095295824975,0.9516625611715401,-0.6034177414789809,0.9657839163732085,-0.6789087958163575,0.952259834683784,-0.43427458690628945,0.9662543168716072,-0.4508894213781551,0.9598040244715585,-0.7958161812193667,0.9718446952307288,-0.8374646620306797,0.48963081174210354,0.5614292511010309,-0.8142529590970854,-0.9045686673434354,1.428638825866015,poor
-0.09123824765694165,0.9959119508143855,-0.08667698661857257,0.9357278848787781,-0.09140454891263486,0.9227056542955332,-0.09566574345876519,0.9089664747832517,-0.07142696950184835,0.9500614417920146,-0.0648020157152542,0.9477663685998171,-0.05730381103117996,0.9432401862155718,-0.10274492764600889,0.8474773242976911,-0.043552219912453075,0.9000187451080518,-0.1021154873191804,0.9994989682332404,-0.08138396168053454,1.0166501519161415,-0.11909124127443829,0.5547837575432958,0.002229652877819909,0.917542866781085,-0.3213000802429343,-0.8251761964557613,-0.13367902210763397,-0.5815041597149235,-0.38617062584530754,-0.895164636655493,-0.1443593935041128,-0.6137497374308265,-0.37948545411740753,-0.8528501347398336,-0.15723389676998917,-0.5996400224919772,-0.3483190867839252,-0.8453902424729997,-0.1615014509131957,-0.6221468148115111,-0.3342787452650334,-0.8433851592391152,-0.14838449430909578,-0.6331452864943892,-0.33836884053346344,-1.175120174494026,0.33836884053346344,1.175120174494026,-0.017683798025211618,-0.9183699529865663,0.08352462987089018,-0.6276586153718553,0.019698305391539436,-0.9083375450043946,0.05387464531393161,-0.6830458209942188,0.026156544168036942,-0.9889908152382972,0.07341193724482047,-0.7384700492603038,0.04502716617721094,-0.5395013219436079,0.10909209376003765,-0.47474099617129845,-2.16682198669878,-2.311910082670821,-0.7883094970780127,1.5536783342078615,-2.1756241146916917,excellent
0.322321310122209,-0.7837592876606009,0.3052765009713726,-0.7792198610053876,0.30065849558507207,-0.7829127772296476,0.295457485928798,-0.7868467262205342,0.31251996497490425,-0.7505799084292213,0.31378296903978825,-0.7338245137556902,0.31479537893907644,-0.714446490729698,0.264571289431125,-0.7599950931903316,0.30480833712866573,-0.6531058771131387,0.3197834711901988,-0.7963687698563899,0.32939535600723413,-0.7460151329264371,0.24241663951152648,-0.5123460461909254,0.3166488197741914,-0.7018905332124413,0.43539465599751614,0.1408759960768444,0.5198749149889581,0.0690740704327479,0.4967234548807465,0.44014737417661676,0.49169184643883984,0.3068163561855764,0.46870301109456447,0.40136503881007335,0.4696541204180817,0.2997961107050937,0.46153007970829696,0.4269185204324847,0.4549689557955946,0.3116221092619948,0.4575928806339972,0.4264502185538603,0.45611509685434104,0.31772759988802185,-0.5975179273896247,0.6796692392054899,0.5975179273896247,-0.6796692392054899,-0.35241321664774716,0.3226786710697482,-0.2884006267004787,0.25514801628246964,-0.2956228803419036,0.2528266050440082,-0.36289200999120325,0.3963366245105227,-0.28491090903179744,0.24792386635292638,-0.3963862868538751,0.39167251817974513,-0.33236084464291743,-0.011297799246865945,-0.33970866636746516,0.2946547756264055,0.42496736444345934,0.5340362611686602,1.0374534372027797,-0.25030208041437696,0.6955529489554767,good
-0.8953919401869046,0.07278865958727433,-0.895694776688065,0.12459891215589222,-0.8937801108837904,0.11782914960590195,-0.8918608967488865,0.12147786511462884,-0.9036772899477484,0.1534791186285609,-0.907242481461032,0.1780620269693782,-0.9114397605194569,0.20637825616766756,-0.8930314290388132,0.18442493979135213,-0.919243743520913,0.2866881327585192,-0.890486647084184,0.05573712112529148,-0.8959004107269777,0.12783936457766978,-0.8537482348101282,0.3026508976664666,-0.9319218434948272,0.3165891093724313,-0.8176103563156597,-0.25729775987103454,-0.968005877971339,-0.40091129368749207,-0.8217815426227577,-0.9053914784459768,-0.9408180484452777,-0.9918549254183405,-0.8268356445068391,-0.9096999300974833,-0.9419961317146416,-0.9632426528665804,-0.8496811407021944,-0.9079345056500259,-0.934053920008002,-0.9577339951169185,-0.8533100778828144,-0.9057282706094533,-0.9303528377596878,-0.965138144425265,0.8231566221620225,0.028819646675505593,-0.8231566221620225,-0.028819646675505593,0.9067054135388591,-0.8369196839510364,0.8867462583622014,-0.9693800707818999,0.9660204305459559,-0.6245857120425522,0.9542593034671218,-0.7378715161360414,0.9606914415281497,-0.4862903154204496,0.958685873881296,-0.5346828762349178,0.9621918383504097,-0.8359932976920118,0.9658753973604746,-0.8681693484298274,0.9488573187542669,0.4296572744618956,-0.4903500399196377,-1.0552827717007744,1.1320183990460648,good
-0.06884065041191433,0.14202323792739888,-0.07856127642341779,0.11551443208853418,-0.08377039188491803,0.10854605966722969,-0.08878093512877434,0.10227759297801634,-0.06801605833459984,0.136410707744714,-0.06564658075902173,0.14347005876771124,-0.06292020170004015,0.15104974792149253,-0.11263720764420806,0.09707889855979555,-0.07442060387385648,0.1472657156156396,-0.07625975099882737,0.14257170862197108,-0.06251379831869246,0.15951250597936176,-0.14822408667655554,0.4741410889130435,-0.1547830542525746,0.2283800696424436,0.07168995688434068,1.0841340803735056,0.042622479246358945,1.1973295114986156,0.13072742233511075,0.4464876254925705,0.10913021794056099,0.29224646510328445,0.17743763212064936,0.4726876966836079,0.11275389326228187,0.2507440144082837,0.1512630603004448,0.4441634892416703,0.09329605562115663,0.2425089783399238,0.13698448635713553,0.43653234406992547,0.08529567689221577,0.26159218945366075,1.3456972251402102,1.3462557034064608,-1.3456972251402102,-1.3462557034064608,1.048080864048787,1.3366486077063964,0.5830299715360557,1.295795965039355,0.5807956810821504,1.164863729330651,0.3053898707364296,0.6506073029523408,0.5608527681079234,1.0460765864085908,0.29839713567186504,0.5073240761637485,0.45735250456832444,0.6903515934141963,0.21084501021258006,0.29424265369962826,0.5422244299629968,0.5277907830235384,1.187808046171913,-1.2174495982298437,0.32845961658471445,good
0.01779617656987744,0.9947990459696423,0.014712747582052649,0.9498818679462635,0.010204640641380883,0.9573220780414603,0.005965419876318715,0.9649089209562742,0.02930489776628308,0.9114954137591398,0.034866478794701075,0.888460620388762,0.040975094338081657,0.861736073382768,0.0060868019102783616,0.9126205113746263,0.057815882330421176,0.7953378260969682,0.0007456017253741,1.0078797565706525,0.01628817136941778,0.9539394274775469,-0.03934709185168297,1.1450294056061006,0.0604999870545947,0.8861283349627954,0.28928312776529735,2.2097080025760283,0.30097621546574876,2.3878019760964304,0.2570385088567,1.0908896603276947,0.28630144141813924,0.8886030977099106,0.25047010874160147,1.0507889455542023,0.27827671610586036,0.8398588647161824,0.23169808393926627,1.0189704665994235,0.2500520144965231,0.8737165328319855,0.23472328093738218,1.0343060513004136,0.25532635473431,0.8896131333440587,-0.4709147424522642,1.5644184381643207,0.4709147424522642,-1.5644184381643207,0.03306227760129411,0.8974085270298929,0.12188627538322877,0.3517506558597214,0.039364719534291236,1.1451082322233774,0.12256877836740622,0.7951718320090373,0.05847484707981402,1.2309398296034746,0.14018789772700266,0.8953600888629819,-0.013300413956899723,0.8347806827278188,0.03531203112457211,0.5887746328650921,0.6976307053189617,0.5806843834546217,2.80469017550534,-0.8286529268910299,0.2776164604174475,poor
-0.06646477775554388,0.7362556718865125,-0.06475246287725095,0.6844649064933858,-0.06867657896305894,0.6730415940598212,-0.07195272382493065,0.6635178391917183,-0.04895788055416136,0.7093641655129,-0.04113421827194429,0.7148352708536373,-0.03188005414250357,0.7220993363972644,-0.0770745552168033,0.6299112484007734,-0.015994586762919347,0.6987351365432057,-0.07488035905916118,0.7431872168796938,-0.054034148236607654,0.784024040606267,-0.11224540324540364,0.43829586602867476,0.031512122913152606,0.7880060781019688,-0.36526697392990476,-0.9753177268258268,-0.10254099640600142,-0.6401114038205427,-0.4679227815801306,-0.8111194411664051,-0.16336913105899775,-0.5634773388521241,-0.4374363262555199,-0.7846012721254132,-0.16950657716429107,-0.5621050950154463,-0.40735399500346553,-0.7753399984700352,-0.16859071713101387,-0.578681265293282,-0.40379585782971367,-0.7650321440730334,-0.1627604343024987,-0.5841913888841237,-0.69317051763144,-1.1892748478326092,0.69317051763144,1.1892748478326092,-0.07982092326712958,-0.8491045810152309,0.04181536533378587,-0.5646289831521358,-0.061020195967057475,-0.7358941499018415,-0.02443030126532911,-0.5688622915109115,-0.051116231522475145,-0.7867822229705966,-0.008588698476953044,-0.6440478627308743,-0.02337420718319221,-0.4369569875333698,0.01835502952245452,-0.39960901238919894,-1.9977046850960465,-2.0252667937709843,-0.617088650047408,1.8031624812999476,-1.9499386309939029,excellent
0.19921779568108527,0.4531207428501997,0.19471951835913398,0.3857535067338908,0.1899105136279775,0.37218165519706276,0.18505260719499894,0.357050892817133,0.2089072954071891,0.3878428636945098,0.21539120034982995,0.37988687000294,0.22295907652405975,0.3736237514586753,0.17007165706778468,0.27751975586306654,0.2276267923616777,0.30444937547159634,0.1789250402004798,0.4187873505536484,0.19327360916892586,0.4245239382575801,0.09815553912000109,0.4401435927630448,0.18909968705596225,0.21322631839995143,0.5202258633700583,1.7058827731781196,0.5153756920071494,1.7942214203346656,0.5191103769186057,1.0897812343565507,0.4934965733723652,0.766725208355013,0.48288533402346073,1.0634394218117862,0.45331607234556565,0.7188508305758341,0.4690945002432022,1.0307579743483835,0.4278301667519717,0.7534280920248637,0.47107418991783395,1.045485868951612,0.43192912587981447,0.7416313253668565,0.988738819868938,2.1112038650222766,-0.988738819868938,-2.1112038650222766,0.5727631912409019,2.2151223275418883,0.05472717604841199,1.2827285249203324,0.2523493427965401,1.7655392527766174,0.014724911221405844,1.2377965369480939,0.2609440730605501,1.6734387965883895,0.036840977587650835,1.1531989363223911,0.14182393149540734,1.2971122692747845,-0.15436954711229184,1.0712694876670428,0.7389950251898336,0.6642519777342899,1.0686059041411893,-1.153151629328233,0.011484910889350226,excellent
1.4913495829483385,-0.909581163307084,1.4992067280142096,-0.9725677758563196,1.5059878212525495,-0.957089078969684,1.5129309936851105,-0.9424617457806002,1.4813327992252532,-1.0512988533594323,1.474125662253733,-1.093948480617815,1.463899055094182,-1.1407720418467089,1.5280843135260394,-0.9570364827336466,1.4520063352776709,-1.2059489806315336,1.5166423982603026,-0.8702056101356186,1.498384417186085,-0.9920580327313949,1.525606753413229,-0.9393398382700805,1.442537387180394,-1.1026728849716527,1.46398781576722,-0.3653664267874817,1.376186963041793,-0.19310208688614314,1.3837354378086089,1.1260648482689646,1.3369152048979616,1.325774149287416,1.4265368614516412,1.2505194892394045,1.3319855370330171,1.3087064024267032,1.3658833497156457,1.2392705513562419,1.3472290144430374,1.3356874627892092,1.3785872523598894,1.2152955233213798,1.3429650915764286,1.3424671407594395,-0.5572379230803567,0.3601771703407626,0.5572379230803567,-0.3601771703407626,-1.468809181257896,0.8356975568788657,-1.4731838015481324,1.1808328468940135,-1.5619964625284686,0.9541404675847011,-1.6087703005911864,1.4954394314426638,-1.593439620737219,0.8896655302507461,-1.684966432416073,1.2026858837868781,-1.5518584652913519,1.3058863239514071,-1.6276378410976926,1.8573021191664392,-0.1663699035457607,0.07597393896949473,0.07820409231238076,1.054507021538643,-0.24158414229496278,good
1.0637632456079174,0.11304849428657968,1.076483290129904,0.03669460961231073,1.076540463965876,0.04396938415683358,1.0779222297573599,0.04868987739624441,1.0818258343147653,-0.025173678627794835,1.086910093278426,-0.05456874185363241,1.0925655634068576,-0.09122712853757131,1.0892900502925948,-0.018209747999861213,1.1004380207647633,-0.1755552333968699,1.0558978677449713,0.16560942062120154,1.06550949844905,0.05164349705736217,1.1324409003231675,-0.5081996904265923,1.1646756602128103,-0.19044464459071406,0.7641237958103408,-2.010367284331806,0.8388568744590652,-2.36986465372436,0.7528425552279245,-0.47844249781148224,0.9630195985640972,-0.023944623945892314,0.828547428964596,-0.4922080970008888,0.9521267951549606,0.04691558670772359,0.8260939983396116,-0.4334254119879017,0.9570590418199074,-0.01977044319230804,0.8362364206500887,-0.42728911442512935,0.963462484811904,-0.03916213205117138,-0.7773241213967241,-2.2339111753983687,0.7773241213967241,2.2339111753983687,-1.2155384937244944,-0.6174342097956785,-1.1722102980863465,0.15392559502802702,-1.2789470802782608,-1.6661915824537583,-1.2412087419328075,-1.1591777963816916,-1.287236896405843,-2.110968160892331,-1.2291933995093869,-1.7083835357401458,-1.3492393130611877,-0.9959066595392919,-1.3893758526608995,-0.5187016322186636,-1.5182903967739196,-1.8335968110466287,1.5964733110230187,1.765557568783435,-1.286976865589153,good
-0.9731508886176763,0.33962188102782037,-0.973209476334411,0.38215766018861397,-0.9703460616784133,0.37313415447105297,-0.9677949825713172,0.36720481929907123,-0.9821052981068952,0.4260567705673597,-0.9857595287721466,0.4427607222670281,-0.9898214180886584,0.4607248200322705,-0.9657339263470374,0.40494044817583813,-0.999863504686788,0.5042910761192436,-0.9661732017886235,0.29378624591016894,-0.976704036486404,0.36463241025512266,-0.9333916249944026,0.4512855586237079,-1.004671576402484,0.5366947329340557,-0.9385002648044286,-0.03581991887196662,-1.016569903619907,-0.030457031804026362,-0.8921968800917734,-0.7707422067696807,-1.0392809630820488,-0.8646394744562693,-0.9034482334290953,-0.7757730403286144,-1.0322319715226858,-0.8734804999586915,-0.9173072129167544,-0.7831170798091021,-1.0260617357015873,-0.8635307173970506,-0.9155152517222245,-0.7797757707838835,-1.0271329299510803,-0.8600223369856741,0.6515219936717546,-0.25331839619883434,-0.6515219936717546,0.25331839619883434,0.8737604848299052,-0.7163457542156901,0.8952770576542114,-0.8131192066188517,0.9490071917773557,-0.49020117933280244,0.9689879533849466,-0.577214157353032,0.9449894682617784,-0.3252891337271477,0.9685583509194692,-0.34032649009987126,0.9611931379703812,-0.7090249472152383,0.9791151117839059,-0.7673746090545149,1.0543453569687087,0.906323504641217,-0.9045811770526961,-1.013655458589306,1.655944491268446,poor
-0.21753705824249986,0.8781924480339903,-0.21619161650418,0.8446147110848166,-0.2199031280175224,0.8359222688111424,-0.22319832527317082,0.8270209567884222,-0.20080824424498972,0.8599332763733518,-0.19337506212916655,0.8623735209065811,-0.18502996126358437,0.8658036992489954,-0.22522481731803926,0.7956614396406138,-0.16683874197637905,0.8509593007951651,-0.22313828401907276,0.8644873768304706,-0.20421353231807862,0.8857830090609013,-0.24612865577432488,0.49665674870705734,-0.10250379233938652,0.8580846462925402,-0.4813897523867089,-0.7744600450822037,-0.20163030757357203,-0.5032158252113992,-0.5289514004029162,-0.9041014726325404,-0.2701938631666946,-0.6691368921408057,-0.5351478635509928,-0.8736004056341414,-0.2739755180207973,-0.6697327676065615,-0.5134582866800133,-0.8662425190036559,-0.2729840791856258,-0.6957036275160153,-0.4945692498895777,-0.8666912156871733,-0.27092993148675565,-0.7045180511971161,-0.4524720088172677,-1.0759266181236133,0.4524720088172677,1.0759266181236133,0.09724590896872799,-0.962279618652199,0.20061327722476918,-0.6896259457116327,0.13054307630116097,-0.8334608643908779,0.16131599278483466,-0.6378519671829683,0.13442730136174613,-0.8363474331374668,0.17750978659636465,-0.6310010075606581,0.1899348247183831,-0.5103605052642821,0.23326679912736362,-0.47616589554928107,-1.9664745815440907,-2.0883712140028083,-0.658610345965087,1.832344451326155,-2.0340857421477865,excellent
1.1056536088221178,-0.837872817935987,1.107796330186701,-0.8631707747766879,1.1114284404003756,-0.8504612779250242,1.1149664684612632,-0.8396805222663328,1.0937635261592646,-0.9300743484390891,1.0862840788007988,-0.9585664533011107,1.075526337984449,-0.9947316516056016,1.104269816824586,-0.8702157361749487,1.0510220962123686,-1.0751208078401862,1.1154235739360443,-0.7794285864616888,1.0945108385594498,-0.9049275582568359,1.0947505663819574,-0.7817524998504428,1.0326617373264588,-0.9735383509614658,1.1819617545063998,0.45728253898580185,1.0581422357254027,0.48990360324126403,1.2254919112214324,1.249788767568204,1.0708715326134235,1.3042292894240755,1.2281224560929231,1.2616593815529196,1.085219754858835,1.2747861507920215,1.2066951576183385,1.2248391469018571,1.073998185196041,1.2588693373486488,1.2034564572669348,1.198093168207604,1.076192022494727,1.264986528070757,0.287113931399482,1.5640013149969443,-0.287113931399482,-1.5640013149969443,-1.0305817632322742,1.112024997455335,-1.0855368195248922,0.978728134985298,-1.0029621854198567,0.8520333176633076,-1.2294458983263559,1.2930960524200392,-0.9506262273593086,0.8276618641595593,-1.2652760408067039,1.2527222829294755,-1.0668100590615681,0.7529722572809895,-1.2892606178716741,1.5541794264877198,0.1428337589730983,0.27974210814876393,0.13487684104961584,0.5355096365090806,0.2406916009457256,good
0.5531033616254956,-0.2757097352472428,0.5447295111811655,-0.28401326701328294,0.5436267620574404,-0.27658783152980937,0.5424379182284891,-0.2675803217176537,0.5453146450788965,-0.3167104313586794,0.5438871161642684,-0.3367499769022387,0.5416327330669198,-0.35803404043751813,0.5392155580602556,-0.26350923543542926,0.5372950508067895,-0.38210738374432063,0.5535005976607024,-0.2604816069380525,0.5558243018897681,-0.31227720123428665,0.48230123627280014,-0.24226824803078167,0.5493419041229688,-0.4228878995334346,0.46919325255912964,0.6856911601627527,0.6423999317735622,0.4666704954385367,0.6170169636998709,0.7785605508216934,0.6461629108220989,0.7580924265364894,0.6223977139556321,0.6941814827436119,0.6632997637665019,0.7374389475838716,0.6136614506519449,0.6861615440175937,0.6494488014106354,0.7338768785379317,0.6057455046384321,0.7217149567601409,0.6400188680872484,0.7365774046071629,-0.9372003043463396,0.1841667851900398,0.9372003043463396,-0.1841667851900398,-0.6303976620139817,0.5499888767826178,-0.5467161872969848,0.7100677975666597,-0.723099743999244,0.4601295139076804,-0.6331845992381286,0.4897975602823116,-0.7340414917235811,0.44452299866658423,-0.6612423607513239,0.4138385208772631,-0.7165732450116945,0.5413883815183607,-0.639046578747103,0.5126139181484757,0.08264012488985728,0.3198129086343581,0.13923615677831,0.22319204317469177,0.16848550671044982,poor
1.5567043421133162,-0.02731686154790212,1.5729728568956112,-0.14338157075849595,1.5728506265020081,-0.14329055673855434,1.5739728846765768,-0.14504764971501632,1.5824328767707503,-0.2064467922955428,1.5896476879800412,-0.24619839992987613,1.5988459470391152,-0.29053146031981664,1.5936060168287352,-0.2308439201142826,1.6146441658055888,-0.4119572078130155,1.5490977539096125,-0.009456064233591535,1.5624208875935728,-0.1215441875673218,1.6950164005902044,-0.9002454744047199,1.6748406967433003,-0.6147865912470656,1.3141713753654753,-2.1891130646218526,1.3131550930129199,-3.007592128635863,1.425138529287757,-0.2739852887004595,1.4524454911083498,0.2092152458759317,1.5109501486140713,-0.33406452681192045,1.4346891299060736,0.35433592774337247,1.4697359570303599,-0.2521635664829101,1.4464070096242836,0.2754147145246461,1.4948794563032315,-0.2430968975336868,1.451291167893317,0.22839687727391947,-0.47079467484603094,-2.1693444651704294,0.47079467484603094,2.1693444651704294,-1.6253490891526967,-0.38352173543099777,-1.6320054522004455,0.4598465481247381,-1.7095165736062465,-1.644690355628288,-1.7408888336164756,-1.0373598705210199,-1.7256224782447662,-2.216590225005701,-1.7306661030713093,-1.7808751673814491,-1.7670291623542507,-0.7760616594795212,-1.9057010903371534,-0.24843562490159188,-1.3639725896688286,-1.7143365556468184,1.5694750087152074,1.5250271567856888,-1.228549978705083,good
1.318261304778968,1.4639853423443172,1.357614882308967,1.4094942972916022,1.3593726140714608,1.453324363596659,1.3621304319127345,1.4935857746256742,1.3679185818590993,1.1896503893808927,1.3787860165087988,1.0874159909014567,1.3933861914405663,0.9932640502315869,1.3879683017721391,1.3906316347720045,1.4521987775431888,0.855717720240559,1.300997358910318,1.6228173491070828,1.3187578472643373,1.3236089746499653,1.5381147525184757,0.4870921643878027,1.4236337362142304,0.860568134649366,1.0941357185900056,-2.0563526303622504,1.0027428791283015,-1.837300728437122,0.5418871746762001,-0.6653620780857978,0.9475525167714468,0.22695559683173017,0.6090882749814793,-0.43217166497477755,0.892239052364412,0.3102207065509899,0.48839420778330445,-0.30584384938968634,0.9719485799455565,0.2630352744445255,0.5253596515346256,-0.32429830209579275,1.0029831401997584,0.21539201719954285,0.45573544672202415,-2.5571192804152343,-0.45573544672202415,2.5571192804152343,-1.3763578294479673,-0.7208620324356022,-1.349320658331486,0.2645886625095323,-1.4827440445292022,-0.8914413071452821,-1.5969302194382067,-0.026761409645901152,-1.499465235826581,-1.340364154465349,-1.5431010636896147,-0.7003696010358885,-1.4971345993310046,0.737423267203139,-1.4940673134809033,0.6481691391092486,-2.0592638074399416,-2.319638229690003,-0.8745808083743245,1.9317754664568751,-2.282554289524941,excellent
1.2464995331577964,-0.43881589289659195,1.2633269186487097,-0.42674706882886904,1.2656158503627077,-0.4067563310705604,1.2682053229805403,-0.38853488968719035,1.2634397860120268,-0.5151703033787854,1.2659847248772527,-0.5580769908532416,1.2675282018606862,-0.6090042162634082,1.2939788795933485,-0.37664714058243187,1.2849756537568866,-0.6857066427814001,1.2497259483525045,-0.3964907246583003,1.2498916430795082,-0.5111139111772766,1.3868232179445692,-0.6974110428022303,1.3417763880825908,-0.8526115545180699,0.9870881739396478,-1.8855783509701969,1.1223190208917397,-2.156847873712395,1.0981495454995485,-0.1370518821627136,1.244300995265875,0.21914512828799496,1.0355174921580943,-0.0919264023062857,1.185803084369713,0.2785951277644168,1.10117747395042,-0.06859683329797506,1.1941961896124045,0.24956516898152942,1.141990908321876,-0.0741919810067043,1.226016654995174,0.23938400109947067,-0.4281852523004502,-1.297455928797628,0.4281852523004502,1.297455928797628,-1.2415174876602637,-0.47014700276707566,-1.2380853907461193,0.2887716776163812,-1.3163982412059392,-1.2394525884367904,-1.3778289916407662,-0.6968212251895194,-1.3153991413703126,-1.6551451133316561,-1.372038604188825,-1.3164603796458894,-1.4069049267452216,-0.7452145687628564,-1.4917856310701743,-0.17449599463728463,-1.3264812183358092,-0.9461545730373256,1.606173467797408,1.4368768405302086,-0.923751890246289,good
-0.22996143350846765,0.9108939704649983,-0.23032716337819745,0.8579999650259746,-0.2343866564232701,0.8464807013454408,-0.23782425364512846,0.8344087141876814,-0.21575520616544147,0.8802948412665398,-0.20928769806860176,0.8841532578052342,-0.2017834696613802,0.8873457363832618,-0.24469665378847896,0.7978886840863413,-0.18840467160109353,0.8727874460431959,-0.23704220666308048,0.911786438094456,-0.21926309811567227,0.9373222452306679,-0.2751958028033112,0.5790204266127436,-0.14525469301078606,0.9480245811740443,-0.42453266040423104,-0.8696170229288982,-0.2127290004623638,-0.5737241866678074,-0.50579341361421,-0.9669979917208917,-0.2575678729855831,-0.6979939603678761,-0.5156121111192146,-0.9333336609879661,-0.2691745828379492,-0.688912968937107,-0.4698580395796005,-0.9195120431747696,-0.2715279004675239,-0.7029338004487183,-0.46430264157384105,-0.9121331443134171,-0.2607786652281398,-0.7113474544635883,-0.5403385688744576,-1.0072575896506883,0.5403385688744576,1.0072575896506883,0.10784470601123547,-0.9103939028228614,0.20011139651927137,-0.6826008828542083,0.12980839065904828,-0.8139801306387073,0.17066823522857766,-0.631790705086546,0.14661204575377879,-0.8080404971721417,0.1951865428435857,-0.6052639415945955,0.1635727801782481,-0.5145709236570992,0.2243159990326023,-0.4935548540949552,-2.4170191384307986,-2.4798778422510885,-0.9030594992981753,1.4674559186806129,-2.23566808327622,excellent
-0.9582462437998442,0.18825928408828957,-0.9583787513877821,0.22520731006868092,-0.9561905320723594,0.22316260961161818,-0.9547116931547391,0.22315037580825053,-0.9675835022309667,0.2660797412992707,-0.972929620180577,0.29322884704582125,-0.9778581471854123,0.3235126769239197,-0.9548752492942747,0.3048654086069181,-0.9891268361927137,0.4313282212396747,-0.9547887135847097,0.19444141320242542,-0.9651150519940782,0.25924091938949717,-0.9314087921297725,0.4659253025526393,-1.0031945647010971,0.5374860271918804,-0.8748839793765235,-0.27600058500669694,-1.0917511879411619,-0.34129340076397463,-0.9233652886623868,-0.9649733867694534,-1.0430895093424413,-1.0508124504787735,-0.928383350027869,-0.9765239977446578,-1.0360301078539673,-1.04626745084724,-0.938231544937124,-0.9894321484700799,-1.0282057284775765,-1.0463934370167358,-0.9345823748450476,-0.9862916955087192,-1.0300814764502637,-1.0461389212783996,0.9188414068331446,-0.16375312965546923,-0.9188414068331446,0.16375312965546923,0.8881713853772089,-0.9451729815671055,0.8665220390161061,-1.0636619937142482,0.946910169504586,-0.8145407305926993,0.9439710753567321,-0.8899309164290602,0.9459546778079552,-0.6617373658381698,0.9470254421646959,-0.6719644002294229,0.9579849864552891,-0.9376680980485568,0.9523314544858849,-0.9654448765565821,0.09911721662356557,-0.2768146353262317,-0.3133634477762713,-1.0269248862503202,-0.49479357960447884,good
0.43452175859875286,-0.23338321648256308,0.4322583856626004,-0.2702654514972281,0.4269350645743317,-0.28690804095866845,0.42132027976064346,-0.30419852955241505,0.44891209575259616,-0.24221784427490653,0.4568177814981472,-0.234385018008488,0.4653061912043876,-0.2249164865863201,0.40051145490311185,-0.38128153696472966,0.47260012297237625,-0.25112893869727276,0.41570531347403,-0.2983028299150543,0.44054581301979795,-0.2571691524191822,0.2565066074972905,-0.46248498928671694,0.420263401936688,-0.1739616275862352,0.3551374241535801,0.518991846943364,0.6082019701782946,1.017984211893131,0.2855797361412796,0.9411927124293378,0.4271922493905132,0.7547281706735599,0.26900443647048833,0.8576749767672617,0.41940363572615014,0.7101607869590907,0.2691822665968492,0.8412568592332631,0.3842347960360191,0.7465950263281321,0.26482771056242205,0.8766572508728736,0.3670848902803189,0.7601395104986066,-1.5093263096039284,-0.9076071232832797,1.5093263096039284,0.9076071232832797,-0.5874257034771705,0.29206419141078654,-0.3947032447358479,0.5039819720226073,-0.6023476374396887,1.1055052817614899,-0.49345147439891845,1.2217019325977172,-0.5629030956794846,1.1950025099468324,-0.4585410181876528,1.3447429168247087,-0.4557715421307441,1.1366451570972127,-0.39265247388610225,0.9549133081394482,0.5399487891036245,0.6237629306110023,-0.5531606887735689,0.22769099479370827,-0.003173900861806408,excellent
0.5418248904709506,-0.8609846064866982,0.5354475375979676,-0.8163022127241075,0.5336522500911961,-0.806717603362169,0.5317426347998283,-0.7961372583150219,0.5410529644732252,-0.8166216016924396,0.5430102811639969,-0.811383153937275,0.5441595223243034,-0.8101447778513624,0.5228860122045401,-0.7593234326634004,0.5379618844544726,-0.8109246540473819,0.540201700916598,-0.8549432804525723,0.5419464493465879,-0.8650249439806962,0.4643748889182649,-0.7818647143354985,0.5609664057186723,-0.9135854110769115,0.4397079499563697,-0.21783449577696742,0.6638063029021926,-0.30167269180994855,0.6561258763716373,0.48811261360282204,0.685972329827774,0.4103454988237265,0.6202240715999834,0.4639693957015121,0.6667945587083125,0.42364311898083623,0.6210752158976851,0.48556917950534756,0.6548641176280783,0.41750055771564143,0.6264206704845844,0.4814088496594584,0.658668901545908,0.41687101885222716,-0.8555636893649973,1.1291869020488026,0.8555636893649973,-1.1291869020488026,-0.6182186609298478,0.543420170502662,-0.5599773123960031,0.3324031535772264,-0.7353114893861463,0.6589208975998041,-0.6871876886234058,0.637031162621354,-0.7600028789892161,0.6611405264741631,-0.7403223476467067,0.5511861801161438,-0.7638445591249777,0.7802498152594105,-0.6860655292223279,0.8596578544066861,0.05783874675646501,0.32537871548419717,1.1020877645236673,0.12994999231904666,0.45385989024047985,good
0.6596714663113193,0.33945040801300963,0.6644603601012989,0.22188016141078407,0.6605128802829439,0.205705744780218,0.6571851180509278,0.1889658598438658,0.6828313996600718,0.22551506687609466,0.6935746373652508,0.2190102175786395,0.7062769054606559,0.21123667139051136,0.6516657494688893,0.10972734263986764,0.7234949803159633,0.10069155956095455,0.6503612723393011,0.31711503475158453,0.6760361841117932,0.3061977588973464,0.6307991087146884,0.06643349218473137,0.7640283116187613,0.017982124007780535,0.2060780860529246,-0.2767069469479176,0.444018160780156,-0.36728271044419314,0.14361615561229701,0.33653691828754334,0.39242131422146065,0.4170629017498107,0.2061335777694539,0.27662977338367106,0.41574239457391526,0.41612544057670786,0.20668935039136035,0.23903958254298852,0.4222860825245506,0.3816789283186303,0.2010025920412755,0.2639347376069019,0.42746673814627145,0.3789655008350983,-1.533652252740635,-0.13605681614368223,1.533652252740635,0.13605681614368223,-0.8523899274969741,0.13317670992430608,-0.6816490597505332,0.2822482855496947,-0.8781640414920668,0.4362520350494247,-0.8485840728738588,0.6561086296281352,-0.8507137031373418,0.2285506718084251,-0.8253593108100553,0.42436725166539635,-0.7438459089101205,0.8975768779294631,-0.7244651687038721,0.8011144914547473,-0.7539595712001685,-0.6300786391505538,-0.7708981590664992,1.6850824360943273,-1.0680873878502877,excellent
-0.9717923828072732,0.2999807332249762,-0.9715983421919206,0.34164544528252655,-0.968952622425267,0.3342170361314605,-0.9662402659225446,0.3240029770624149,-0.9816685923296101,0.38671706068755113,-0.9856545967556113,0.40771956419916133,-0.9897586092819338,0.4275944723188521,-0.9684285052976994,0.36845769529454075,-0.9996192416896367,0.4786436134986277,-0.9638244971453003,0.25377892724746803,-0.9754908970907228,0.3258494690120101,-0.93720663700366,0.4221343225028881,-1.0081708175406765,0.48632505167793383,-0.9021876020345874,-0.10619431654885259,-1.0475461575000553,-0.11449677206401912,-0.8907908468352573,-0.8279166848921079,-1.0438328671008368,-0.9142871251353397,-0.9020915825218856,-0.8256913497658148,-1.031975855207885,-0.9171529017088337,-0.9176955269790159,-0.8417441811116094,-1.025983682363669,-0.9117946444873075,-0.9152715321752567,-0.8405888499997002,-1.0292408085960882,-0.9087481968891992,0.6975808188164796,-0.2342678102276541,-0.6975808188164796,0.2342678102276541,0.8745055514137589,-0.7672818091297684,0.8932899339783112,-0.870945099700109,0.9489698766945284,-0.5758965533081313,0.9658021692845357,-0.6544837060130295,0.9461743513956167,-0.41089829669175826,0.9662934326342384,-0.4199057582765551,0.9570052792308887,-0.7835852913751803,0.9718037113048064,-0.8206403487964241,0.7547073268756771,0.6669670287183547,-0.7832616305741733,-0.9356853182953715,1.509711703955303,poor
0.7607416596066526,-0.9441838623771748,0.7460406879287954,-0.9376977397311022,0.743626157726096,-0.9429571780801851,0.7410846170505572,-0.9505272956886414,0.7490356568132843,-0.9205793965573861,0.748341631084722,-0.915459693575682,0.7471154806616809,-0.9159294962854594,0.7305768998011598,-0.9587150192041209,0.7446911518380529,-0.9297551948833972,0.7644852300423433,-0.9508495049058325,0.7629377648628025,-0.9576357189585948,0.6989089119632031,-0.9145858982874056,0.7770699184208097,-1.023968852743752,0.8099460203404657,-0.15759972604998604,0.8810277520132299,-0.3735687355540442,0.9580765185766893,0.7207085736236634,0.899716341611247,0.5944913964257119,0.9450805583367636,0.6657761276837646,0.887529489942868,0.5885349732816807,0.9378952480420621,0.6723443224968639,0.8762145974706318,0.5926269835049737,0.9339577665097426,0.7021025882399109,0.8746906222351505,0.5978655258991656,-1.3304906722953818,-0.08493969717730786,1.3304906722953818,0.08493969717730786,-0.8404456121747987,0.44490673451942986,-0.7356102287901157,0.46985710922504165,-0.9466056070474023,0.5424826768522268,-0.9033101201456387,0.8037121626524553,-0.9624456950277968,0.4954190234758835,-0.9592757342049912,0.6537181807746358,-0.9924608783945608,0.6512525163893157,-0.8929836783240102,0.980916541602518,0.16427645077694744,0.28103081160608473,1.0483199056282924,0.14580480614555316,0.3576458696286079,good
0.3309672306275384,0.2880646309995881,0.327330530029246,0.23343832242702267,0.3233540286566148,0.22493122990471195,0.3198274524110066,0.21362824397017768,0.3423755505774855,0.2266195120638207,0.3499946163717844,0.2190352418409437,0.3585179021036566,0.21050742620045187,0.31172114388444827,0.1431612960988343,0.3630542064997072,0.12341517006725362,0.32368924888973366,0.2792419313803373,0.34282835788977023,0.26117030424195564,0.2622129929203652,0.2856109751423452,0.3612938307254042,0.08755405216060122,-0.05111041001908594,0.19239426136382315,0.19058254462356047,0.11395635770951129,-0.07368824308041577,0.30054790177858437,0.14509552609048854,0.2829945731242513,-0.01492786169453707,0.23507662394100973,0.16079021431660043,0.27250246994684596,-0.0012455892399984487,0.2057829180308477,0.16710838078446638,0.2528542229785128,-0.015197144691904182,0.21966984445405735,0.16739935011943255,0.2547500707495705,-1.302498204011442,0.6485244131658991,1.302498204011442,-0.6485244131658991,-0.5002369456633502,0.20219244504960246,-0.34577552367499104,0.18680603137736213,-0.5207462647258542,0.5178546935942409,-0.47344414626571146,0.5943011189615245,-0.5027945394420292,0.40310584227437574,-0.4555487371599023,0.5003721115633397,-0.4020212870415863,0.758879331004523,-0.3738473873399228,0.6110024163257963,-0.47744973939623947,-0.18981822269382545,-0.91357530231136,1.3544885298274336,-0.8277310409794552,excellent
0.10282435521418597,-0.11644807827641357,0.10571676388774917,-0.08773958333556169,0.10383540954477471,-0.07455495197167174,0.10188506142727394,-0.06088837296217506,0.11047191245219347,-0.12046717401544899,0.11086757180970606,-0.13126877567966416,0.11131880250081942,-0.13931546324663438,0.10457317457615965,-0.04041756937713487,0.11831571187240719,-0.1383918201225468,0.09715957487338975,-0.10084592182837059,0.10179283760164579,-0.1364206567806736,0.06939983313956903,0.024095510241551935,0.14994877708185506,-0.19524981222859358,0.05347531959341668,0.45625382617438354,0.26641635675256975,0.19284789921650092,0.07355915647518417,0.0931477656325099,0.24181009796238334,0.13605184971897544,0.011651406694228409,0.07771838715564061,0.23346789950708852,0.11977975882385095,0.03216173149438616,0.06193160430474889,0.21889620053897188,0.1312204725517556,0.024164127652581982,0.03356772107164155,0.22229425420002727,0.13525798863809219,-0.7281686845536136,0.8038166081605015,0.7281686845536136,-0.8038166081605015,-0.18055066742245487,0.2862947910023917,-0.06461060658241752,0.17346356551400935,-0.06488963679739856,0.08143201766105296,-0.09619397474567397,0.17698108781414756,-0.04155262538202752,0.07103964803778616,-0.10301484460178145,0.2554313988208967,-0.07606669486292984,-0.05813303091596257,-0.1024827426880373,0.11862011110584234,0.20024061527816958,0.3974872712820154,0.08242426411441231,0.4159085024250364,0.20384208776042873,poor
1.213111355860869,0.24058080564275103,1.222391016307158,0.13479620590045477,1.220274183188236,0.13445827461192145,1.2182399916085789,0.1319303468330633,1.2328766447207968,0.08612026458054393,1.237010045868164,0.07059320799145556,1.2407419672626483,0.027575219624495127,1.231017345324635,0.027769252401184212,1.2550255627973543,-0.1777087087505521,1.1992747573042604,0.3283399671650522,1.2140120175524909,0.2305822189959159,1.2646616912745583,-0.5882512249860029,1.296658855832843,-0.30171318213233117,0.8772550119171226,-1.7413225097719216,0.9884146272017428,-2.239287977631764,0.8357398843347106,-0.22091681637469587,1.1363831224497682,0.0806244121304834,0.9033098687769237,-0.2551764636201885,1.0991184437234143,0.17350820503370612,0.8629637657880291,-0.2493261836302819,1.1279410423432328,0.11100074788008969,0.8960542743162978,-0.23448902209690678,1.129153558764761,0.08345559884654516,-0.5382078271799834,-2.0789922150763966,0.5382078271799834,2.0789922150763966,-1.3207569004218016,-0.44682733668230434,-1.2933410591545602,0.3065629777476651,-1.4183160201514555,-1.4387948307493914,-1.388958918107028,-0.9178997929261447,-1.4264625051999602,-1.8809471022037516,-1.3779864711447076,-1.5921043236262857,-1.4756776435945764,-0.7285048160580676,-1.512012950272349,-0.35720099658784527,-1.2274058058118968,-1.6402992893032433,1.378082824061686,1.6774119018062383,-1.196797270791923,good
-0.20053276745488896,0.9725230299311605,-0.19353926222104464,0.9228459935060493,-0.197348417997153,0.909675717890607,-0.20034168360672727,0.8952833265281221,-0.17875257188239602,0.946166828254108,-0.17195983066116463,0.9492650473401377,-0.1637682205846369,0.9511196736564886,-0.20186824772130965,0.8498397845925479,-0.14493392308270397,0.9266888838759183,-0.20801423963774926,0.9701973902389283,-0.18950790508869061,1.0000988046778307,-0.22646968749786095,0.564842071301488,-0.1072147363874965,0.9365267904100506,-0.37143493488573887,-0.9890756509950593,-0.16909405282382461,-0.6949179779093829,-0.4352092289014491,-0.9825032074873171,-0.21738169099055796,-0.6993474154265426,-0.4571703315476515,-0.9570101294647295,-0.22868473851698545,-0.673191668136769,-0.4162098783616565,-0.9418549171540941,-0.22959486885963448,-0.6881515709637737,-0.39737341163038903,-0.9322142482065219,-0.22255319282886066,-0.6989356792321849,-0.4580688541361112,-1.0541394707695244,0.4580688541361112,1.0541394707695244,0.09818730951684493,-0.9223925624090168,0.19202717968028796,-0.6807531704917645,0.12517154992976828,-0.8202632222560864,0.15026565713905718,-0.6480536651726085,0.13773455680770866,-0.7981275608764749,0.18075358374621942,-0.600145569555588,0.18863159209543862,-0.5321886150097661,0.2075408487165731,-0.49848769518356995,-2.573232549669678,-2.558317668436175,-0.9353048387533908,1.3742394388555272,-2.261303947592826,excellent
0.4252915743497049,-0.8432068549839179,0.40342475332014777,-0.8286826697445328,0.3987945327589348,-0.8285213579882317,0.39345298725479916,-0.8284325174873971,0.41125205275229026,-0.798389869404102,0.4136135746499236,-0.7755306918396666,0.4159222208792487,-0.750773186556018,0.3654546424255606,-0.7795326346831062,0.40781155979494915,-0.6770687788132584,0.42525920412237217,-0.8512816014670441,0.43521514336386274,-0.8091537859325137,0.3095161571365443,-0.5696847075750076,0.4243065853898807,-0.7124227317930049,0.3950478011405579,0.17159970512789016,0.5848945088256361,0.035456038096387435,0.5461475645766029,0.5472273606109497,0.5820417688851127,0.43082877092440475,0.4980978152660736,0.5236877064544377,0.5612403310822168,0.43052916390948776,0.49859319839219385,0.5408738959860149,0.5475856214572576,0.4440876413879431,0.5087131374664955,0.5638197950034957,0.5459262884465289,0.4471673881240828,-1.3285667514945747,0.16191915515553204,1.3285667514945747,-0.16191915515553204,-0.5108521879092784,0.36104656993979317,-0.40606614733830937,0.3554474830961361,-0.5833407534387337,0.7630539330552494,-0.5374888698491826,0.8999684732836387,-0.600723465008445,0.7969461148640559,-0.5870325112219078,0.9205581087710082,-0.5920765132591769,0.7116726547996969,-0.5089848558299825,0.8262349553774027,0.2615363460860274,0.43698312505311976,0.6273167665296948,-0.11289885978274666,0.6354863466054625,good
1.2897858274528413,-0.3548044907117451,1.3060589590954705,-0.3934311043928915,1.3053576689874693,-0.39095079344113953,1.3048892436676158,-0.389708827290978,1.3152559261362569,-0.4428245767538331,1.3206839097143916,-0.46760690703542307,1.3260230840349267,-0.49690452873982194,1.3215539741553792,-0.47316124024523043,1.336488156841088,-0.6617654888388051,1.287266598257087,-0.37258730195726675,1.2925341062519955,-0.4202300052964337,1.387164667110386,-1.0119507159927654,1.4376703253887282,-0.8585460176397619,1.0920823142815543,-2.0471293844136396,1.24789414434864,-2.11237292913684,1.0040155349339075,-0.02286032995018325,1.3004224792349037,0.3173664738805059,1.1018469664632855,-0.026146624723127343,1.265085457442446,0.35088858063757633,1.1299723867958538,0.007648447174677671,1.2704036439948523,0.31310608446630445,1.142566143925749,0.03341449109212733,1.2901845400520748,0.3046707168985897,-0.6968618037328232,-1.9870546874217425,0.6968618037328232,1.9870546874217425,-1.297442103549493,-0.3520833887342959,-1.3316265537204512,0.36076310621669927,-1.362974708704764,-0.9329331971022373,-1.4327598792305571,-0.5775176202094943,-1.3678916071997285,-1.3278672914982044,-1.4433267837797157,-1.2707391183618435,-1.4569069409505393,-0.5089050411227422,-1.5565091689079191,0.012669880609798878,-0.9470268905255991,-0.8794148732704488,1.5561882125804187,1.5359793066622267,-0.8211082368607074,good
1.1986989094835503,-0.5451406460335987,1.2027996249144688,-0.636261741460696,1.1974096107574983,-0.6539035245226404,1.1912314014554415,-0.6740237345027017,1.2195588140932008,-0.6346196196180968,1.2277568028113555,-0.64459557540879,1.2367088516662927,-0.6514380486868914,1.167936386822162,-0.8485382846424973,1.2444747041036757,-0.7684582431826511,1.1722259541679119,-0.6466697912679231,1.1984708858106992,-0.6391357576093991,1.0187260594363012,-0.9404240332822026,1.1189829548458767,-0.7995831037533431,1.2667799418636592,1.1282080194211859,1.4175200959373129,1.4587519774975959,1.1523111273792424,2.216818722277687,1.2035767603778362,1.794971781018204,1.125938709190538,2.1164564735772253,1.2326759381847767,1.7385196118647168,1.0891916157492028,2.076454418209032,1.1822176708048124,1.7929717646646919,1.0786276349481436,2.123544498950676,1.1485115166376823,1.8149631137404227,-1.753869067061551,-0.862138645626035,1.753869067061551,0.862138645626035,-1.3539331554967684,1.093863692064962,-1.1129131721186294,1.3586270584684779,-1.4309461670169414,2.3178739749346464,-1.3071257588855572,2.5030800650773712,-1.3577445318181671,2.426761486627479,-1.2337156943745615,2.5500587635003447,-1.2312596930588107,2.3350769481902547,-1.1384123680194553,2.0504963866137835,0.5220129196607327,0.6160660651132144,-0.7236858898216073,0.09509047862895094,0.024225006798028265,excellent
-1.0315831122804502,0.5761392060282956,-1.0208673304371025,0.5802785668923655,-1.0194387975528727,0.5757748656908964,-1.0178374096055494,0.5731387769305731,-1.036064854734128,0.622012231527512,-1.037432407432131,0.637610303665568,-1.0386784381674334,0.6549985590967052,-1.0124114513073288,0.5898228558762504,-1.0348202380132703,0.7042190807189642,-1.0133291780248133,0.5318259744294502,-1.0205355037889428,0.5860618014486744,-0.9627374931870638,0.5819029644619539,-1.0303123586857204,0.6420722074407518,-0.901561666592312,-0.3755245216489643,-1.0657385959936758,-0.3769414707828572,-0.9681153773629002,-1.021486936266238,-1.017345359463292,-1.0781708522915745,-0.9709079242638933,-1.0152345140601002,-1.0110870747494194,-1.0730441018553543,-0.9781463327832102,-1.0231287305692887,-1.0086065776477047,-1.0713857332322276,-0.9810584998131278,-1.0236750312386247,-1.009415849304051,-1.073171818798302,0.8655576949635048,-0.18204799309465308,-0.8655576949635048,0.18204799309465308,0.9344981120942643,-1.0069996237652847,0.9021273379487385,-1.064208138653831,0.9997747942567418,-0.8454597356671966,0.9780740568973421,-0.8734948007441282,0.9988781183887255,-0.7122299147803416,0.9773022108155867,-0.6708483290192412,1.0021797278415174,-0.9705480146345069,0.9923459093094066,-0.9594738863292424,-1.80516957105765,-0.9452971068268431,-0.05827698313698852,-0.7358087767684824,-1.4456545512238255,excellent
-1.008477710409947,0.7078286814856839,-1.0017893696426492,0.7240875332843479,-0.9960025741442026,0.7178969175364751,-0.9904244370247552,0.711179279035462,-1.0166903531782092,0.7555914264273004,-1.0197336127762973,0.7690034928412277,-1.0243171356055996,0.782793038112495,-0.9812948113172161,0.7366754002873752,-1.0278999930684607,0.8228178576990026,-0.9918643582257437,0.709957395546187,-1.0087268967055034,0.7513474948708806,-0.9578300790187023,0.7487849154023489,-1.0260806861268734,0.8051944703667214,-0.8887382696029457,-0.24049948402198473,-1.0728108352388674,-0.3181657793851897,-0.9544344988028072,-0.974154749150468,-1.0150586312321919,-1.0249521040598448,-0.9503715814623046,-0.9659730334122454,-1.0114475954310982,-1.0228351279129624,-0.9548897028736688,-0.95346155282661,-1.0115276376454445,-1.0113210686811527,-0.9598422455116122,-0.9542969807751257,-1.0082266149016479,-1.0125338550624523,0.8803601618328939,-0.18990867510707374,-0.8803601618328939,0.18990867510707374,0.9283528151066051,-1.006526661060191,0.9005067290662907,-1.1072431052388163,0.9674670801081469,-0.8486249774935372,0.9784842618798749,-0.9156519126964809,0.9644985926221732,-0.7313854637950088,0.978353045476603,-0.7194435663222618,0.9705651390263156,-0.9248789545199241,0.9949202276936588,-0.9730522857062411,-2.892093466841549,-3.228797740444296,-0.55626114578018,-0.7145100455118346,-1.9498133360456904,excellent
-0.9889617618848751,0.23019554309381499,-0.9889960868277237,0.28180191600212795,-0.9858016005487332,0.2713358336278714,-0.9834497751259652,0.25935169498291877,-0.9999820006092351,0.32643859328140595,-1.0031245675105975,0.34716140138408386,-1.0067518624894631,0.36594898865640363,-0.9812054023832715,0.289903989456519,-1.0133621249391347,0.4197148488665464,-0.978446725272964,0.18652892878975866,-0.992591684436231,0.2576111079764801,-0.9431928186951187,0.3572620602305419,-1.0133495918651902,0.4234230834456055,-1.0023176987027995,-0.06481302752553299,-1.0023976562842545,-0.1113918862993938,-1.0006478769360516,-0.7628085545533339,-1.0078865169758402,-0.8658781128864483,-0.9903189814923866,-0.7667295662814618,-1.0111048834650898,-0.8735494559400131,-0.9989365835247942,-0.7782166818393333,-0.9979300838223214,-0.8662179755466574,-1.0044243037304175,-0.7800406883918942,-0.9914495067606827,-0.864036767356501,0.6744175964088446,-0.1623046469108157,-0.6744175964088446,0.1623046469108157,0.8931705498828584,-0.7340588260790453,0.9030317371185087,-0.7968443460353661,0.9667580343620414,-0.5213791969003335,0.9763597937303576,-0.6167731371725108,0.9645049783916605,-0.37846808442575264,0.9772464068744949,-0.397986083168043,0.9781444989091321,-0.6842354818449286,0.9840914625835653,-0.7723523350859169,1.0341628943734533,0.9465574159564644,-0.7543611192354142,-1.0776264282516428,1.0905757005454166,excellent
-0.9750488915355022,0.24325167432561942,-0.9734925449627228,0.27673963121370915,-0.9710733120171564,0.2687472640147937,-0.9694644607601443,0.25972887338937084,-0.9832657423015035,0.32200584073071326,-0.9867283584285895,0.3409740867681443,-0.9905096532557475,0.3606636298634321,-0.9665925221430893,0.2943649909817335,-0.9994463403869198,0.4130910835355176,-0.9677173039121364,0.19653768803540936,-0.979006869475606,0.2761054916740665,-0.9307927809128731,0.3640733836828687,-1.0026411509774198,0.43260575671364715,-0.9353445811706071,-0.09965310625387101,-1.0292860031854782,-0.13311214637158839,-0.9286030878983278,-0.8069728565374904,-1.0339372387120402,-0.9023264665501413,-0.9274176004719277,-0.8182432952127591,-1.0245618947465522,-0.9100553299327906,-0.9428176309933614,-0.831895728445424,-1.0173105394774413,-0.905554713281336,-0.9465486417720621,-0.8300080885397034,-1.017494872525975,-0.9031045115512869,0.8302278343039263,-0.1254907275036511,-0.8302278343039263,0.1254907275036511,0.8828295326026566,-0.7720787644336499,0.8910972866622856,-0.8829800829661995,0.9504084120640992,-0.566832033683706,0.9650752971345257,-0.6662813711496403,0.9467984753506056,-0.3939824666114424,0.9649533646769213,-0.43318402318510857,0.9551080706751988,-0.7320972341598466,0.972534349819797,-0.8122603161527199,0.9220312530703804,0.7756470248319333,-0.8773921595622485,-1.0742444657402412,0.990767094359461,good
-1.0160520587076207,0.17252339104113942,-1.0174612272137842,0.21279465708560627,-1.0123434634026856,0.2046807060099892,-1.0066110830032764,0.19840863352442142,-1.0270237303538916,0.2638183679885315,-1.029864238248796,0.290009682808254,-1.0323765438980648,0.3171791315724484,-0.9975761413293832,0.263003650921436,-1.0285912307168268,0.40593152886276845,-0.9989869509414498,0.16450621435729137,-1.0128264809494887,0.2331630182340198,-0.9476651677855307,0.41620641836687844,-1.0172680956402447,0.49118417883402643,-1.00434874890427,0.05232012688192884,-1.0187185895572362,0.033013639548466096,-0.9897526444541183,-0.7040324860692615,-1.019727153425832,-0.8086934187329324,-0.9809013132717124,-0.7140382790646631,-1.022062337957526,-0.8260244968881122,-0.9955456135102757,-0.7271608784514293,-1.0103416487875734,-0.8159179734009323,-1.0004348345890357,-0.7299467058265431,-1.0092784339075538,-0.8118418081026091,0.7191818425601582,-0.1581122351065935,-0.7191818425601582,0.1581122351065935,0.8937920162603531,-0.7232945180339408,0.9054670599673545,-0.8118068645209797,0.9668106852136024,-0.44735400790678337,0.9769500012689694,-0.5442608037731802,0.9653791323802289,-0.30608593957056784,0.976644053285852,-0.32227857540387617,0.9782122258721905,-0.6494500293086134,0.9851705506064031,-0.7309140501941838,1.065399717148002,0.8907637857797116,-0.8550815701573173,-1.1519304188990958,0.9399208257381942,excellent
1.0419912174225092,-0.18920674252565975,1.0524902834328083,-0.22435167287769092,1.0508570334731717,-0.20744449625961706,1.0502633878035188,-0.18949009828063149,1.0608097920054866,-0.30523572047188835,1.0657979586752195,-0.35067247318823913,1.0729072722342794,-0.39195768800765507,1.0633874572745108,-0.24184854773817005,1.0839376811691368,-0.49393498256965984,1.0350140230448996,-0.12652192842632579,1.0477110511830632,-0.25056202279923034,1.1341130441277572,-0.4465775739152966,1.1295233998812186,-0.6042980638877001,0.7716926334386531,-1.2375123731321318,0.8612350878854655,-2.1402492943189877,0.8801608296179623,-0.23028050179934678,0.9849585343667443,0.035232432704021696,0.9302975294311324,-0.31165647912869515,0.9779756657237949,0.1403797796853618,0.9148624205261194,-0.29004520414283474,0.9809126987117288,0.08023061543772061,0.9417822593998565,-0.2859718202215423,0.9827723562648524,0.046642873326522775,-0.5220320256283552,-0.9972077503837773,0.5220320256283552,0.9972077503837773,-1.1258831023308566,-0.3174101601855476,-1.0979873984948438,0.25702494519999564,-1.1702117490031987,-1.2934933968729962,-1.1771167543874477,-0.8504026455803727,-1.1805711059664297,-1.7004479750618406,-1.1764959681497151,-1.3793458432236183,-1.2159831145304663,-0.6955244496230765,-1.2918534134074213,-0.2795331606788726,-1.1544152523882099,-1.197617919320439,1.5678883512679331,1.4959869897471283,-1.0288496513615635,good
-0.9611748155429107,0.35005131757109476,-0.9617368902049473,0.37357358335464275,-0.9591353969379021,0.3693069252556177,-0.9571678765929763,0.36683660207678137,-0.970837419798079,0.41483045490234993,-0.9757577010255549,0.43814792519463575,-0.9804630699695445,0.4626047260728652,-0.9570155146399112,0.43602178347613724,-0.9921882111497761,0.5482638379476654,-0.9572492228118695,0.37724994155255415,-0.9682279690849518,0.42889227337061914,-0.9349357513170449,0.5367244378677191,-1.0060239574895629,0.6184604669786252,-0.8543357508957281,-0.38523043847542077,-1.094299569178339,-0.4350919483454548,-0.9192396135262709,-1.0035114663362246,-1.046189572858556,-1.0764989968287637,-0.9329277647023797,-1.0101016489088301,-1.0389101810203194,-1.0724127866863795,-0.9353776316002201,-1.0238326740491344,-1.0300073379942802,-1.0726797884208092,-0.9315471049892846,-1.0227072770345877,-1.0309009752697151,-1.073290456539494,0.9895967423319013,-0.15080304332975134,-0.9895967423319013,0.15080304332975134,0.9246425282289545,-1.0100988140200846,0.8686281248058696,-1.1353598340194002,0.9951053152564924,-0.8696722527490709,0.9394512696731406,-0.9198945728723171,0.9905777331205708,-0.7308298384291776,0.943158670306229,-0.7251372018939697,1.0017878565986966,-0.9758614636827495,0.9384928039948373,-0.9874634763001591,-1.1875191140306367,-1.409536032851076,-0.7368189719114653,-1.119641956099785,-1.1260728540583023,good
-0.20192691300686266,0.4157444459560231,-0.17781578965226044,0.4795665469263464,-0.17792409892824332,0.4923076079680479,-0.17767681423151616,0.49502024270930634,-0.17128319751151957,0.41739721065143287,-0.16633346592144874,0.38922692648660767,-0.15982222292023074,0.36077478701794385,-0.16070250067611977,0.4678348458483365,-0.12716809671173127,0.34871555877826144,-0.21142141083589466,0.42864799133174863,-0.20243536577500068,0.35273041581671005,-0.1600352353424963,0.5519993341006448,-0.16866865826646815,0.3045665869812834,0.013769175964959433,1.0352969171054693,0.03634641425631155,1.058310405609853,-0.05826858221064263,0.3498652918469546,-0.005794875193458993,0.21434481273764489,-0.06847071280321262,0.3970755922682608,-0.02762198432582616,0.19324305011207205,-0.07472070143227202,0.37247286702210736,-0.04942387073314734,0.21230336294998856,-0.08330887491466223,0.35171429930660514,-0.05635868524920676,0.2267211737065191,0.08144121191296444,1.3192163497746645,-0.08144121191296444,-1.3192163497746645,0.03502883562630823,0.21338340706888012,0.1352794742011296,-0.06835988327327705,0.018197364631216503,0.7090116421952329,0.0862356203719215,0.6909398309019592,0.04740921010844182,0.8018662217465088,0.07452997141947051,0.8753401576842429,0.07179215351004606,0.6132288368690323,0.14848704534152304,0.45724751897428684,0.6567579884966558,0.6858879475903429,0.0099415865242974,-0.5227792332575956,-0.2133787853539867,excellent
0.22826814258874148,-0.34308327062422217,0.26020248637116866,-0.24643604662305846,0.2649015454744051,-0.22449133830446089,0.26963583747418185,-0.2037965059969763,0.2570959854852699,-0.31344711726490765,0.25976151623974947,-0.34117402824816456,0.2639656518893342,-0.36819912032044955,0.2952170256612678,-0.19706350418199645,0.29915119646290883,-0.38592977030816106,0.2265148444592329,-0.34863345596853274,0.22280767313504488,-0.4224895946970344,0.31683720474923244,-0.19958685021907033,0.21391624900321268,-0.4043488151882953,0.5256335285590241,0.5023952005674371,0.40593418942824955,0.724632238966721,0.36880545901512246,0.467188466679984,0.3432068455834864,0.5265018003150764,0.3346236705715007,0.5790404806800935,0.3291248096749918,0.5162074973941668,0.3268361238216684,0.5519360641529197,0.32319566307905306,0.5248219291526567,0.3271348571126939,0.5324866026345498,0.3146043391991066,0.5399727355027497,0.12215435746615849,0.28229724990467914,-0.12215435746615849,-0.28229724990467914,-0.46050599181971824,0.2960057779432296,-0.30276353339384343,0.3731981191387734,-0.5347289836294872,0.8124979250292919,-0.45612575180911846,0.9267995193094579,-0.5004007258893617,0.8429247708117585,-0.42403234298860304,0.9944562920863143,-0.3815171700638415,0.9481897403475072,-0.3260400058084095,0.7760666650371575,0.5649130318813649,0.6118575915241651,-0.24262744383283114,-0.07328158464918534,-0.2587012449139881,excellent
1.8508716510246244,-3.4333424059788245,1.8022645876121774,-3.3874260499102014,1.8067276000702832,-3.3899438278428224,1.8102977722382465,-3.38608635220461,1.7667930550840474,-3.3682181886161446,1.7467389646276321,-3.3525899558605996,1.7240546269054056,-3.330642542216405,1.7956204301707475,-3.2790279287094024,1.6699864856696236,-3.2241802596213547,1.8926284844924786,-3.3967805947296648,1.859703015328137,-3.3483503381975646,1.862484129458149,-3.1161307511528142,1.7300121336353362,-3.2011160069357825,2.0166511331080734,-1.690593596759582,1.7514171302773427,-1.2064919025202603,2.0811175133325364,1.3485309675130026,1.7605961439567064,1.7050378873817782,2.1579648408532814,1.43817329385372,1.790081234947728,1.7176434279725585,2.10956291684804,1.532173347070193,1.8035620975851692,1.7032240275530053,2.1164413497231958,1.510889718564431,1.8026878903038814,1.700243944056692,-0.3388721467584771,-0.6561681667322514,0.3388721467584771,0.6561681667322514,-1.6033654743228765,1.4536641734788454,-1.9058581015244507,1.5083074621923827,-1.540706358477537,0.40811884279918775,-1.5222231397046948,0.6103604259046889,-1.5533189591618723,-0.0656466929820528,-1.5523192373797374,-0.1287489816976479,-1.625602441874593,0.15392898218392417,-1.6327336805275197,0.28859385764648204,0.23967815516226615,0.37940777456046293,1.8998304815228406,0.3334295307957329,0.31138778149666096,poor
-0.9888156234367995,0.22439730626860419,-0.9888206127787693,0.2716486219505927,-0.9851457530954305,0.25987262849251697,-0.9826959050679872,0.2462039751935172,-0.9994503801183302,0.31506491085488336,-1.0026317980634534,0.3342459927608944,-1.0062296486717077,0.35275523317509694,-0.980032729540139,0.27320814246215597,-1.0113861841910665,0.40504010556823283,-0.9778135785454899,0.18724174882135902,-0.9919919913727606,0.2571474889237823,-0.9405821771617014,0.34597291727384044,-1.0111189515408905,0.4250584836224854,-0.9929458806434162,-0.08097151636553358,-1.0033366343362702,-0.1256228115449789,-0.9866599806403745,-0.7821652091472989,-1.0072295386497754,-0.879407083522337,-0.9823241745612954,-0.7868730711141321,-1.0108064430778683,-0.8870532935085207,-0.9941192824196713,-0.7964815851684347,-0.9988223283133116,-0.8814044557598272,-0.9986228344980299,-0.799113013041371,-0.9922323049724054,-0.8790979311959234,0.6847951009967291,-0.16485971888044076,-0.6847951009967291,0.16485971888044076,0.8964442452290948,-0.7438224997637404,0.8959284187400984,-0.8270935749469313,0.9670769150503451,-0.5502859568018881,0.9741111033675639,-0.643875075436588,0.9654864418468947,-0.41019009588477445,0.9758548895960705,-0.4241658233132116,0.9787403149187561,-0.7048506300659481,0.9820862975317968,-0.7867364440714439,1.0383692934581679,0.9228175271467982,-0.7462865629484622,-1.1407620775823744,1.011413296520416,excellent
-1.0055655160517774,0.523374918360174,-1.0037052897086056,0.5454537095471149,-0.9981193952855447,0.5352176816646224,-0.9938609516915515,0.5243665391570081,-1.0145587932443385,0.5798713412065232,-1.0168261671316126,0.5959303336696812,-1.019631188436927,0.6130671502940583,-0.9873346803764819,0.5479842048783831,-1.0215472399346308,0.6594150039899086,-0.992925700818748,0.5115426652320063,-1.0040535786273161,0.5601798928540924,-0.9545934733061207,0.5225741800126759,-1.0214829990964553,0.6314729420094138,-0.8930109992857047,-0.3601207078192489,-1.0661656014725884,-0.3757012464812295,-0.9611670222613717,-0.9991543395271433,-1.0129863787121527,-1.0665050761090606,-0.9675387590219219,-1.0109246484923298,-1.010591417879158,-1.0639018847480537,-0.966666638850593,-1.0146636070797177,-1.0091277828580303,-1.0647727627810695,-0.9686991308880215,-1.0121309257897024,-1.0046874748099626,-1.067024699403594,0.8492429469406324,-0.18886117875791472,-0.8492429469406324,0.18886117875791472,0.9230545658137489,-0.9805180703251186,0.8986063770645817,-1.0503560129807854,0.9963461898776107,-0.8358561809191898,0.9788789977758662,-0.8863007526131652,0.9970866878379769,-0.6878354899399031,0.979387928351241,-0.6662383053394662,1.0025171679061318,-0.9528462651118687,0.9979279493235892,-0.9481559371400868,-0.8396788362241063,-0.8779542767252824,-0.0313472737457145,-0.8457483231395215,-1.1510679014458152,excellent
-1.0215076175379412,0.4083985388000159,-1.0235083761366541,0.4575163297214056,-1.021834559034186,0.4531480555497025,-1.0195234763833956,0.44758325487427497,-1.0273770971132348,0.4872369167306424,-1.0289547082697579,0.5042594265232662,-1.030895661067412,0.5225646645097556,-1.005764156503673,0.4751660570433187,-1.0310767445565274,0.5775834219193936,-1.0146394081085082,0.3853613722884503,-1.0213239127674618,0.439392666412283,-0.9595005281366044,0.48126148099165145,-1.0267065548976486,0.5783804167243056,-0.9414051335403401,-0.2993032065770062,-1.0503289350835634,-0.28013717438839,-0.9965679847804199,-0.982746278952117,-1.0121410007250928,-1.0506179841056444,-0.9967799311518195,-0.9862440261317411,-1.009880701625666,-1.047039272027576,-1.0020125015637287,-0.9968472667087924,-1.0009520293446839,-1.0516121415109299,-1.0043129560732331,-0.9979791676564211,-0.9989843244296144,-1.0521097920998403,0.8476002399927747,-0.15515715168791264,-0.8476002399927747,0.15515715168791264,0.9125400311116051,-0.9828716790034423,0.8873999301823768,-1.0917293334001865,0.9797725942336891,-0.8633450056186959,0.9643477201242435,-0.9020992713302634,0.9783810526430455,-0.7094825842860466,0.961853833034277,-0.6922562646028655,0.9836292517260162,-0.960578538422136,0.9692435098835329,-0.9884682458906794,0.04520142125790563,0.3463445148172909,-0.5133870461683856,-0.9896183024236668,-0.7297397344348515,excellent
-0.7302650428538429,0.212229802063251,-0.7381704228348102,0.26150144663533187,-0.7422890860657151,0.2588344004217778,-0.7460989705764494,0.2572972571912023,-0.7309718012971524,0.28786741021658335,-0.7306274159399612,0.3031768836805638,-0.7313630437857296,0.31890508852497423,-0.7671456816975988,0.3011389097755283,-0.7435005333928311,0.3779937389477884,-0.7420314428830656,0.18851068395521461,-0.7356920409422477,0.23388215349749056,-0.7543476901045485,0.4769761563356527,-0.8227368962919223,0.38992560975385365,-0.6122299674781281,0.1648731552006682,-0.8348440670013297,0.07716669085131748,-0.5251325156057794,-0.6169605623176949,-0.8246813978421973,-0.7251084640034487,-0.5419653367567683,-0.6213189133029428,-0.8390948104555521,-0.7202515442022562,-0.5500417201570796,-0.615827426462822,-0.8320765543563656,-0.7091333099025843,-0.5567740014440689,-0.6117993258867137,-0.8278377308283437,-0.7085464950830811,0.8929887412968595,0.05554213434953013,-0.8929887412968595,-0.05554213434953013,0.8821318784496537,-0.40182386938368875,0.8404637457628827,-0.40579889635127653,0.861990936970098,-0.3764679042667232,0.8265395390608264,-0.4698974860068034,0.8578520731377379,-0.24384407071084938,0.820566439134159,-0.33647052240343417,0.8444371233527793,-0.5662096328671602,0.8183026045697085,-0.6502084698971852,0.9231275897925157,0.5512170150069964,-0.8109480864276003,-0.5372074935307763,0.6649175124296852,good
-0.9663620173754818,0.09630177198755961,-0.9692494520264678,0.15544373008914142,-0.9682890859481068,0.15421236553202852,-0.9668256392581106,0.15377347975114028,-0.9736599541914405,0.1933103144075323,-0.9773109615713543,0.21883365605225244,-0.981269842528422,0.24806017460574395,-0.967323833920221,0.2356454599834559,-0.991587759378943,0.3604374317183033,-0.9635286788332894,0.07974211301338124,-0.9714208302304079,0.1471510388559869,-0.9346490690634135,0.33602993004341186,-1.0059054282832391,0.4202480770487702,-0.9057533643220756,-0.2000858004337022,-1.0498730301572232,-0.2299443272658795,-0.9199121607910111,-0.8609226903952449,-1.0376762408619782,-0.9515647900883186,-0.9239933528188031,-0.8629155630067227,-1.0268812305295931,-0.9539084940943201,-0.9397438322042432,-0.8834174103076666,-1.0156019596215575,-0.9504293508797853,-0.9396633340778647,-0.8841440836048665,-1.0161767844450587,-0.9484429085517818,0.9335873978570222,-0.1309430227067956,-0.9335873978570222,0.1309430227067956,0.888978864331039,-0.8851125868670024,0.8819533019603965,-0.9795116791664047,0.9574803224825901,-0.7022466306111164,0.9594741863318624,-0.7995974550322991,0.9559886871391868,-0.5329379871970482,0.961341044084258,-0.5601008083216685,0.9689353596339603,-0.8554891327013464,0.9694508685782235,-0.9063816705389885,0.7050572039145124,0.6040385907566915,-0.843770172794887,-1.2097004136507918,0.7283870976855609,good
-0.05584314730394741,1.010936131847944,-0.05670903113609179,1.039120535495945,-0.06103451212934555,1.0700012964811403,-0.0651038435964528,1.0947289346943934,-0.04173191611541308,0.9623250924652321,-0.03589687968531791,0.9303543702786224,-0.02990427110690989,0.8960409216909555,-0.05482096748566397,1.0603703104670121,-0.012975975710813702,0.8539634824413981,-0.06954259948344273,1.1267918062423616,-0.05147621082442653,1.022842132538758,-0.07609951569541383,1.1573825259728192,0.0473368530781337,0.9096812557493563,-0.4047362143415518,0.9895171879326432,-0.030820527892419087,0.6425789058380583,-0.20487135294549225,-0.0326328100571343,0.010581063021661,0.13870973356491403,-0.2515561739512847,-0.08476183474425453,0.030575820837157604,0.12311585105876595,-0.2256206559395828,-0.11709417781477843,0.01911052591271469,0.11571717568830718,-0.20573172105388615,-0.08218445507861366,0.013856254644920594,0.11126006519623623,-1.2996269631727622,1.3803250104168359,1.2996269631727622,-1.3803250104168359,-0.1264490865511937,0.1072580791026682,0.01250706069748827,-0.2219353852967655,-0.022274730988091032,0.17413671694712177,0.04400082704131563,-0.24992081564491758,-0.010807803987382616,0.19918545995935427,0.061508283210938035,-0.23890625542100513,-0.07138815153738134,0.14649303751105233,-0.052773693338850965,-0.1824128720672994,-1.5206583186372238,-0.7429038103620125,1.3103042482654506,1.1741298522546768,-1.131448087015437,poor
0.1712930223467174,-0.270139111843965,0.16978691403241222,-0.26353751732207864,0.16988774988975888,-0.2570696324015796,0.17027120397891396,-0.2508770944394483,0.16702588041439628,-0.2792444357000672,0.16387796511530084,-0.2834067345960362,0.15856356804662416,-0.29080036452548974,0.16566200026310096,-0.23311623390703023,0.1505752383988055,-0.2927412505021332,0.17548797369712546,-0.23558637915124594,0.16760457507885734,-0.30283455205035154,0.11689056059486412,-0.09757746524444037,0.19244794768926649,-0.3116643908437424,-0.0662417095002713,-0.08615028640873011,0.1895131910006509,-0.4041630219428728,0.10069566930497194,-0.04159707334866924,0.2576293505508646,-0.04520831274472407,0.10023474347920087,-0.09404759057279118,0.26692662511035,-0.030832565297592655,0.1287446185080456,-0.10835052242519902,0.25222138097700425,-0.04688734839850062,0.13512018762668496,-0.10220833970309784,0.24936710692452507,-0.04819309057585751,-0.6142423314602101,1.3761115375794255,0.6142423314602101,-1.3761115375794255,-0.2818453764444572,0.09608192159841358,-0.20322594319171713,-0.08214418555414478,-0.33013260343234446,-0.23545599241369222,-0.26762636333120776,-0.23144019777148583,-0.33844860142690963,-0.27728619902062673,-0.29388098480797914,-0.367289557233202,-0.3596749309708854,-0.07777807132939904,-0.2901746090122939,0.09538920660919493,-0.29678786640984284,0.036018589508705456,1.2313786461195937,0.5713199276081554,0.01847249461686415,good
0.580523845460916,-0.17123777654486683,0.5796323923830946,-0.1937932598454851,0.5772483496197123,-0.18697735935300097,0.5746728627785701,-0.1801241491275331,0.5858019619111736,-0.22877755284133341,0.5873266179309272,-0.2518605268741203,0.5887385901828449,-0.27891680839228367,0.5741599085586633,-0.2135886790625148,0.5951134657339475,-0.34522595504032233,0.569163724253057,-0.15447940814170116,0.5796422756335115,-0.21171756844486359,0.5173456294373158,-0.1448505070431595,0.5873467989554144,-0.3219783875674221,0.8317809327219876,1.218344827880585,0.8024687040388447,1.0623113586316195,0.8210598007151265,1.2261008171291459,0.77923165210257,1.0330526026892077,0.8727671896527512,1.204295248243656,0.7924503242073324,1.0123719823570194,0.8586495038392824,1.211260675432321,0.7740801440105173,1.019775784616693,0.8423915863399664,1.2178296652846712,0.7657553655385355,1.038234754924761,-0.8744827610942614,1.1574754243282896,0.8744827610942614,-1.1574754243282896,-0.5164554263927643,1.4404419298288116,-0.46816908058001355,1.0599173309883227,-0.33070539922249803,0.8860640499230691,-0.3209325883158813,0.7730894232356377,-0.30670874391261554,0.8362241852139671,-0.3058806211774622,0.7138035394236045,-0.35311447035469395,0.6551125587542331,-0.3276905648873815,0.7482139860508323,0.5068317576665331,0.48005128398381697,-0.9379898695828949,-0.19959627657462783,0.45999969129773616,poor
-0.9487723185737746,0.05252518714523241,-0.9475578456392224,0.10417970905033165,-0.9455554256856203,0.10025577691640056,-0.9444565581770076,0.09886840843414485,-0.9587344967833527,0.1444174413114674,-0.963201797248472,0.16803990861574364,-0.9670161760514842,0.19581284991185052,-0.9441283783641742,0.17794878183206989,-0.9780001162987112,0.307447119639421,-0.9442728656751129,0.049021650313497894,-0.9558482353273966,0.10381561841839337,-0.9130742598572263,0.345335033418096,-0.9857724359491828,0.3809428815067763,-0.896247465739525,-0.07089095592759494,-1.021125270519298,-0.1483952656918618,-0.8734739016740014,-0.7680833000148363,-1.0401061781660914,-0.871482767639732,-0.8632227934810714,-0.756383408342003,-1.0464157623787012,-0.8814638447593369,-0.8928882314587018,-0.7763751396181721,-1.0273948961219095,-0.8695929543946047,-0.897828881476756,-0.7805495396139989,-1.0256677622630275,-0.866625729299908,1.0818254827274836,-0.08175056316813398,-1.0818254827274836,0.08175056316813398,0.8966098569430269,-0.6321361028496986,0.8538143001430281,-0.7447703970823878,0.9637365691061801,-0.5435215520824901,0.945547641555241,-0.6700299634574416,0.9623432960286641,-0.3768424833917285,0.9464138183861388,-0.41205830962893314,0.9635304114977622,-0.7219672613751379,0.9468197772596956,-0.7783723280857402,0.9827168836245447,0.7943154236046391,-0.9275668526813201,-1.0393291607107433,0.6910880963434415,good
0.3063087748303319,-1.1188538524632554,0.2993712079451641,-1.0656566122723674,0.30407154763564503,-1.055430700761633,0.30818636549735867,-1.0440926770483123,0.2792170175789923,-1.0637602945451248,0.26703483269564615,-1.0551123191892464,0.2541204367372511,-1.0390665503854741,0.31294251617537905,-0.9616374657069576,0.23104708574956473,-0.9395112813048787,0.32932988512965616,-1.0920901615997312,0.3022986068919665,-1.1071735810460681,0.4186328460322788,-0.746233959314007,0.30891429083887173,-0.934372135209785,0.13765730602913243,-1.2334851746517783,0.15337025999643927,-1.246061466836294,0.09404730141943704,-0.6562570916344159,0.25881690431680376,-0.2956684341062412,0.003422671272895354,-0.576909550342785,0.2610363787230063,-0.28555539935130186,0.0688670809064021,-0.5409778806596929,0.2848586259368773,-0.3266169924107207,0.11753703351680417,-0.6078956293444869,0.2900367379959197,-0.32948306776013436,-0.21298197875438268,-0.785489693474169,0.21298197875438268,0.785489693474169,-0.3900332806662056,-0.4755426109285787,-0.45494656374945414,-0.3325343535195657,-0.14201638699917937,-0.9732528373730811,-0.1430902503211949,-1.0355786625759658,-0.20350483384464396,-1.0148837098274883,-0.10671765978825248,-1.2185289676950344,-0.24703860340906617,-0.9405387029656632,-0.20771810401773172,-0.7960772312158036,-0.37230246830433283,-0.10661149226633798,2.6248883714622213,1.3143148910592781,-0.4567043137420166,poor
-0.21715718693997438,0.9011841315298202,-0.2154142901206808,0.8481628875311055,-0.22016643988057125,0.837423028433909,-0.22440272031110342,0.8273121419588598,-0.2009439092741007,0.8705906036406955,-0.1951915640660467,0.8745914555702101,-0.1884898750030788,0.8788262570279403,-0.23309933318077705,0.8136562377590922,-0.17813818315995333,0.87475619021913,-0.22682031701462027,0.9105347943873974,-0.209047286606708,0.940655444626318,-0.26951009014283445,0.5814960761448178,-0.14183829806836815,0.9512011755098947,-0.4457311298473361,-0.9180794445855057,-0.2319299573096065,-0.6643688857168032,-0.47331867427547875,-0.9895530293264133,-0.23410041728026296,-0.7247633303526401,-0.48940726025314685,-0.9651479198088218,-0.24795469490630084,-0.7074659717108885,-0.45206589803924474,-0.9526826016554486,-0.24726125123008655,-0.7227981621338172,-0.43132448197403195,-0.9426298825277937,-0.23965128667355326,-0.7303725055060932,-0.48117826294426164,-1.0936604389883064,0.48117826294426164,1.0936604389883064,0.10986875541540508,-0.9474564718159465,0.21276295281327398,-0.7498982078012667,0.14447658151034273,-0.8772785809355437,0.16391240527784434,-0.7174219564953573,0.14893497538660486,-0.8864170846284671,0.18618401595799974,-0.6860638150027855,0.17586193827500787,-0.6075045650775149,0.21445210917135213,-0.55110126733173,-2.566017576467054,-2.6113807988703077,-0.8655206535134016,1.2860534781332067,-2.2973667818047874,excellent
0.37385649813744654,-0.2881848034467658,0.37892589817541933,-0.2632221251980181,0.37846231499049543,-0.2442464374091429,0.37810850330711115,-0.22455971339374545,0.37809857200421426,-0.3205119907809567,0.37614582257705464,-0.34620610628404547,0.3742883377841869,-0.36982442990148645,0.3823850028921582,-0.20489348761078097,0.3763924187018918,-0.3920334060389257,0.3707570326728615,-0.2617181824232198,0.3704382584044021,-0.3399781758056296,0.371189673141002,-0.31344005065226116,0.40810670159817974,-0.5217354131890887,0.25273683557114296,-0.1834993804620217,0.3927254225967068,-0.3223015290584851,0.3380340354647617,0.03680323300255328,0.45160565057042856,0.21944819830858459,0.3803752718679864,-0.0012103571693243183,0.46307000257721087,0.2005919488911394,0.4076184953477732,0.013969809337482134,0.4563374689790817,0.18053788005487875,0.3901168137768113,-0.004865557775885187,0.4588587306444487,0.18005250979913426,-0.6144899966766961,1.149199461994416,0.6144899966766961,-1.149199461994416,-0.5967631572681276,0.1804999856670298,-0.3937764343307737,0.22197218593881235,-0.5918311094950727,0.34168294404723343,-0.5065212408059825,0.3164591403947033,-0.5983027060157379,0.3418656824674481,-0.5294409954330741,0.2711770383576441,-0.6024525984658063,0.3932174992248169,-0.5422230899043509,0.3674004256805071,-0.17306691901306914,0.09027404473912654,0.6797535692158145,0.7041172632202484,-0.03771018843525315,poor
-0.06306439544526876,1.106920464797298,-0.052763319397226754,1.041833246108855,-0.05652077570456018,1.0306460436667615,-0.05940904738353298,1.0178127561004535,-0.037906704654666445,1.0530672104027146,-0.030920866640656314,1.0502719693918814,-0.022545796398298557,1.0455182456150285,-0.060382273557613254,0.957717337482957,-0.0031417560685126863,1.0011910279008123,-0.07082947182169362,1.1173998807017886,-0.05114159017881308,1.126405821348825,-0.07709421123557937,0.6253804047249267,0.03352494737928756,0.9886162495794367,-0.23046608898050558,-1.0122634813393192,-0.0705656751073658,-0.7408678867872203,-0.32755167540812186,-0.91845668402726,-0.11156380938324474,-0.5990031321699203,-0.33623754014748874,-0.8964631081142512,-0.12247393173577283,-0.5626959061776761,-0.3007255035850679,-0.9006114996053637,-0.11518734040714133,-0.5843138056178565,-0.2773333139038308,-0.8924430420346019,-0.10846553856696173,-0.5997183729364718,-0.38280095321596874,-1.1212360557728036,0.38280095321596874,1.1212360557728036,-0.05237249913578407,-0.8539534736932336,0.05766274626982203,-0.6153141500104773,-0.025223065955880725,-0.8149790423878158,-0.0007571194181351018,-0.6025222277036272,-0.01891421537808429,-0.8812307879979673,0.024544327455306603,-0.6141908273602784,0.034827860892656715,-0.40378946924703135,0.07544810425535273,-0.34959822897567555,-2.55348215393684,-2.542469112503537,-0.7456379961498176,1.455559965312521,-2.3051430364761964,excellent
-0.9491960513507957,0.05311490170409612,-0.9483759531962205,0.10818267927180109,-0.9464409879634387,0.10423199770714654,-0.9446423604415093,0.10330488415744542,-0.957329767572875,0.14883016364837218,-0.9618138983734739,0.1726246143050698,-0.9658914868178282,0.2004730756931046,-0.9428236135171394,0.18180421658226004,-0.9756251026535172,0.30844961645854174,-0.9457280070495938,0.04303944410528988,-0.9561231800197322,0.10190990230813256,-0.9128017855544359,0.3432852679808187,-0.9856106550765293,0.37990280598537685,-0.9029750617397108,-0.08046449350802368,-1.0180243314864965,-0.15982750403101137,-0.8804134718321291,-0.7746807234505592,-1.0393533843853737,-0.8803472584310573,-0.871205298987809,-0.7666250303719718,-1.0442289304312589,-0.8905607782537689,-0.8998212690417383,-0.7878441450905581,-1.024438330473905,-0.8778147417099486,-0.9045075062713834,-0.7919110391552608,-1.0230814497989118,-0.8746171241060418,1.0697664517470205,-0.06937808315650104,-1.0697664517470205,0.06937808315650104,0.8994353034120708,-0.6702402176279535,0.8561076848446034,-0.7672469996339913,0.9661163886955594,-0.5488038666596727,0.9442519923317619,-0.6809258246783255,0.9634830053449012,-0.37716378187909766,0.9456260856264791,-0.43233070827390174,0.9678438719750514,-0.7214896790180755,0.9461302356033481,-0.7872265572160464,1.0000898586828881,0.811848798004767,-0.9356950642435773,-0.9849477149480171,0.7175794124169601,good
0.13382580949997067,0.41094112093121005,0.16324308244558133,0.42851280250984425,0.16226611766548052,0.42937506964463507,0.1618260192531339,0.4145074810714351,0.17304321011269294,0.3588046677858429,0.17899946471745345,0.3171103023930258,0.1870220823027987,0.26977395556899847,0.18540713319581997,0.34955404133912965,0.2336663570986895,0.20116785235523868,0.11901665854430526,0.40830729123149573,0.12748546435914235,0.2986714623290146,0.18164368513576518,0.3442414911766116,0.15008285889276538,0.0984045602117474,0.4205252849279508,1.3410950063368794,0.39289965234146496,1.4464521674449622,0.34019363729456825,0.8896674181497753,0.33814570511795317,0.7333969451491522,0.36068372218585887,0.9692760547314603,0.33463089337186225,0.7071250964207316,0.3305089244886334,0.9336822180579936,0.30491208565978684,0.7381438955988893,0.3122509423623613,0.8985324206160341,0.28798762366642006,0.754052998500101,0.29629989305381144,1.654136751581708,-0.29629989305381144,-1.654136751581708,-0.2949541110175792,0.6432109678307245,-0.17746159563877956,0.30477916236081626,-0.3363435821077195,1.3525103444212718,-0.26097343291548086,1.2988615903734118,-0.29706386443314986,1.4625007687905858,-0.3260688593273059,1.4920441326386709,-0.26213453648208246,1.2689613017901256,-0.17418012940216548,1.0371800361330035,0.5918625039208133,0.653786981631989,-0.05310054208438156,-0.41759318649159555,-0.17121892765254082,excellent
-0.9567506677623645,0.1599823183573376,-0.9580369020354659,0.20485839900492733,-0.9562141567511682,0.20153691499752802,-0.9548204035057527,0.20093283208773347,-0.9669260256196835,0.24658477292085637,-0.9724008001180583,0.2716572803184143,-0.9771393707494629,0.3000934019326977,-0.9556528860239359,0.2842781082314924,-0.9878907520451378,0.4050056402936183,-0.9531041142592651,0.16386622032761722,-0.9637143087714644,0.2277888293203122,-0.9316127573732926,0.43008219866762365,-1.0032921718786947,0.5098999732872088,-0.8459001606421728,-0.1861871728273946,-1.0985011328469783,-0.21896048653444414,-0.9017434594528981,-0.8885974770782995,-1.0473814146577463,-0.9725528701063174,-0.9100355638622623,-0.8934741318390953,-1.0380275723822925,-0.9734521761885152,-0.9252394672775135,-0.9105243913352339,-1.031817029178475,-0.969678711126841,-0.9207357303829692,-0.9091837600681286,-1.0343922188753851,-0.9692153731364653,0.9065475803187294,-0.17791492083606356,-0.9065475803187294,0.17791492083606356,0.8998642134839918,-0.879061305956147,0.8798336295380085,-0.973895504694932,0.9558739077118423,-0.683143396354153,0.9551582252514391,-0.8355518839068385,0.9557179446501791,-0.5297274373736839,0.9535034383029813,-0.5814231901219222,0.9640859729758845,-0.8292495290630219,0.9627504842851646,-0.9315389223602097,0.2051657459091502,0.025286832091153014,-0.7670227532555238,-1.1766618672884068,0.032315893219360174,good
-1.0120770436545383,0.7072676917004084,-1.0043347428277538,0.7228245438498033,-0.998367503775948,0.7164116716813821,-0.9926695391315271,0.7098468657443465,-1.018773815781026,0.7535364691972138,-1.0216887588421175,0.767427392693401,-1.0259627385901968,0.7817678792233824,-0.9820793059238991,0.7401792448436932,-1.0285212056237822,0.8215417647010402,-0.9966450012622574,0.7143937145703694,-1.0108024937828204,0.7536959112747742,-0.9585305350071944,0.7494590474786609,-1.0264759574605125,0.7938761328478857,-0.8890322720957501,-0.23939587684593897,-1.0735911834748897,-0.3191445221728591,-0.9531224118606407,-0.9730110437686732,-1.0154826381203015,-1.0242713317543146,-0.9489216789745238,-0.9630337382824664,-1.0117382526306857,-1.021349697333215,-0.9533228196177661,-0.9500742806418273,-1.011049759827532,-1.009247669709811,-0.9587922382699853,-0.9508708415010574,-1.0078252504294518,-1.010656099634051,0.8901578197219162,-0.18557898170197595,-0.8901578197219162,0.18557898170197595,0.9322201624718623,-1.0095510619526182,0.9022778567847325,-1.1160430540549149,0.9699069235255767,-0.8607232943420673,0.9795221792600486,-0.935891765542456,0.9671606757582467,-0.7456894559874709,0.9792137112192134,-0.7449189138169285,0.9727128842015368,-0.9299771966578648,0.9955524627127331,-0.9850949226956174,-2.8783534149149803,-3.1580033852632443,-0.3614040540671961,-0.6966370574704248,-1.923374906790535,excellent
0.28793074077823616,-0.26710140810803756,0.2828464784462047,-0.2418286594373258,0.28346127331554727,-0.22953394937000954,0.2844051356736452,-0.21680444797983844,0.27987652032679283,-0.27099158290940245,0.27779493680476475,-0.2773267432622668,0.27498434191401094,-0.28382275471970747,0.28614740302585734,-0.18836268388598817,0.26946490590825767,-0.2843157849702845,0.2899806420774935,-0.2228858180773239,0.28947736807326646,-0.2602375415564182,0.2595649999085704,-0.12429602845200277,0.31198332539264406,-0.3394102612339477,0.1438499608545144,-0.04941403204940918,0.29992747923666563,-0.26328728110587074,0.2361508141267202,0.090644992531586,0.3078229479514058,0.12691373648056314,0.24672797674800204,0.06420638855448291,0.3069872083850204,0.12663105515541767,0.2652904822178315,0.06356321238017038,0.30751410051832023,0.13516096940168412,0.2784352327771504,0.07222191574043997,0.3177640684765244,0.13253860438319054,-0.7165701792010557,0.4330220034356373,0.7165701792010557,-0.4330220034356373,-0.3377180196141702,0.16153482228907726,-0.2786988902696548,0.14365131111954865,-0.3789804357266487,-0.17147312180821217,-0.34509962842390196,-0.23432612593454002,-0.3907551079815693,-0.2635298434239349,-0.37122315987662813,-0.3879001340843392,-0.37927097839880813,-0.17608253443273592,-0.3641933510423953,-0.06545032527475912,-0.1909663011230682,0.09886426877762679,0.9135065361526026,0.7600852751972246,-0.10587188524440687,poor
0.0045676825563648205,-0.09281834825989385,-0.011103234077744488,-0.06441865277575771,-0.015750746530096345,-0.06350613160545002,-0.020626762678210318,-0.06314708903379455,-0.00014668688363035285,-0.04733645340455235,0.003515333954010889,-0.03328869741692695,0.007297055290637163,-0.018082397301772163,-0.03801394808446689,-0.03836781944541682,0.007151942467394412,0.02131376145538074,0.0018666799127915286,-0.09409523962571321,0.016485276619734476,-0.07243208324250101,-0.044596582388911274,0.21880624633067938,-0.0016519221978579283,-0.02397611037708571,0.19220422038809928,0.8084825997187818,0.1918286133870409,0.5046915892034605,0.2609962090600161,0.4412379383073276,0.2168744260972714,0.16542252499936663,0.33460846382103887,0.43629373571382996,0.2423829861285214,0.21001403776593008,0.31302473507744044,0.4043537983062772,0.22298547704115354,0.2101990945216415,0.28996864985197096,0.4045403773354721,0.2161626543801884,0.2098179010349086,-0.10691539821591031,1.1280413894259411,0.10691539821591031,-1.1280413894259411,0.06663176792738756,0.35879233036420666,0.08710607024424323,-0.017329589845262384,0.19290402389045858,0.43971579962761226,0.052821381282498324,0.30028201028978835,0.06898528881561035,0.5570213953027526,0.035038844169674455,0.41211895729422177,0.19068363385056578,0.3270295904228181,0.05118478121177609,0.3657887119253631,0.5113128871906683,0.5030727782160813,-0.9426783649302766,-0.8584679736435098,0.6943942445804638,good
-0.16950454804788484,0.08536161927459472,-0.17170836683641447,0.12358564185607701,-0.17462936245827096,0.13543528741252772,-0.1776553709143434,0.14747025049162635,-0.16415179104678057,0.09764821871880283,-0.1632952701786547,0.08916976870511059,-0.16300444622085333,0.0819436627199811,-0.1782691299704575,0.18009841954236355,-0.15751268643951433,0.09798598657541038,-0.17425837068082467,0.09552873960299245,-0.1668559874416193,0.06886821211872914,-0.21411875463697974,0.27276376491561416,-0.11349489931603221,0.03633265603495234,-0.3140380468744154,0.27683242926699164,-0.046914305237579786,-0.031173084148889318,-0.2621670377682634,-0.2419260168207623,-0.052344016981023415,-0.240224336115607,-0.36222770355052325,-0.2921160630950394,-0.052273452778701615,-0.25421629615155467,-0.31162970534242906,-0.3028267492820187,-0.06573998299203289,-0.24904234452578575,-0.28823307893940076,-0.30852278376311754,-0.06587713535238095,-0.24478790510923995,-0.7107501679459275,0.8040372389941467,0.7107501679459275,-0.8040372389941467,0.06987203601798257,-0.16102193498992662,0.17710606608406912,-0.22301963707322842,0.14624115030674412,-0.25450409214906944,0.1545189578922424,-0.1909360516696737,0.1727773432820196,-0.2224843452998356,0.1471595078398202,-0.07425820809538389,0.1289335182278237,-0.3961560077772689,0.1338852637704601,-0.24168257974953408,0.003679484844247215,0.2870409920320723,0.3405040344990239,0.5677361089312778,0.09623479233463418,poor
0.42514599211133813,-0.1934967268776312,0.4283072842940711,-0.18698771941017236,0.42708194628820223,-0.1748006580269665,0.4259101544504277,-0.16379899733278272,0.4322950713364204,-0.23109163751604966,0.43377149641097534,-0.24825645415230368,0.43560796029205057,-0.26708060514292736,0.4246229921705826,-0.19119071784774122,0.4383080397942208,-0.31578401351345475,0.4208219400866693,-0.1854330663907192,0.4264506944427165,-0.24912132137040438,0.4031796724948178,-0.2563479575719478,0.449544424225922,-0.4594445835407023,0.35707277617791816,0.02913003608140108,0.4856354691445403,0.1020462693073807,0.4420941274096566,0.16896609628837655,0.5150738947336311,0.41420812172979954,0.432380771129624,0.27626339610045614,0.5174149665892345,0.40198792339440764,0.4755098016162974,0.20173737727772992,0.5059837299723932,0.3790429401147771,0.4656529532911596,0.20134999984695634,0.502848345102589,0.3723501494549287,-0.5293867528433135,1.1312427405980134,0.5293867528433135,-1.1312427405980134,-0.5911743696442423,0.3650535998243905,-0.4172620510353888,0.44156202826905744,-0.5770076275577385,0.07781336337569482,-0.5329187986248155,0.2543439468498428,-0.5617782521999167,0.02141251084987056,-0.5501652714093339,0.20303220804448607,-0.6141898807565013,0.053249668672795104,-0.577808955072196,0.32393318440131724,-0.0848423262846248,0.22035593416938193,0.6423140603976089,0.5059270536707765,-0.00502384392070736,poor
-0.27954745207903703,0.8642873350147279,-0.2786132670082614,0.8174222317164651,-0.2826318567336749,0.8044175654582802,-0.2861047956005526,0.7901647659952057,-0.2645814311412383,0.8443406752798657,-0.25842622936681436,0.8506054225632901,-0.25127567107981297,0.8559113072143655,-0.29347200258234685,0.762898933520421,-0.23832973147587236,0.8543891374338368,-0.28646313907526216,0.8652153233165157,-0.2693493903290161,0.9000491547084717,-0.33478420554992794,0.5505425539354057,-0.19293259341526672,0.9184522321683868,-0.47496789377689386,-0.9640934105642551,-0.25013157035158695,-0.6808930076175777,-0.5444880069164435,-1.0333675320669145,-0.28136662507638327,-0.7807375810368705,-0.5583832792609229,-1.0043310698316474,-0.29672185638503906,-0.7675608420939403,-0.5139705814687345,-0.9872520303301188,-0.2992674965163733,-0.7823179069034475,-0.5036588913976572,-0.9781214180145139,-0.2900357776812359,-0.7885891257022571,-0.5151926791304037,-0.9931866318281649,0.5151926791304037,0.9931866318281649,0.17529473745608073,-0.9690110787554587,0.2713646926029723,-0.8083235957864884,0.21693753907132668,-0.8540080570118036,0.23787860575750933,-0.7454643819125314,0.22138123484473143,-0.8365457753496497,0.2560349284098926,-0.7231413282361678,0.2364631118907059,-0.6301064219733646,0.2661172661656009,-0.5988143208397814,-2.581057225991118,-2.6116778186827334,-0.7250209060789632,1.3607325105621968,-2.2903940880572082,excellent
-0.09827675396461982,0.12831434763140656,-0.10298136501505296,0.16681294132090443,-0.10539867650190529,0.17836412669855828,-0.10790095123898592,0.19061381965117946,-0.09701799215941104,0.14173853190546484,-0.09582975552270336,0.13350543963301917,-0.09533850179218718,0.12535766771470191,-0.11121124179725507,0.22519600105175555,-0.09208395027733102,0.13332649277324465,-0.10354375237934235,0.14056684480805354,-0.10031778551649563,0.11052823102236088,-0.14594734650829233,0.3438640576184146,-0.07394382826366863,0.0990192651245433,-0.09960861771818899,0.6577394983695952,0.011587953043353737,0.506227106130901,-0.1378766255601672,0.2095969525907262,-0.020727061017112455,0.09505791025724333,-0.11353787026112105,0.1581621213827741,-0.01477046792716965,0.08489953318709409,-0.10137356804494267,0.14861569248774262,-0.032917502720296574,0.07763751093340605,-0.10970775800467832,0.16293647696797112,-0.04170731177117188,0.08135667493808794,-0.19656839402602064,1.297784618809127,0.19656839402602064,-1.297784618809127,0.0800638072702326,0.38299318846663044,0.11324989834011884,-0.032553439167449794,0.1560661328171976,-0.4428654658749623,0.20098098988597504,-0.5032540254538314,0.18625856547509573,-0.5088619007306261,0.2272245656472814,-0.4786119183806582,0.09876736591924175,-0.5865860602974504,0.15795480516888158,-0.48478912626799187,0.42876954487422403,0.4472960874883205,0.3182380893013285,0.3560474947653286,0.3385932688151375,poor
1.690129106749073,-1.001144452520425,1.7116058245894363,-1.0212033774094262,1.7203172213012994,-0.9862288643803829,1.7290249952326262,-0.9519798406420856,1.6910060204127115,-1.1465666521080595,1.6849371101311699,-1.2006420810357996,1.6752683522405027,-1.258373710655115,1.7651827828057454,-0.8875697906649603,1.6829241170381426,-1.2800690906215768,1.717178902593965,-0.899379391067043,1.6947956823821495,-1.099017003469663,1.7906582796626451,-1.0619968185392323,1.7491802284599534,-1.1195254884076271,1.5050326614106102,-0.9674276363443457,1.4952018598286856,-0.6903942797429901,1.4506753566983603,1.0063054712260273,1.492877259786087,1.3045032678920487,1.4501527467376594,1.0683657784037799,1.4934999061527758,1.2905666899373718,1.449623559117142,1.0474282961679828,1.5239333311006598,1.2988404347886624,1.4473600916439728,1.0588260759931782,1.5228902754591702,1.3015357309369944,-0.8314575509703694,-0.4007361321553652,0.8314575509703694,0.4007361321553652,-1.7601165220440482,0.6619098115636824,-1.817993261925409,1.1078830642595274,-1.9494541795588425,0.6398201439107646,-1.9476634198363239,1.2335456637639914,-1.9750274394072502,0.510462589712024,-2.0215310079237714,0.8768072614574034,-1.9493417774289226,1.210110294233443,-1.974826527180873,1.8037855022755576,-0.4987739313147207,-0.22609064316603023,0.31358098058457057,1.461999990614906,-0.4568846866762079,good
0.8011314499426951,0.3223271283865022,0.8161884939112677,0.25936978185757953,0.8153499316265728,0.26130118294889915,0.8150079939245365,0.26176285876042765,0.8270832964286554,0.21119482333608477,0.8341295481199441,0.1792397708905808,0.8425198375519268,0.1481259297269456,0.8315195183080492,0.2079323583444904,0.8621363656604782,0.06009691015474485,0.7960450129518317,0.3335183768446837,0.8082083376979396,0.26356195378687197,0.8822846356328037,-0.39307422791813007,0.9332749113674961,-0.05684048156443574,0.5904160561119064,-1.9290797547291982,0.6701802964627029,-2.226587500770418,0.5889301836214975,-0.6167163581011919,0.7696616525227611,-0.22818578900696476,0.6120550841016039,-0.6160089914296686,0.7257913963054188,-0.14693370420078145,0.6284607910833149,-0.5100274421132809,0.7336274882557702,-0.18944980889614235,0.6215595738871807,-0.5270390420498388,0.7540215462980329,-0.21785527184035916,-0.6280052129670164,-1.9317058497536657,0.6280052129670164,1.9317058497536657,-0.8904404873429376,-0.7448611989455154,-0.8724574108454511,-0.15132890959847714,-1.0146526318763474,-1.5401578294016518,-0.959082745560089,-1.0893456152609728,-1.0188337800494158,-1.9249480524619744,-0.9529342532561388,-1.5641599132959418,-1.0704569364428103,-0.9602721874863871,-1.0684442957760871,-0.5357739201143423,-1.601157644886445,-1.9405652931681816,1.6002537495839435,1.7027287718194157,-1.3301347005410664,good
0.4124994226055463,0.8032627137325358,0.4223123599216858,0.76972978478434,0.4192366352260009,0.7866705239772179,0.41643497951381164,0.8031980840259001,0.43724552348477724,0.6855317910518646,0.44411173021774153,0.6436951606955775,0.4511891255230024,0.6014984628973813,0.42519719638771875,0.7504736470985812,0.4647460384232802,0.49245525554423136,0.4071734171558022,0.8544630392964543,0.42116436919971867,0.7487665508470304,0.4138410837366429,0.627063078384305,0.48958809397073294,0.4134325796487519,0.5100920001512467,1.728815431235808,0.5977593143132626,1.5971574307405885,0.5712297164787856,1.1937708239841163,0.5811366705681957,1.1101047716218582,0.5598847637933222,1.19425484524418,0.597899581182601,1.0611764007218523,0.5779333014048423,1.2032885597735683,0.5852967695616647,1.0982508726521347,0.5706975138115808,1.1842976937230236,0.5804142355782882,1.1200572014204544,-0.7588516423060676,0.2836935388138891,0.7588516423060676,-0.2836935388138891,-0.4432551292392026,0.5106557831817836,-0.34337367504564253,0.39477955519807756,-0.46570935890224197,1.0979166545314294,-0.42123147794057214,1.138024852577219,-0.48619748397867313,1.1922697141542382,-0.465787977629825,1.1943203085718377,-0.472583930007897,1.165969692248096,-0.41530885887496505,1.1700352568630699,0.14921244444510393,0.2973409020143238,0.7212150691696162,0.2544917594590414,0.08011362519625276,poor
0.2897554188245971,0.19797039226674837,0.29687463445775286,0.2321428198631533,0.29597093367112326,0.25050857560237827,0.2955641793415681,0.2673399705156779,0.3006149521058327,0.16100844295458777,0.30239379473253103,0.13420277508501163,0.30482670092226627,0.10462772769291151,0.30438807578180865,0.2652115978380989,0.312726234655245,0.06722144182510191,0.28255218003839666,0.238165870836856,0.29000206113181953,0.14100568157757798,0.30451402952448076,0.1787686591225271,0.3597879183824709,-0.043109932038766806,0.007727436781946381,-0.16139866491734992,0.2890956285705192,-0.3035873856177216,0.12861727181390073,-0.21274648311915118,0.36617946074906177,0.08551325358741377,0.07725217449251663,-0.26936892607227875,0.363520241176226,0.0718011277397599,0.14743861521842133,-0.22938026608536122,0.35630446484829986,0.052873567282694336,0.17958671611249133,-0.2466398776159678,0.36535958077840314,0.04932126630544741,-0.8657959228289491,0.38874116778433837,0.8657959228289491,-0.38874116778433837,-0.3308939887680499,0.018255520935631164,-0.28596420805340883,0.18082757808948272,-0.3669420194784319,0.11435305477894551,-0.3521864158866129,0.2717203092889137,-0.39872013267202566,0.1230202410628326,-0.3889122243711535,0.2395640696986893,-0.3566433849855255,0.19600830393130506,-0.36258357124414653,0.42707347681164537,-0.8639317515102252,-0.3051971990105383,-0.4212235736442575,1.0867482166754048,-0.6650876407557733,poor
0.9092781299441283,-0.3060680270619226,0.9103914497383259,-0.41934978744316503,0.9054842429874317,-0.44600643959088493,0.8999691804321809,-0.4756371636052558,0.9265809485945408,-0.4030129058828028,0.9345078561797685,-0.4102209072369142,0.943061808830955,-0.4160245300392867,0.886043715500753,-0.6376137280952363,0.9564926971614007,-0.5280949406200323,0.8879559574495,-0.41570836205521566,0.9142731721614433,-0.40010483756922044,0.740595312687935,-0.7908840578791578,0.863967938842418,-0.5584376251422385,0.9887648043592043,1.0540032655952727,1.1182328945792424,1.2896922311003935,0.9023838724738528,1.6968013385711176,0.9384309746339641,1.419122704489859,0.8752733801062724,1.6285586310053375,0.9716444952562997,1.3600073965570325,0.846088817628253,1.6099459517375327,0.931566603684051,1.3997284342892111,0.8454393053696844,1.6456954272109978,0.8853184242417096,1.429034824571807,-1.7347002402596197,-1.0583230065485492,1.7347002402596197,1.0583230065485492,-1.0426423811072645,0.7285507723506148,-0.8191026413728165,1.020871892513708,-1.102028264375859,1.8809096482563135,-0.9803222543347384,2.0116705582903056,-1.0249328298861826,2.0411487221602536,-1.0995765447224017,2.0797928508012,-0.9857252975573227,1.8247005989432044,-0.8657065402620059,1.6137313926298165,0.5663291037915001,0.5974194752805412,-0.6889044343998489,0.04057536611557366,0.024736694235580954,excellent
-0.8985669735587304,0.20548956333120563,-0.8992613827441005,0.24281547940438122,-0.8982580293090775,0.24292530041992663,-0.8974135255084075,0.24286017978637658,-0.9091325029397719,0.2781529168310883,-0.9126083579061895,0.2993081963528741,-0.9164376370418754,0.323044751113859,-0.899464684969528,0.30551961698855423,-0.9312083378513542,0.4014868401527662,-0.8967981178526405,0.19330179971908934,-0.9046988218381717,0.24912389982834143,-0.8723846638888031,0.4321281411974375,-0.947991829324881,0.4406431018566774,-0.8572059626135238,0.04271309747916812,-0.982623942814977,-0.025341861207191868,-0.8417295840021103,-0.7111138271779137,-0.9923564440557551,-0.8262576639181479,-0.8280247541271041,-0.7155814887545683,-0.9892823135465856,-0.8371819909453919,-0.8564410797451464,-0.7223417383636758,-0.9778917460200058,-0.8281533200967819,-0.8661176871318932,-0.7223582157872674,-0.976788094943516,-0.8239661795740605,0.7672747822014507,-0.009110300678068957,-0.7672747822014507,0.009110300678068957,0.8557280059476274,-0.5848619502319331,0.8698805976006333,-0.7076458817636763,0.9254804800545686,-0.4708916813252962,0.9384532619905983,-0.5549947817207918,0.9267700022600707,-0.316515744684252,0.9414889890682727,-0.3644071282860962,0.9444686111278652,-0.6367225271867241,0.9488115469180332,-0.7122022838166081,1.056127745008131,0.6951247165176342,-0.9358451201214473,-0.7890825319801607,0.9660995269319818,good
0.6451211903533859,-0.6527338739256241,0.6353320666673087,-0.6411699589322291,0.6332438881414296,-0.6395591050886055,0.6312593821508078,-0.6360680005870092,0.6407687712920342,-0.6424172337022306,0.6413368311067056,-0.655959503409781,0.6420192060528926,-0.6718979102897493,0.6208455534396131,-0.6454895603465362,0.6375224981195198,-0.7151473772716463,0.6482168923049952,-0.6810919523330017,0.6499838466645493,-0.6990140319650624,0.5746897251027897,-0.6774056568215926,0.6306871741050804,-0.8405230324002178,0.6746329213535812,0.007909766171478046,0.7555647570076881,-0.4798109488957252,0.796126875198941,0.5896089024621995,0.774482028284619,0.43474052641995675,0.803483918963627,0.5989264878867817,0.7396737132855274,0.4452857721215248,0.7852894997488207,0.5885990887848159,0.7277741655314974,0.46755467776877746,0.7806543565716135,0.6163745667934966,0.7309132427580034,0.4678326493004824,-0.876487610735839,1.0775757520130314,0.876487610735839,-1.0775757520130314,-0.7211728118069538,0.4042851483161967,-0.6966942997510619,0.33219941250913826,-0.7808219394022031,0.4015838909954381,-0.7801700993137323,0.5644569886150262,-0.7852253562459771,0.3427475661760485,-0.8151913033304358,0.4227425863107981,-0.8462476132042603,0.4938218320904183,-0.8243416134836348,0.7503014860926734,0.16297464238955506,0.2725650400503322,0.9594976152494069,0.07651583700658705,0.22240491281250438,good
0.0722028105831186,0.9684112051311442,0.08149033606130585,0.8991391058989779,0.0793691906844962,0.8825569794508035,0.07822988167078165,0.8648052223553813,0.09780474301181942,0.9161198635040912,0.10777096817265824,0.9129787525770934,0.11940215453049977,0.9114197326193084,0.08879423365504607,0.7556598669844083,0.15100960369380612,0.8435804255230722,0.06618708347476644,0.9420819738459203,0.09131033484148121,0.9678799704305712,0.08505609627494484,0.344916291632469,0.1896029668839752,0.7083462296197947,-0.2922150708290341,-0.7406672315000271,-0.027641763179899304,-0.43820321314710764,-0.1847072349060373,-0.5750741224848211,0.01249545364188849,-0.34699874461078944,-0.19085897693629242,-0.5652720609423112,0.02496436678377311,-0.3313969862806353,-0.16744730383783288,-0.5920118553464123,0.023817718251751645,-0.35612619460511047,-0.15278665950175738,-0.5811645281097244,0.02772707718966314,-0.36916257896018967,-0.7387125318117931,-1.1720907762272177,0.7387125318117931,1.1720907762272177,-0.2489194437257985,-0.698449104287184,-0.09928322200910289,-0.31559954910816573,-0.22543727814518744,-0.6224817809806065,-0.16313977166052826,-0.3508696298129111,-0.19335415164545716,-0.7101085987569514,-0.12993633967772208,-0.45483518535906897,-0.1464779324128861,-0.16253577403349292,-0.07935459370397448,-0.14267219374157503,-1.704825303140615,-1.6926224485781638,-0.6704681065132988,1.467003388927684,-1.687026305087524,excellent
-0.95130823096323,0.31900813425313196,-0.9538676739191493,0.3852189943094855,-0.9514451797679118,0.3794905062516558,-0.947040405030199,0.3726435912392162,-0.9613217019838335,0.4210744132399762,-0.9650353300113738,0.4413835205450831,-0.9690258813464263,0.4623418929873941,-0.9483427114743935,0.39870604149625555,-0.9744869776943005,0.46544369820300885,-0.9429649245741296,0.2679768691075011,-0.953292741409306,0.33705392734509054,-0.9096468839268282,0.4379927960031262,-0.9824046471177255,0.46546493438311703,-0.9045402616623621,-0.05622949748201459,-1.003798418266077,-0.11766820948962348,-0.8885751846258425,-0.7714049958983311,-1.0154576496731371,-0.8833519554577891,-0.8879229291671812,-0.7771856378513258,-1.010302643899377,-0.8840997483103171,-0.9000955395889428,-0.7800534420312346,-1.0006926499545319,-0.8735931425384416,-0.9015963809417618,-0.7806381853043459,-1.0026225471475467,-0.8718115065945472,0.6750063772221699,-0.12718185519787856,-0.6750063772221699,0.12718185519787856,0.8740359353265355,-0.6994145543526178,0.8965173937722233,-0.8047262673857378,0.9455421604095431,-0.45422573595264215,0.9690664157229453,-0.5680820601612033,0.9429804715480249,-0.30441069993679626,0.9691930491599626,-0.3371650867316541,0.9604849138857745,-0.6781388867695693,0.9725515833961639,-0.7427019421574226,0.9660728126003351,0.7723166983689809,-0.7011319689017254,-1.0354361650280117,1.6756410214650088,good
-0.9256213429740346,0.0731026044155113,-0.9228940433652049,0.12431443915585878,-0.9219572078817138,0.12217316785851107,-0.9208591071982672,0.12235497423556486,-0.9311871472961013,0.15939299693287484,-0.9355435300068384,0.1822587994211605,-0.9399251496757292,0.2096703169065719,-0.9198560622369562,0.2102212252916596,-0.9509054340156466,0.3128681820567548,-0.9229255494319271,0.0723499186048183,-0.932623535935886,0.12061601277724668,-0.8931325170154245,0.37833076060824067,-0.9659485275070192,0.38873677603095425,-0.870002471670618,-0.03069549756362912,-0.9969908759710809,-0.13396835438150512,-0.8450894891768516,-0.7425093792333266,-1.021818087103363,-0.8608496104250039,-0.8363977822718286,-0.7298614583943238,-1.0317980415491053,-0.8643847523615759,-0.8710126800072499,-0.746872842001243,-1.016674273261041,-0.8462797376848125,-0.8745487654721749,-0.7510231457100636,-1.0114873863319727,-0.8430156212053783,0.992892555434609,0.009211713236052322,-0.992892555434609,-0.009211713236052322,0.8867218041158971,-0.5277940562747258,0.8453977838025859,-0.668559018901198,0.9462584452075772,-0.5470820423409488,0.9503869003733522,-0.6777388822454522,0.9478849508780501,-0.4208358520612233,0.9549560774799176,-0.5074527049103531,0.9502870005777199,-0.7258209117053696,0.9487960118161405,-0.8230155254881388,1.0187501492710964,0.7963568590558301,-0.931783087812585,-0.9642332429956646,0.6836975867709408,good
-0.9955298813275809,0.22379035757561444,-0.9967732614247115,0.2719256370865299,-0.9939670325812858,0.2575661770311077,-0.9919510701883593,0.25004069801093026,-1.0079721105647197,0.3187188896900252,-1.0118878154532778,0.3370321728813748,-1.0153409551586896,0.3609632632489149,-0.9905263254749435,0.292850552635244,-1.0192158847667334,0.4200910694966526,-0.984541036945198,0.18636850087055828,-1.000825492862187,0.25435059209606187,-0.9499948668684537,0.35544072776970503,-1.019106488094616,0.44272862801512763,-0.9850154436853379,-0.04626007387937001,-1.0126950458788104,-0.055981352865105756,-0.9897844625939701,-0.7703922800540318,-1.0097893814072865,-0.8624171773422544,-0.9872101222586428,-0.7730031858655897,-1.0138077069294038,-0.8720934312025506,-1.0011493517902235,-0.787561330119134,-0.9995472799246888,-0.8692136833783108,-1.0050998917872804,-0.7893651442176912,-0.9947392327402821,-0.8676107414151871,0.7731793559656907,-0.19913062627650135,-0.7731793559656907,0.19913062627650135,0.892018846747983,-0.7413102478840771,0.8916186787341948,-0.8252085095594508,0.9652904102203503,-0.5287276338476381,0.9699323484211966,-0.597236899380836,0.9641053206420414,-0.36705788895234137,0.9691897151374796,-0.3449663212532849,0.9778282618577468,-0.7039198479196587,0.9776004186750465,-0.7785030290496658,0.9252432628568893,0.9028273333892572,-0.9267282009035697,-1.1430739312088531,1.0207813597658058,excellent
-0.9605180200314579,0.18655331592387,-0.9619746698403769,0.23221132945375852,-0.9604819537894986,0.22997401839004872,-0.9593863569385643,0.2299195909468687,-0.9675440726370497,0.27118021508766454,-0.9719018354022192,0.2954952664826975,-0.9762520504209544,0.32278645577736365,-0.9618012535904655,0.31091925926897673,-0.9866189948354812,0.42592516397839253,-0.9585799940871018,0.18730544306896132,-0.9663494068597308,0.2467174013102597,-0.9339321209464061,0.4407705204535822,-1.0053745011661128,0.508090667060885,-0.8764435178256342,-0.21521658516459427,-1.0681525053845304,-0.2354339674222542,-0.9225140115547144,-0.9188212310074264,-1.034826387735581,-0.9961188899836928,-0.9323508906223416,-0.9246022208498468,-1.02697572694664,-0.9956820565538452,-0.939129527087188,-0.9442938969042937,-1.0212181428707072,-0.9987829866403539,-0.9336527125750738,-0.9437623223741926,-1.0246120555924352,-0.9986331534117272,0.8779786235029132,-0.1415111847159885,-0.8779786235029132,0.1415111847159885,0.8924660735355011,-0.9184562776199626,0.8852736363927275,-1.0234944126086944,0.9584174710281221,-0.7626171940096071,0.9600829360206239,-0.8475245237348801,0.9569152596045033,-0.5813724279978952,0.9609846260169509,-0.6305193271876235,0.967590098114969,-0.8873192913827115,0.9654217830081758,-0.9445205486835536,0.2817150676417938,0.2607879804500984,-0.8652271546104324,-1.2024824091156319,0.011810050283976163,good
-0.9720737528336423,0.12640964371433216,-0.9706722051296547,0.16796134309555252,-0.9695505598479524,0.16402247877068435,-0.9667464604695623,0.16269826359504522,-0.9809884439538431,0.21076189058063624,-0.9856607256662275,0.241450231156149,-0.9901938360948841,0.2601242717403969,-0.9647104796933065,0.2316517216010334,-0.9988546881775702,0.36524186157174304,-0.9639980762759582,0.0976531533151676,-0.9773532221859307,0.17729572653647885,-0.9320165651183362,0.3419798950924847,-1.0036134387790352,0.4057831348282278,-0.9349920665710494,-0.144383652687273,-1.036431088565135,-0.1968444446337249,-0.9327670351169389,-0.8401631340888568,-1.04030007707029,-0.9294914149061846,-0.9309583486873287,-0.8437073442566075,-1.0294599560857338,-0.9354396470911895,-0.9442789280068543,-0.8576590398064695,-1.0198210555302418,-0.9337794442207566,-0.9484414799640634,-0.8566069131777732,-1.020348976631934,-0.9302141841553864,0.9460044981933111,-0.13721209796912112,-0.9460044981933111,0.13721209796912112,0.8941668079283938,-0.8061717447919714,0.8810187821804434,-0.9277082756960057,0.9826054358785962,-0.6256910886814652,0.9592243664788305,-0.7220516217308124,0.9801450451168002,-0.4527490330469159,0.9594121914161094,-0.5070324538115412,0.9778601691877677,-0.8132592674852295,0.9675076770858049,-0.8593123811559412,0.8928515162845255,0.7455563199654852,-0.6447348634732334,-0.9906477301236088,0.9194255900460412,good
0.8380987316282357,-0.8362387040936351,0.8432971043484156,-0.8799442014305582,0.8422954618007937,-0.88122474879333,0.8411377072324732,-0.8847927186978141,0.8436373039161909,-0.9064720755947101,0.8424131189865272,-0.922025038236741,0.8399482329814798,-0.9449277844781867,0.8381940180088142,-0.9475163653291706,0.8323636344893042,-1.0096240681450144,0.8354942416164158,-0.8681671140099254,0.8405282120227001,-0.9337852427139437,0.8319001440024828,-0.959298877862966,0.839230817863779,-1.1237011606697682,0.9317730411798136,-0.013379962024269243,0.890513175854109,-0.44228764176276586,1.0364205193048535,0.8071804869388899,0.8711763525408615,0.7088274066246196,1.0984645710189647,0.8562321185063131,0.8527311816990398,0.704608879768473,1.070041066104116,0.8485554547957257,0.8537706725757755,0.7334702500918391,1.0389127577219877,0.8306338193693275,0.8630158760147323,0.7356654255934691,-0.9175859362869924,0.09191662937007784,0.9175859362869924,-0.09191662937007784,-0.7457977983605464,0.3331912620318861,-0.7734042244675317,0.4846603277621402,-0.8185064152642451,0.3776549129970824,-0.8487333626803377,0.12294666353495676,-0.848207142579026,0.30447544072470034,-0.8866538819029026,-0.15860932025385302,-0.8080773001739701,0.43316649946731023,-0.8361924419292651,0.3896309313443914,0.17132188019692046,0.27331479453663166,1.1824759690183932,0.37436952560095477,0.21730233082574416,poor
-0.20854675475119175,0.9790553448640653,-0.20202158785454544,0.9320603655122351,-0.20566213111361775,0.9219877725278349,-0.20845248453353227,0.9096598375450813,-0.186777121062658,0.9471333543616884,-0.17951970518958976,0.947947066217613,-0.1710759676781388,0.9482141394262906,-0.20789567900690875,0.8582884138698511,-0.15058247291245766,0.9261703505771636,-0.21425314476029308,0.9763778423518598,-0.19498068410875513,0.9966106894671063,-0.22334230606386288,0.5266402780510627,-0.1001669945635841,0.8975199669565903,-0.37933158893651125,-0.9805942432117657,-0.17709382196406148,-0.724630130592575,-0.4441479984447725,-0.9866199601196163,-0.2242447796003778,-0.717175937359119,-0.448146362804532,-0.9448154035342368,-0.2371437989605084,-0.6881724595684068,-0.419077828822791,-0.9372738726003663,-0.2369753358000378,-0.7126577643224382,-0.4033063257975011,-0.9302838252467204,-0.22777199269425993,-0.7260929023402766,-0.4088243351002576,-1.046430011826541,0.4088243351002576,1.046430011826541,0.11885982626043166,-0.9058662048818099,0.21563765850697317,-0.6805518824565197,0.11947720434891164,-0.8140632636086724,0.16181802268968448,-0.6787598777128058,0.13309864775201427,-0.8503815215229417,0.17402337167821005,-0.7048803659486922,0.1768904896672063,-0.5630032704679759,0.21102354058943995,-0.5206119154602106,-2.4500341392249076,-2.491595178320239,-0.7739378434067519,1.4671606895096097,-2.222962697454547,excellent
-0.889494947436518,0.20619081240474615,-0.8923831355488043,0.24575001474589708,-0.8910516585585349,0.24632321820367156,-0.8898132242803013,0.2485176827142991,-0.90039049454785,0.2778510943373576,-0.9036703392432863,0.2989041590981728,-0.9073154230809344,0.3227918970538584,-0.890111977663266,0.3064955743703179,-0.9227468422862867,0.4091446112988797,-0.8882054033578712,0.19790306085043366,-0.8942966568450532,0.25109661279917983,-0.861759395803553,0.43934122287874455,-0.9388313982399381,0.44791994662005447,-0.8385195956566325,0.059499506713912124,-0.9660370134738087,-0.008088283888246511,-0.8175434718660481,-0.7000830116143524,-0.9779576207145031,-0.81636433670693,-0.8055629546570005,-0.7058423940196487,-0.9778081390223006,-0.8253838764903443,-0.8300488625649376,-0.7107927759649171,-0.9680339648603753,-0.8173003191712561,-0.839177284726602,-0.7113032164607491,-0.9651114169528814,-0.8140024146033812,0.7631378779897116,0.05144707457334638,-0.7631378779897116,-0.05144707457334638,0.8690820902370616,-0.5599817643123493,0.8701127873638679,-0.7451874744346014,0.921866215698565,-0.4514939180191683,0.9389858721722693,-0.5374577100190544,0.9228146689879868,-0.300819977625138,0.9395491283679375,-0.34561196579669584,0.9219333598893628,-0.6281229627118872,0.9415683847076604,-0.7028903212208459,1.082051898130521,0.713559100782996,-0.840550848008869,-0.8949175405065682,0.9662785552860451,good
-0.08327638055827856,0.24311994814069124,-0.08592760578928571,0.26887186074845026,-0.0882019967191061,0.28293808861935205,-0.09052986108432987,0.2981066881226592,-0.08127022209243043,0.2291374928829352,-0.0816302618813127,0.21275821187374616,-0.0828243769147083,0.1949718359222297,-0.09148713158175603,0.33434645517002193,-0.07516197953046773,0.21211669181676754,-0.08852834496170099,0.2619553157330924,-0.0855514550959471,0.20041088622932904,-0.14676521321077393,0.417391799700206,-0.04891259028720688,0.17796650287285762,-0.20770344896107173,0.5278335253209157,0.011577190246999793,0.3201779437061625,-0.10442373928134355,0.011104105549328896,0.025663197356605945,-0.025309884103731882,-0.12366789760168975,-0.03810085795816691,0.015383990570645835,-0.044487131485647494,-0.10010070782413379,-0.03944306005498882,0.004490180258847265,-0.0453893036515965,-0.10183817455640093,-0.02976031432488884,0.009483303010831175,-0.041095414553469566,-0.3353316039562335,1.413919888412036,0.3353316039562335,-1.413919888412036,0.04397162411758192,0.0870578100992238,0.14182330409581936,-0.2530466496324323,0.078026215087897,0.11145481196942722,0.17914185920483916,-0.02996243262749023,0.07629106276267353,0.16429547579786555,0.16486051388179276,0.09564497521222241,0.04015529063409689,0.10386731009257676,0.1408434177601623,0.005150049574995102,-0.06954987256811328,0.24182875402015927,-0.8522568599738433,0.21711466157842127,-0.044766046953704765,poor
-1.0290467842475515,0.5848100506903771,-1.0152459924925663,0.5940743902353631,-1.0129248435706941,0.590662960219073,-1.0105479165214808,0.589064010116569,-1.031353360994261,0.6276149952777118,-1.03318512255217,0.6431021211301046,-1.0346928759550582,0.6610183126890941,-0.9986055546442812,0.622131964742702,-1.0306763289821674,0.7133635722636715,-1.0068284304672384,0.5544714312814409,-1.0136433812385122,0.6059761393529435,-0.9582047527504997,0.6178446062397227,-1.0261971220958375,0.6673118006342204,-0.8996926915744763,-0.3579025154546195,-1.0657273835879422,-0.37153093608928506,-0.9734262232138557,-1.028299114027547,-1.0213216345339413,-1.067511464802046,-0.9783556444827933,-1.0125202440865515,-1.0174585226271362,-1.0621478697719644,-0.9822420987851149,-1.0162001030851766,-1.0153241498627112,-1.0578171240579788,-0.984547507073354,-1.0186643976083223,-1.0149753115573474,-1.060430457005703,0.9321573363436269,-0.17295092607072365,-0.9321573363436269,0.17295092607072365,0.9198213003982892,-0.9797767754111764,0.8896748532093773,-1.0633865731610361,0.980855241316535,-0.7820225186191492,0.9654043441962228,-0.8726203156447752,0.9801211989314864,-0.6510378839690072,0.9667709077989203,-0.6653874157872202,0.9884794101238638,-0.9497232940341547,0.9841218338202309,-0.9278272117447314,-2.2499354975487935,-1.5776292080869245,-0.6752908510052367,-0.937022954401525,-1.5684652133525663,excellent
0.8639720289102361,0.3348669036296099,0.8784403749419365,0.2790363211521125,0.8799645551518431,0.2904594031422598,0.8822166224948055,0.3001271477424488,0.8808319192828625,0.20891947002634084,0.8845426684884455,0.17598614710949395,0.8894188230825274,0.1407842256317061,0.8985514970051863,0.279049992980839,0.8948920583943067,0.057869595818468414,0.8648011151036678,0.41122496759878946,0.8650964021751859,0.2982745153274355,0.931473017539259,-0.1934075937932844,0.9317918344215095,0.1832626943548135,0.5641428697749298,-1.4693000089010333,0.6059194878390809,-1.264416767642173,0.5187884254356285,-0.5931431750266842,0.6723289294899971,0.04653987127860375,0.4138051516930227,-0.4949494182484622,0.6880126013603624,0.06911790418264699,0.4865569279672264,-0.3298916693317593,0.705096973580342,-0.0008636124613575821,0.5884231567030127,-0.3861715152149123,0.7240655314297505,-0.01372824357500948,-0.585813691047417,-2.1911437191360945,0.585813691047417,2.1911437191360945,-0.920646419092335,-0.7370188625741272,-0.9417606820467774,-0.018820734586593054,-0.9482080418656785,-1.3859850146308197,-0.9275538192856094,-0.8581168284846545,-0.9352920496353848,-1.6654254724522028,-0.911514889384865,-1.2468596228326485,-0.9512460205243523,-0.867999937109118,-1.0350524266928278,-0.4119371546333944,-1.466111918335066,-1.5406397057163592,0.8707979887213062,1.9649457423706265,-1.4182358732561846,good
-0.48868039194773644,0.7650739763600845,-0.4931607816308548,0.7849805376236683,-0.4975382259678859,0.7923967224605357,-0.5018061891131622,0.8005080429745645,-0.47984128329033016,0.7751109817543322,-0.4753495227471699,0.7722159874987414,-0.47107300943665564,0.7675687949093741,-0.5057573087208188,0.8334025982830721,-0.46118677345234643,0.7725219389929363,-0.49777997877601105,0.7808272430073528,-0.4824464121895966,0.7613801379174525,-0.5597026946157475,1.0354328277179061,-0.41365495574795613,0.7701048084351786,-0.6883636880735949,0.7412358574862212,-0.3895576441510031,0.48659042632514526,-0.5997668180542959,-0.3551930776495513,-0.36844855032610513,-0.39178893537812975,-0.6125231447827115,-0.42500170429890766,-0.3565803313356676,-0.40853623639559444,-0.5821583754443714,-0.43795932097645957,-0.38389389664575213,-0.3997713883378641,-0.5723506704338193,-0.4216820729783299,-0.387131175346213,-0.39623571686223324,-0.9118844381153514,1.1846538494934455,0.9118844381153514,-1.1846538494934455,0.3298711412213789,-0.37387272654330156,0.5141104278807107,-0.7622737722907189,0.5039116552370354,-0.17197983468843364,0.5863164581425574,-0.5529413312525338,0.5259388853759094,-0.00523173837416083,0.6049111485078764,-0.3055823448489039,0.46517885183273944,-0.4666131937704141,0.5257624241758105,-0.6379002956234939,-0.7185431163811393,-0.0819175452545867,1.3883392292673953,0.4065022375777678,-0.6395162166867776,poor
-0.96670583777316,0.08713268822258512,-0.9677100603034098,0.14683885161140758,-0.9661460213352285,0.1453937038891917,-0.9645284364916448,0.1459083260970775,-0.9746847667959346,0.18657249776312618,-0.9783881573679358,0.21283038453965775,-0.981835172203005,0.24249329901360858,-0.9640068455820493,0.23526598244154592,-0.9910220237297246,0.35373004092082055,-0.9625464762040117,0.08258161270361923,-0.9728700539006545,0.14035482178024633,-0.9361103241069882,0.3704682470555544,-1.0071887832351405,0.45249847298469514,-0.917791111506113,-0.14167356166510875,-1.0699015611150524,-0.18031493441043456,-0.9302896570496609,-0.8703807081371693,-1.0457318438856775,-0.9680764740978258,-0.9337086649115142,-0.882538204968357,-1.0389944483350555,-0.9657878202485338,-0.9464623176690049,-0.8995283203114472,-1.0320426625391745,-0.95996568797696,-0.9436832148357372,-0.8977929354791953,-1.0340059428943789,-0.9592587481707313,0.8970199442221836,-0.19723428964630899,-0.8970199442221836,0.19723428964630899,0.8955433722329519,-0.8576370687842003,0.8845254960084143,-0.988737468642861,0.9714544830018232,-0.7031176099272165,0.9611621005680727,-0.8478757008428948,0.9700530681947499,-0.5362316344121195,0.9602892095381951,-0.6412258646580192,0.9765854717329215,-0.8642433246532898,0.9675033761298868,-0.9431098457684021,0.7312148284178471,0.44792933478662866,-0.7914954145489599,-1.0556132578987611,0.5212513418334168,good
-0.9726459402658761,0.35590537450919896,-0.9726197201900779,0.39472597013583127,-0.9698737845611517,0.38674955621008583,-0.9672851925158326,0.38228677478724343,-0.9821194351803477,0.43605946126953393,-0.9878381704909214,0.45405830662181323,-0.992337757717005,0.4725429271095395,-0.9650552264093297,0.4141362881273008,-1.0001681586615538,0.5179735133450362,-0.9652461453698216,0.32241226714227283,-0.9763099486368307,0.3850144821272185,-0.9319450278289968,0.4468428709206264,-1.0036448496659314,0.5128577765331791,-0.8815539262590609,-0.06293766732566629,-1.0437457327437387,-0.060654302975365317,-0.8828440356774626,-0.7771206813783116,-1.0398964992885391,-0.8736995824301402,-0.8938784448048742,-0.7833166071207046,-1.034449113519903,-0.880902384690045,-0.9099659841740106,-0.7928921563806978,-1.0286622168821402,-0.8721099601333351,-0.9085391797635942,-0.7923340779790545,-1.0295930865391216,-0.8694544212233094,0.6544631085789122,-0.20567553175549805,-0.6544631085789122,0.20567553175549805,0.8750799463033851,-0.7301804334060409,0.8952794190400082,-0.8288782820458612,0.9492637200506344,-0.5163662686680143,0.9678088027754882,-0.5971215570991749,0.9454016624982581,-0.3533902004911472,0.967476041331169,-0.36709489725483974,0.9584053856337374,-0.720110651846405,0.9754798305979656,-0.7789608260667292,0.6685074686245498,0.6575157462642016,-0.9031511381575426,-0.964180938614975,1.6265850986334567,poor
-0.9607543274649335,0.3601092472113094,-0.9605412668871647,0.3814290823465997,-0.9575616684776842,0.37741707970329114,-0.9556186785356534,0.37521221733240295,-0.9712849168340721,0.42114705375714256,-0.9763098169647891,0.44356459781154,-0.9811593827300059,0.4674796370212211,-0.9554502079301596,0.44332245252796826,-0.993287507776881,0.5535407721319469,-0.9557501040881985,0.3874166968220425,-0.9681143477156868,0.43908529605831326,-0.9321690150810802,0.5485036734526638,-1.0035183568455428,0.632970133930057,-0.8480500290880587,-0.39300346466733305,-1.0999572477030062,-0.4426997083003395,-0.9146161281602613,-1.0009504479107745,-1.0509349712977216,-1.0767172864694363,-0.9284738580730902,-1.0106563449006871,-1.0442147392534533,-1.0734563563849997,-0.9320347348943407,-1.0218282461685517,-1.03484574944181,-1.0710728633194346,-0.9283618334416626,-1.0196885038797745,-1.0354979992945312,-1.0715830556752217,1.032458866602127,-0.1336568656249671,-1.032458866602127,0.1336568656249671,0.9544025629126236,-1.0120795738332586,0.8612849232888676,-1.1351974035524162,1.0413478829006886,-0.8878158104443155,0.9300316364423872,-0.899548064395285,1.034964422478384,-0.7459992081568395,0.9318828581802161,-0.7173936148823584,1.0662286352231027,-0.9899586013731346,0.922620468110049,-0.9823497070751981,-1.4190487120254227,-1.648802020271847,-0.01385883961081813,-1.0345849596622714,-1.2254810492621029,good
-0.8868444005709027,0.2422571429084462,-0.8896208414042552,0.2751486005685218,-0.8866229773055306,0.2750029913863709,-0.8839290479334025,0.2779557280377629,-0.889052130495072,0.30193412534470243,-0.8903535455477122,0.3192400321494599,-0.8934686259283396,0.34089392669087004,-0.8809373164883427,0.3182376993039731,-0.8969097505487243,0.37550148849490145,-0.8802763355337023,0.21841345340517482,-0.885112363286061,0.2556200301478444,-0.8437642965223003,0.4064355220450458,-0.9184506217937691,0.3870665412077848,-0.804342830778814,-0.10689865343599349,-0.9545590169327636,-0.2773347827618234,-0.7999165394242902,-0.836761465838119,-0.9183594301255281,-0.9384401904500209,-0.8119239607311111,-0.8446860645427169,-0.9192807645189034,-0.9129919518616373,-0.8311247492703824,-0.8450281897786015,-0.911955388195994,-0.9050798374250876,-0.8330476764507077,-0.8420360926756473,-0.9095068307915691,-0.9121612794065838,0.8356504800508165,0.032076485607947534,-0.8356504800508165,-0.032076485607947534,0.9311420276756188,-0.78124582418758,0.8773382744037393,-1.0055646502337625,0.9517050268370577,-0.6297350124107459,0.946268455206658,-0.7655509613319503,0.9546064645628417,-0.44895033974454834,0.95027122415924,-0.5064825474871738,0.9465421788605132,-0.8290071642596367,0.9383700004529008,-0.894428178439989,1.0006365798195993,0.3605859488523882,-0.7400211729067493,-1.1960183625421155,1.146487064757471,good
0.3473745827958423,0.13625249664245048,0.3528819086661432,0.12093700244304202,0.3508154684021525,0.13249399393335573,0.349276318151058,0.14396528882721757,0.36164929768133786,0.08041040623460965,0.36563527468166723,0.05618247996970473,0.36985265426572494,0.03112595359385479,0.35579069967006416,0.12610785009391426,0.3796836265257314,-0.04211645794858891,0.34339362576244375,0.1558018732371492,0.35808313687835563,0.08924721840217087,0.31540638762444934,-0.049959656150820424,0.4149297327868477,-0.22814444940723003,0.14418835285661,0.1739056548972778,0.41374122018785664,-0.17240310599049372,0.2883191091044111,0.11513535368729952,0.46770590968115466,0.27515749244030796,0.21566428860264128,0.06346159428530372,0.4863831809858462,0.26416659130194525,0.33548079647495105,0.07974664825409093,0.4833881212782604,0.2560211047674123,0.33428335399936365,0.06348203550043235,0.4801811798056513,0.2594738708059937,-0.9399014319870928,0.9232840733906769,0.9399014319870928,-0.9232840733906769,-0.40883722139243367,0.37815036363537247,-0.32087916628538005,0.3140326343984153,-0.471796402591345,0.4186625266271078,-0.42316957482949447,0.4463939834080461,-0.4694175419034598,0.4093735900465224,-0.44820989381423093,0.46579875713954727,-0.5071266722809098,0.4150076807723967,-0.4596769269282393,0.5281936572695733,-0.30335630372443967,-0.01338744192954076,-0.19833424410548103,0.6205240145623285,-0.25848242694799234,poor
-0.0041516810318980866,1.0467818843745336,0.000906006812345715,0.953929657859625,-0.0038135227382033745,0.9359607650698978,-0.00802814684008895,0.9169816332801984,0.015371274883090836,0.9753617390714723,0.02139051259351548,0.9730966796786015,0.028673614844686418,0.9700651777681901,-0.01596552379597123,0.8482361668319066,0.042495328024110296,0.9252352423844117,-0.012598231845983085,1.0662222806050698,0.008226405110548519,1.0843115305609148,-0.03597040646019625,0.5861600060097668,0.07483241337052038,0.947360625516165,-0.230006085905949,-1.0604937758638437,-0.07092563746038706,-0.8270078954904908,-0.28210877209219715,-0.9243065927115335,-0.06311477683517634,-0.6139272009514646,-0.30564363098093883,-0.8850059905611352,-0.08195801745787255,-0.5804813009338051,-0.2652966581803567,-0.8814446843831053,-0.07251783312538201,-0.6025199435036216,-0.23698211621607101,-0.8803163480231035,-0.05951378418691772,-0.6173839816905851,-0.3773118691118532,-1.1423196463116028,0.3773118691118532,1.1423196463116028,-0.08332994419579841,-0.914304517637436,0.009543526287722781,-0.6253032347247938,-0.06697298819409819,-0.8857364512694056,-0.045346460187110624,-0.6725991530101331,-0.056552651455803404,-0.9857768387525045,-0.024959292804521468,-0.7359939108489351,-0.0364966844365933,-0.48652170646420145,0.00890734808485883,-0.4318855082934822,-2.540833327597855,-2.548460514694563,-0.9161354420698274,1.362145116280672,-2.302174402750903,excellent
-0.20716532545336752,0.9642740267973124,-0.2044801240770655,0.917908580953334,-0.20821072928766443,0.9041762810888274,-0.21142600325832545,0.8892665135702883,-0.19020182715203918,0.9397430130991705,-0.1835351872312884,0.9422599631984961,-0.17586665348442274,0.9442302910254567,-0.2161471965938967,0.8468979787993834,-0.1594476866119953,0.926246159346558,-0.21363169897164191,0.967057401378175,-0.19623914653005764,0.9910249313008239,-0.24291926051111387,0.5626640877008116,-0.11383180926154501,0.9303894356732788,-0.3891850113352347,-0.8732837008917357,-0.20048030792682123,-0.6249223108232256,-0.47592704879484976,-0.9549462281607751,-0.2415482615912143,-0.6953576907012835,-0.49907685731235146,-0.9270060170818969,-0.25086808934293503,-0.6708475822174957,-0.4649814497456899,-0.9152097317384073,-0.2488487126076383,-0.6962112925468816,-0.44693944494084104,-0.9137386189839144,-0.2407691583501597,-0.7105525732321276,-0.43199944079583413,-0.9684157698160386,0.43199944079583413,0.9684157698160386,0.11241216312019954,-0.9297930195799863,0.1985028747509217,-0.6997112716489181,0.13565335025586886,-0.8198729282088641,0.15166032622833037,-0.6676957558337253,0.13252046226423997,-0.8385707487330065,0.16202679986834095,-0.6561576740497016,0.18227772872137593,-0.5341768375764243,0.2157365992172873,-0.5056462691596537,-2.3531871168887837,-2.453994421073605,-0.8996019717673452,1.4850728089765723,-2.226122560353583,excellent
-0.8636955765172607,0.3630724394882183,-0.8617176930832884,0.40254271359529953,-0.8600302846636766,0.40473308158095495,-0.8576150126160884,0.40911626555454034,-0.865179153489476,0.42258223174216114,-0.867134748135918,0.43759544933165595,-0.870478471884841,0.45404473802943657,-0.8530474541496643,0.44076445168023576,-0.8704345948666794,0.4705108545553013,-0.8581191254077674,0.2996188851752237,-0.8610845668947562,0.35940584045545987,-0.8039429964888476,0.47854070193740916,-0.8841002809262333,0.4572091536520068,-0.7419784329631317,0.020108432988138566,-0.9278055054697064,-0.131128059387835,-0.7348492067786457,-0.7374469250368619,-0.8918541553792843,-0.8626764336122819,-0.7397873765267402,-0.740527957183249,-0.8995135598471323,-0.8476408230448483,-0.7581693969503766,-0.7377353006558431,-0.8899397133624122,-0.8248972312273379,-0.7579096971989451,-0.7380668570289458,-0.8877903261578525,-0.8271895955223365,0.726263299661567,0.2342547844254291,-0.726263299661567,-0.2342547844254291,0.8332523667289476,-0.490308171278388,0.8575305941173135,-0.8506669493704617,0.8942082851336238,-0.4909019224287584,0.9221757557575734,-0.5845063806961377,0.9038520489211543,-0.3185339355476521,0.9262949469177737,-0.3359191436965004,0.8839852906299875,-0.7139524538182686,0.9244913621500005,-0.7586238517177482,1.0511315635251774,0.2833130060457053,-0.7555799460752398,-1.0423976843778644,1.1840729596594677,good
0.745826465430798,-0.07590530364204728,0.7496992103542859,-0.10659867095728709,0.7482773924948828,-0.09366174719876397,0.747100342987292,-0.07969623961703551,0.7559870814404475,-0.15978819034681757,0.758796829430068,-0.18612885790887768,0.7617544438287578,-0.21395325660645284,0.7577544983356352,-0.09396327267581399,0.7655181585886404,-0.2936955529357757,0.7482061504647135,-0.04308095365005433,0.7596267711761144,-0.11587854492657848,0.7146864226751345,-0.35912755563910026,0.7819116908213071,-0.501496723135167,0.53892649061415,0.16218924718733663,0.8001185691373499,0.03376144402192859,0.8032660174531205,0.5750209690141418,0.8902344598561969,0.7699332935344549,0.6125907381317707,0.416369736554483,0.9326200971290554,0.766453553386649,0.724077193215593,0.44409257426715765,0.9258948809914267,0.7415501844609964,0.7698699166259164,0.4063249819888447,0.9205916592048622,0.752488042361349,-1.0761417578987087,1.0947968472568776,1.0761417578987087,-1.0947968472568776,-0.8123460469750415,0.982317871648219,-0.6770568346847233,0.8378232958967989,-0.9393438327144743,1.2031226525368655,-0.8033923678284487,1.213383065345918,-0.9517673603671682,1.1970897919229826,-0.8392139412424819,1.2963455184199524,-0.947118302656785,1.2066711615927812,-0.8297122456466719,1.1944689108895112,-0.3356480474779611,0.05419980287492471,-0.5220531426012995,0.39646212112451307,-0.13671017907208352,poor
-0.9556686904154205,0.21827708227444295,-0.9582493116937637,0.26583309419852424,-0.9560644805117406,0.2647882565798676,-0.9542737882127832,0.26376542123050173,-0.9657014346392313,0.2998387432084456,-0.9706471874950541,0.3225711052068605,-0.9760079869569123,0.3499192650015523,-0.9557580720896065,0.34237791310193555,-0.9912225906455228,0.4569679819015253,-0.9523607288075508,0.22812002349319369,-0.9615680055343868,0.2855435545721959,-0.9359918297324745,0.44261348772142417,-1.0071685302831994,0.5122732970399976,-0.8327631152235866,-0.1546202313318603,-1.0767911322435686,-0.13527213060405843,-0.8764511404274296,-0.8376379471419814,-1.0449619523427272,-0.9262830648960552,-0.8903108711364448,-0.8351758623826123,-1.0331084062188203,-0.927044844782204,-0.9062372346048204,-0.8482885769096535,-1.0240655198654531,-0.9238007106670002,-0.9044062132479278,-0.847303786084946,-1.0278872104759478,-0.9221235976055592,0.7286639204816375,-0.2123284433606609,-0.7286639204816375,0.2123284433606609,0.8849913011219385,-0.7921189026287462,0.8977810130494012,-0.8863995941385611,0.9548971374859678,-0.6117872489198215,0.968253516907011,-0.687049143457431,0.9545304406222195,-0.4320003289267164,0.9757815537635942,-0.4623856786975443,0.9615114270653455,-0.8006487128420889,0.9770569312961754,-0.8425475851746553,0.2146299263608854,0.3451605452541179,-0.9434530153311489,-0.8418785738482076,1.1378944134019373,poor
0.7782445162775465,-0.1505136247571746,0.7785045978747251,-0.22043480080285208,0.7761128224161189,-0.2259384132376227,0.7733773118714995,-0.2340203695055139,0.7844471945449409,-0.2381010050959392,0.7864486300111073,-0.25395170475465884,0.787826238758395,-0.2785345979754966,0.7673094858687388,-0.3398470242700349,0.7890543852891421,-0.38693460383362044,0.7652750195074911,-0.1489397817557241,0.7786388237679721,-0.18837971150641647,0.7137649854078837,-0.3202453738660436,0.771636696152519,-0.4757198746334133,0.9354430808131973,1.080474875464852,0.9579362580173716,0.8879742962234187,1.010472359559768,1.2990520079379715,0.9734804162662903,1.158887772022514,1.008186577294892,1.2550684373495191,0.9880463303666928,1.1527851466713912,1.0035117428657712,1.2746217619157159,0.9699684947713907,1.1514849425181761,0.9979336360688756,1.2968696458674867,0.9607483925663153,1.1678097898980329,-0.9394601912108375,1.1951517774132236,0.9394601912108375,-1.1951517774132236,-0.6880442427283614,1.4196316430839697,-0.6397856804143685,1.1764553085120972,-0.5395946957602463,0.8901893738378217,-0.4912138867703966,0.8300256520761079,-0.5216745162359748,0.8398145018279708,-0.46723376703368313,0.7715197250506908,-0.5163447535863102,0.7308984177887611,-0.5071748265198806,0.8355352516776701,0.31665321766928495,0.38559241619267565,-0.6658231759554738,-0.09696810774427604,0.3299559848692481,poor
0.2758487803246941,0.2992898972061367,0.27201497553069637,0.23477782012607315,0.2671322652300989,0.22099637129635089,0.2623321658195223,0.2062902090452105,0.287405658959916,0.23656742879635567,0.2943711687921034,0.2293173037931323,0.30232321849606714,0.2234569583586011,0.24894038469226665,0.12300993839081212,0.3056190736256191,0.14950956510034405,0.25409530228874694,0.266087690127063,0.26846644281055065,0.2723072332078208,0.18470970772536824,0.3211709722598374,0.24987420435770902,0.09069844732205737,0.6767589993459091,1.7085310751896652,0.6176816593771901,1.781213431795967,0.6799779947933386,1.175805210197801,0.613243505482851,0.8369902063428144,0.6366084782006644,1.1650003868524892,0.5664510574270102,0.7963992855230937,0.618999765881397,1.1313166774332215,0.542627437330675,0.8311543004236522,0.6202832419113264,1.1387044685350542,0.5438823609655876,0.818948752484514,1.1449067835154967,2.0855605852621686,-1.1449067835154967,-2.0855605852621686,0.6589820495251123,2.3364310294954027,0.012614705191227794,1.725797554986663,0.23747691428361078,1.905874406054581,-0.08919602537761345,1.376312264943116,0.23544679023286216,1.8019318225791998,-0.0610027542535566,1.1757264338863418,0.13729588823906125,1.4341457954146897,-0.2628773430059532,1.1593134509619214,0.7528633993284225,0.6683204655460145,0.8541999859423665,-1.1554003302580271,-0.004438104977593518,excellent
1.8520924697148156,-0.33227833308458105,1.8821856851983425,-0.4069606379448284,1.8861501102769618,-0.3899279518292917,1.8906742487141943,-0.37482695041758163,1.8835609757221807,-0.5159385008433927,1.8889916967438456,-0.5787223816548596,1.8937037187552332,-0.650640136047295,1.928407312243517,-0.4418651319031269,1.9149181681625018,-0.8068660083189912,1.8541454167678875,-0.2796443068864438,1.8569663161800958,-0.42126175189794773,2.047433524241902,-1.3063093283072638,1.9918590172462431,-1.0394158194084335,1.5809912374933075,-2.6354460217742828,1.6228147419241654,-2.951354843715404,1.688331292211696,-0.14362000629035943,1.7795877219910174,0.4824537395426444,1.6041975724438715,-0.239001559758751,1.714103525283445,0.5773263248782596,1.6792255857577183,0.035036969687984795,1.7304655031133198,0.5223770213049136,1.7299892582570036,0.029766329477686752,1.7695989423563752,0.5047187687238558,-0.5864530148351296,-2.391260501257395,0.5864530148351296,2.391260501257395,-1.8215414233608938,-0.4233765596053955,-1.835645262485452,0.6217507802427645,-1.9583493336285698,-1.6787261720440116,-2.0293565290669613,-0.9299977094934841,-1.9408375601918102,-2.3426598305791875,-2.020320872008698,-1.7993718812725614,-2.08587930846775,-0.8896666562155037,-2.218349339668542,-0.16909723230581877,-1.2824062675784378,-1.3025530477903364,1.782390617999677,1.5768728086846133,-1.0467636418030433,good
0.8748315563656921,-0.4418001903420618,0.8756209903087295,-0.49870819180700177,0.8702091109182803,-0.5122686986658121,0.8646100802112517,-0.5273963428758602,0.8949733239782988,-0.4843781433582808,0.9047595326592307,-0.48365219682696636,0.9158575124777035,-0.48178671878482765,0.8406233477734257,-0.6550724853725873,0.9276222882338685,-0.5512069319890442,0.8498912150599002,-0.5131606936920309,0.8782843947430398,-0.49271806017901837,0.6985172792880536,-0.7870026742780859,0.8388607997146251,-0.6161923126791189,0.8261617243212872,0.9398084619804743,1.0477937636767243,1.2200492023075995,0.7354654877451491,1.6760051794201127,0.8193711088473511,1.3852530372528384,0.729618381646043,1.6079661887885361,0.8038624959089996,1.3601514000214183,0.7159986074349394,1.583552838927736,0.7706954922899947,1.3874529209438216,0.7055081308368679,1.6259984188783148,0.7590223168995781,1.4035156596457106,-1.764316566698765,-0.8420303895571652,1.764316566698765,0.8420303895571652,-1.0282453772423148,0.8698572668014473,-0.835818120206681,0.9928419286876897,-1.0904492512419184,1.8438088534024732,-0.9905953940405382,2.035425172094492,-1.033145015889474,1.8986406063892032,-0.9346345727461096,2.0014511711943985,-0.9372527777938586,1.9476657231475252,-0.8514775131937299,1.72531078548927,0.5150746599651301,0.6141350394672018,-0.6134374105952685,0.28030920176741064,0.008335007843113468,excellent
-0.03902135412176615,0.14344280347011945,-0.049909571595925475,0.12936779388223407,-0.05409028003361603,0.12772733711350392,-0.058237376299567684,0.12728541095157175,-0.04303911368348589,0.13972030628963827,-0.04253554528069515,0.14423381256053272,-0.04229537196792045,0.14818043971158015,-0.08042612728585585,0.12754218328763728,-0.05364593896881306,0.14916796819671602,-0.047002390512460274,0.15559784041283778,-0.036999314329374214,0.1693244559024864,-0.119268337948538,0.5077128397017421,-0.10396442917862267,0.2546330778795486,0.060359190474378294,1.1373981810942462,0.060387992885396057,1.239440902912942,0.08968041114822646,0.4928531284274133,0.09905446458353918,0.3315804565196047,0.13810669637534093,0.5049027965358553,0.10535417037128611,0.29245048740217283,0.1259788423337678,0.4703082698741406,0.08099434961667694,0.28890711884609344,0.110388170500199,0.46553055263634907,0.0718165424456795,0.30677910855181173,1.119706301405851,1.4709769592888262,-1.119706301405851,-1.4709769592888262,1.0330473731860164,1.3700455855276845,0.45771896617002317,1.2842619037607175,0.5764773165130731,1.0326955841805279,0.23255043437776726,0.6950905198810908,0.5548982441948658,0.8577175358699237,0.16160064039504163,0.5746672823052364,0.44772496355683106,0.5356576214896375,0.019317281078555834,0.2236420675997473,0.5171972166247345,0.5092821927973291,1.1834953081325426,-0.7563636234997676,0.32893519955587047,good
0.5089729550246437,-1.5643552140162762,0.47792402341145535,-1.5327090104634393,0.47873285473522786,-1.5378406556606208,0.47965160972114307,-1.5406397994996697,0.4660130347048875,-1.4948525858262163,0.4566209582397322,-1.473540518947525,0.4441814384769976,-1.4469393203997052,0.46299145735389907,-1.4778185598887457,0.41296917007066836,-1.3356801834106846,0.533496603715389,-1.5671424768937812,0.5142676594375729,-1.5075672188771385,0.5475804519757217,-1.179548463842027,0.49321010491110107,-1.3708294102266823,0.363274691400217,-1.3060038807965066,0.447404468734886,-1.1698071056407,0.4200125130354489,-0.3018239050642745,0.5203212873976154,0.05584140160088928,0.4432681328912375,-0.20458753150396067,0.5379477264325192,0.07656375035014677,0.5151083038029693,-0.17206767823666771,0.5416320660478059,0.04019079813988645,0.521281530136281,-0.1719070256945131,0.5429668553011784,0.031859740143278505,-0.100882686497401,0.1706581925511772,0.100882686497401,-0.1706581925511772,-0.5888931802931485,0.5251903436562468,-0.7173593558444941,0.13404004798648234,-0.25903036558434833,-0.8020436139716439,-0.2048112554198756,-1.3060239092567578,-0.20180708895982433,-0.931527513530167,-0.16994856009561018,-1.5481460379232284,-0.2995213795074192,-0.9857380598172603,-0.21479944880300336,-1.1091655218678391,-0.13307822804372155,0.19002817799866512,2.882322702225615,0.7296844193810216,-0.017169386416544374,poor
-0.049708025345905474,0.02664982338677789,-0.04893475581646372,0.051521255473484504,-0.04962091396030603,0.0601753053620952,-0.04997829334757751,0.06849786105701056,-0.04844067318592166,0.03141463565547192,-0.04853162026373681,0.029190411661810623,-0.05069464621852497,0.021948349948856572,-0.04884695552326887,0.08543435317345693,-0.05499282698690211,0.025074727008150242,-0.048634759993308886,0.05041456439083149,-0.05137449592994912,-0.0063594139928043495,-0.07130479144409055,0.2229168737186875,-0.0017054570902900047,-0.015487037943765405,-0.3124727282990101,0.021935386034144248,-0.028575243316580522,-0.42828371917373204,-0.19240318774789547,-0.32449430580418887,0.011200476449719457,-0.30955107306272567,-0.19936976494278114,-0.35989411965853657,0.00913798881218242,-0.2855879673896963,-0.1615234621909915,-0.32340492155676265,0.0005352313286807849,-0.30118508824550916,-0.14857164294655986,-0.3453430268591331,-0.0018142009059750554,-0.3072829382921478,-0.7650522387097451,0.7658551477179604,0.7650522387097451,-0.7658551477179604,-0.056305293064920006,-0.1652974453676261,0.014214936826807939,-0.24300614975726553,-0.08333321365171832,-0.473582376545783,-0.018028562724089894,-0.3973136930601106,-0.08917466394670932,-0.5078906292765887,-0.042156582426171325,-0.49068680989229824,-0.10443036168646265,-0.36512745371371647,-0.05119280381504044,-0.18714719012660772,-0.522172637781468,-0.1296977972692442,0.9491558138174656,1.0558165682551668,-0.26806191296867465,good
-0.7870382064748263,0.2460053354834215,-0.7859473419164985,0.27134868128702905,-0.7817675552402028,0.2685669605407283,-0.7776447076001067,0.26809683422566516,-0.7958151884453659,0.31969750890184223,-0.8008394245001078,0.3458219771912484,-0.8060509401770984,0.37409667000634333,-0.7731645123642211,0.40146203883998954,-0.8084238019058095,0.4734629518448881,-0.774813803729752,0.24757267513601824,-0.7904366024291274,0.33720902501393923,-0.708436741248216,0.5173278523208917,-0.8081801638616762,0.6271224818730456,-0.5536315757014861,0.35642038277495314,-0.7140192109576696,0.6521984124209004,-0.5088756515192963,-0.4495949947989721,-0.5318358906219846,-0.5665587768431765,-0.531744196890975,-0.437069278891663,-0.5485873461633525,-0.5798185348893814,-0.5526014660329187,-0.43245630081723224,-0.5734115302585489,-0.577757978214225,-0.5508435105245171,-0.4421724974419634,-0.5631767297789956,-0.5770118482404418,0.874469275919107,-0.26137987162256915,-0.874469275919107,0.26137987162256915,0.9810081977462877,-0.028497009267406632,1.0182667144145898,0.030347685153410138,0.8432956823880334,-0.011083494273867392,0.8923061197064257,-0.06492790661152002,0.839022910488165,0.03751437786989082,0.874077387180994,0.048591465257362965,0.8021746810851401,-0.26116557134088336,0.8503019940474194,-0.36363234395183325,1.0055854726413487,0.046076605261287845,1.200429905829939,1.6064026997023708,0.8550279457063475,good
-0.9779674051872963,0.2757409194037515,-0.9773906797784705,0.3172470186785494,-0.9752828580676871,0.31576880091531484,-0.9731917045479428,0.3144739734010522,-0.9857123786338629,0.35370147245950145,-0.9896319231912599,0.3756483894580236,-0.99535433415367,0.4001100116478998,-0.9679282140357875,0.3564851918382283,-1.0009898776962511,0.4643623528010107,-0.9704246713876902,0.25087140047821993,-0.9835997029574176,0.3102414587561801,-0.9361961390298384,0.4126752692678524,-1.0072738246313722,0.47586455491583624,-0.8805189286278586,-0.03430384953807805,-1.0588843499359386,-0.07997772864609992,-0.8675529828691967,-0.7011653189457352,-1.0909277812563363,-0.813629398759143,-0.8632024165443803,-0.6992204289472737,-1.0859144858544685,-0.8201653437083737,-0.9037644663433987,-0.706298783511073,-1.0705903760276614,-0.7990566088643759,-0.9076708594932861,-0.7122784175776824,-1.0718906258632326,-0.7940991637269502,1.0961411282201146,-0.14196696943577097,-1.0961411282201146,0.14196696943577097,0.8714387895406305,-0.5022005601826468,0.871395548273459,-0.6122442549573249,0.9507591946682148,-0.42920095894980603,0.9672850072326138,-0.5495787972151737,0.9505067436217822,-0.2810961448613993,0.9683613462964521,-0.3449241518538718,0.9568930636071763,-0.6942155668038289,0.9753465212021494,-0.7603271977365306,0.7460764757747691,0.783527862793816,-0.8780245303229203,-1.0720004140887305,1.3750567848778972,poor
-0.9689566477748458,0.3694487887320785,-0.968532161967582,0.4184467853387764,-0.9656993719942367,0.41003325441991934,-0.9633893384308229,0.4061382100474772,-0.9797406321013279,0.45632651898883203,-0.9836995976171581,0.4747134773952515,-0.9879267082536335,0.4921763860923921,-0.9609174408416926,0.44297325840266405,-0.9977433862572659,0.5395568279017804,-0.9603392800424173,0.33950511067985023,-0.9729681230065884,0.40650141126102757,-0.9266235872977893,0.497030479934144,-0.998823112715173,0.5505118520242352,-0.8810076768029332,0.03606740331523564,-1.0398687631131207,0.043932776456940346,-0.8872903936745622,-0.7168455480744597,-1.0414195173549643,-0.8287968324972254,-0.8970214567466678,-0.7287759185723827,-1.0337303266643125,-0.8391755845519377,-0.9180845353706293,-0.7352849270663211,-1.0265337764877498,-0.8286888027323757,-0.9162407310877454,-0.7334239696572645,-1.027946794742369,-0.8257843691748864,0.6584477357118874,-0.1725478687844852,-0.6584477357118874,0.1725478687844852,0.8809192970929897,-0.7223661792465206,0.8997326983551869,-0.8254792231599827,0.9554869670477837,-0.4637785271032244,0.9696244791964835,-0.5645841179949445,0.9497548024314784,-0.30361193149168864,0.9702875519797042,-0.33958203103016243,0.9639750334866487,-0.6701966806148177,0.9813753800559392,-0.7444505174288709,0.6925837351927189,0.6851613217795443,-0.7828603867140725,-1.2186053313231544,1.6675417687673257,poor
0.4989091002182242,-0.8747476231216381,0.4912132360265052,-0.8629098427976092,0.49013061200299046,-0.8475229334205212,0.48922776135207746,-0.8300383162089395,0.49157461361206733,-0.8717218119457025,0.48921246679470176,-0.863278349398277,0.4848176061865206,-0.8513217505953651,0.4959611279027786,-0.7778719728868525,0.4775859483597544,-0.7983041491494608,0.5004954079355458,-0.8146479103408756,0.49518707224968583,-0.8381424447527477,0.4911126778427141,-0.5156941493697601,0.4805206894735362,-0.7276886427525793,0.551055277754021,0.2305360573752854,0.5966123002954554,0.00791008261207145,0.5764585883880271,0.578130433675864,0.5684432782830193,0.5799933899005884,0.6631478774552679,0.5951391460521276,0.6111508532880552,0.6048866375510202,0.6514873442331262,0.5921498895262883,0.5994752949510581,0.5810734444176829,0.6200573217754096,0.5943941231881709,0.5822671473513961,0.5812381315852782,-0.3892298399032944,-0.009807548635226478,0.3892298399032944,0.009807548635226478,-0.5247402806727652,0.44332535189467853,-0.5096981982547173,0.7293166844036998,-0.5573357051397534,0.18313299825771104,-0.5636294145905324,0.3634485252607568,-0.5635558661089407,0.14134953120407487,-0.5835322518440647,0.25832680139694825,-0.5857980444888742,0.24388962367839206,-0.5954046598408812,0.41640875263864596,0.2400949484342928,0.40886722089603705,0.8439031272732859,0.31643254427090906,0.2879777450835935,poor
1.066203288506279,-0.2942481716831838,1.0703377985236628,-0.3930024735442308,1.0657789730029865,-0.41002324254013095,1.0607805294841344,-0.42857922386459374,1.0861684452162923,-0.4107773744462146,1.0941643961144734,-0.44004438871714774,1.102836445716631,-0.4721515230240536,1.0440878307054142,-0.586180379408991,1.1122637474995933,-0.6033181909464714,1.0492258818413647,-0.3905993473738659,1.074946150594977,-0.39654656511797054,0.9030691181742919,-0.6298677239102636,1.0059626798121797,-0.630065223324628,0.9213556948706931,1.2272714709898458,1.1385632550303777,1.0787048986075976,0.8885951631391595,1.9336649654040299,1.0039141868865142,1.5180944461804975,0.9004402114124134,1.8532776848316408,0.9841669991795261,1.474815718250577,0.8928278403575697,1.8129638447464502,0.9500849697639614,1.527656026140687,0.8969101389601587,1.8458805746958087,0.9278536012278369,1.5387920940788502,-1.678752240886946,-0.3467202137818652,1.678752240886946,0.3467202137818652,-1.1935354187392897,1.0341150768900957,-0.9656952765974093,1.2144325871560055,-1.2869996879385786,1.8812531271334538,-1.179416615651469,2.044584694156786,-1.2296811982544686,1.8966550055493345,-1.1265650410641046,2.032350267818634,-1.1724382715785449,2.0528251812405105,-1.0088178931003247,1.7582145785436591,0.35248551035765985,0.43956959093309955,-0.7523173949284512,0.3504931569759538,-0.12609656153527288,excellent
-1.0209161910836306,0.1774143751333743,-1.0224219123870326,0.22094601560809582,-1.0171772918846655,0.21489268886911717,-1.0129033264934868,0.20945033003765673,-1.029516227870856,0.269833632893325,-1.031413705553359,0.2955897705039718,-1.0333867036978788,0.3226104795033975,-1.0013317308042926,0.27026819518545203,-1.0293808519225023,0.4162254581355457,-1.0057004615984455,0.1673425693926283,-1.0183685978104664,0.23486446077152326,-0.9493856636865591,0.4214856982492804,-1.018771771773051,0.4930867188315673,-1.0054747411378075,0.062484097515934034,-1.0155690591914481,0.03747787521330437,-0.9900891578326644,-0.6994453238351166,-1.0187254315139285,-0.8091583796147912,-0.9815754931364546,-0.7091036649748516,-1.0202753544040521,-0.8250501079044055,-0.9962663362627747,-0.7226494585140905,-1.0091220466882642,-0.8150514608808755,-1.0009155169600705,-0.7259661726861949,-1.00843514209786,-0.8111661631617625,0.7120769596438556,-0.14918249399445632,-0.7120769596438556,0.14918249399445632,0.8921212317374358,-0.7201462737107275,0.9058857685329548,-0.8112158667155418,0.9633146265123775,-0.4392872142306917,0.9768724476119234,-0.5386203957217554,0.9600983483604452,-0.2830397300546749,0.976324653167562,-0.31457516656758383,0.9726546208954786,-0.644826791805409,0.9855786322768456,-0.7269366659400811,1.0627272444389253,0.9195468639573348,-0.9169380857607209,-1.2026652807281168,0.9357433646786765,excellent
0.5944506247950307,-1.0125790018366674,0.5747745612984545,-1.018346509868255,0.5694133704562008,-1.0161494055997835,0.5634722738174037,-1.0148163188727544,0.5825872386880467,-0.996462725899725,0.5838268037534533,-0.9767149929170915,0.5849784768754719,-0.9555302223999583,0.5314785964950235,-0.9889894349763558,0.5720855801238219,-0.8995579495949977,0.5863645743224537,-1.0016189081662383,0.5951688168849997,-0.9694727589398366,0.4869772455756164,-0.8121691431345711,0.5751766224719271,-0.9491867540732184,0.6844589855061894,0.19442014903445584,0.7701469958149819,0.08014623864996971,0.8046138630669635,0.7872077445899792,0.7749928474537655,0.6498643380307884,0.7716753851318692,0.7533614205014222,0.7543507442886098,0.648249240798129,0.7626533901161875,0.7555131708205582,0.7409200502729316,0.6507025443219864,0.7618844872729543,0.7678654682566467,0.7416724478940913,0.6589685569596603,-1.1400971952595058,0.23445160584170185,1.1400971952595058,-0.23445160584170185,-0.6751413765761681,0.5578998442953651,-0.5859154041171744,0.5634979731783987,-0.7793828005728192,0.9186775178278891,-0.7520245210518031,1.0532038704849158,-0.805504336591267,0.9156861467356029,-0.8132449618579486,1.0042136069940566,-0.7763779247176585,0.9374688171269636,-0.6978647182914857,1.0862755200229124,0.3698059722657214,0.4662051704084607,0.7813952665771678,-0.265295227999005,0.6245942764840215,good
3.065400656124192,-2.289424706054819,3.0620695137595173,-2.4131911702336,3.07205650277526,-2.4039390840038246,3.0820723773905057,-2.4010288379681417,3.023537892280185,-2.5484194062143213,3.0063765283876966,-2.608260742143922,2.9853980404290357,-2.6813421592706765,3.0933777602128436,-2.456957710834713,2.956515608180847,-2.8184014862028643,3.1102055974925937,-2.219807927855783,3.0632871382725324,-2.4032245509119567,3.1206044550369594,-2.7743927314596077,2.908611893794146,-2.7509488584734787,3.191208791170243,-0.7461606412184375,2.886563953319535,-0.16368073012174347,3.3700634407124475,2.9672066024705432,2.8545384819555415,2.9876927435687772,3.438110850584523,3.184033127689858,2.8451046443623667,3.0411677841045717,3.3378202492090012,3.1998363090817437,2.8904603168491554,3.0785176641471463,3.32532852566373,3.1133280717593115,2.9009979934688634,3.0751079586914685,-1.1829064996371705,-1.2812295098507445,1.1829064996371705,1.2812295098507445,-3.01312884210803,1.9643610563022529,-3.0784060962580844,2.486521931866888,-2.668195112218397,1.5361583168677573,-3.3103841175192774,2.41407052053406,-3.2923800657228837,1.2186196532090223,-3.405010076651399,1.5440267827822496,-3.278243399220272,2.322615596820763,-3.261115470562279,3.2853270443598017,-0.047786236927776324,0.2043577433242314,0.6752326289463477,0.671553718122496,0.0765137360005536,good
0.8318179688878102,-0.8317566669658989,0.8369974321365259,-0.864866973484267,0.8361714363720283,-0.8625418642089829,0.8351652718881561,-0.8626309835765952,0.8368427404749856,-0.8987836411763346,0.8354359518296234,-0.9159968240247297,0.832752783291027,-0.9399064114383933,0.8330802146867115,-0.9200838435964793,0.825310971334225,-1.0011424982064954,0.829090216394652,-0.8557777665532309,0.8333893413219928,-0.9270869015372872,0.8280505096988252,-0.9459352049305434,0.8359891646737453,-1.1107680498510137,0.920775982432476,-0.013574834715693915,0.8820206565365909,-0.4278603563191634,1.023549788298039,0.7925371962114854,0.8637100048458335,0.7101172567292967,1.0824869571223845,0.8498664014900116,0.845469645444539,0.7058224315643004,1.0585769329190928,0.8467662640623751,0.8469190784838991,0.7342222038517117,1.0264437516877374,0.826535137414192,0.8565151577782149,0.7365643997955243,-0.9102722223564059,0.10524583109135,0.9102722223564059,-0.10524583109135,-0.7574360338136166,0.34298089844890545,-0.7728275872585129,0.486772026210511,-0.8306878261306916,0.15833801163224248,-0.8277624585325623,-0.2949301883582685,-0.8538295491343009,0.03728795577009582,-0.8462368658068511,-0.6352785156878865,-0.8175249557597948,0.19855694107374464,-0.8427198278377669,-0.009505899115591087,0.16422878139937472,0.2683323207536782,1.4813731308251028,0.394894539463254,0.21105625813912168,poor
-1.016225799948509,0.4500871312494123,-1.0179310153496033,0.49356844827601026,-1.0160232684416988,0.4894201704028201,-1.0132183665187873,0.48358452769004695,-1.021535604194846,0.524117860611327,-1.0234395506993832,0.5419685783088353,-1.025762479078152,0.5609432802006682,-1.002337955164105,0.5136514366754759,-1.0239445560668012,0.6187326774881572,-1.008556892721838,0.4328326875596422,-1.0155316819534523,0.48333862287253854,-0.9525407774620763,0.5158277233864793,-1.0214805971843248,0.5883367417900354,-0.9356815492551858,-0.31763585889947726,-1.0531016399710948,-0.3295282041711122,-0.9961322720696091,-1.0007709047349516,-1.0158129968813883,-1.061161128213477,-0.9973534846076929,-0.9964652705880502,-1.0127016521526897,-1.0592740955294402,-1.0002075253299518,-1.0118021083085456,-1.0068633866353516,-1.058180143983238,-1.002042536899353,-1.0154310582019574,-1.0041701527084308,-1.0588105994514143,0.8519272622509854,-0.1475324493141562,-0.8519272622509854,0.1475324493141562,0.9076912816623681,-0.9969935682677858,0.881895578092344,-1.1026119608746328,0.9789068644628748,-0.854312089276825,0.9590502002357747,-0.894136415806269,0.9780724572314348,-0.6990070632479349,0.9599574590166927,-0.6720746525354254,0.9873681910068355,-0.9612899207478247,0.9613979834894218,-0.9852011867240948,-0.192967018796192,0.1145799834993403,-0.6598333970524979,-1.2001422723795951,-0.9233149515039933,excellent
0.7643845938743581,-0.4820095738888322,0.7676535734303932,-0.5133308601104467,0.7662338548462915,-0.5064371370919791,0.7649575663508699,-0.5013816424454122,0.7708182627378337,-0.5490369807898615,0.7713518835750358,-0.5625884235798685,0.7727597810156046,-0.5739822365118087,0.7622257290736537,-0.5638740831177737,0.7760773817874606,-0.6257374953378954,0.758694061987161,-0.4504896738620387,0.7688254089013906,-0.4954723877826948,0.7205790668294082,-0.3906371605305523,0.7605668653052866,-0.5612739694577935,1.234966819563737,1.2331925121202816,1.0801255362065394,1.23980144226025,1.1690803397148346,1.4363618759590606,1.0111406426967724,1.266198612193226,1.2554426102886784,1.4599703219439975,1.0198733657819254,1.2141989761796221,1.2234536076119396,1.4439282299500857,1.0105463343681789,1.2393511886701258,1.1901306566204921,1.4334766349961172,1.015392440030903,1.2649065236079142,-0.8469188671173628,1.146643962298492,0.8469188671173628,-1.146643962298492,-0.7452855739656996,1.3315106590193813,-0.6376809700814215,1.1301479806672032,-0.7615801797416654,1.0671653830168677,-0.7675198452084968,1.1240053435085973,-0.7484092808429083,1.0257543189580947,-0.7893530387329208,1.0635087042925124,-0.7890622732003465,0.8831839206265446,-0.7732084403434367,1.0970333367301202,0.6295110629956014,0.5873761348767946,-0.4541478296729986,-0.40767705079256794,0.5039858374076852,poor
-0.24759706520910962,0.11268254517338089,-0.2650743475506681,0.1439015070254765,-0.2694742268048261,0.14454281459479684,-0.27390163197689127,0.14653801810125808,-0.25546471137642723,0.15417889172415905,-0.2533502408012284,0.160021689091982,-0.2518797815435326,0.16398063264451568,-0.28516320540325063,0.17382423813050576,-0.25077372473813403,0.17565683166290094,-0.24920202728568555,0.08383654751257844,-0.23819079133559884,0.10429974072473909,-0.32766081639207595,0.3627088295452991,-0.22928672537140823,0.11763691377794575,-0.25808338880211945,0.5614286618627466,-0.10838208252819856,0.108606060179799,-0.1790523218389182,-0.05137876713459649,-0.0799937257642835,-0.2671372979257559,-0.19704238076901068,-0.07510446548568894,-0.09033869582935854,-0.2600398468494394,-0.18828054319301663,-0.09557972641689386,-0.10395889291890778,-0.23772277450652252,-0.15668944746324778,-0.08359683064372754,-0.11250079842281283,-0.23348628842813599,-0.5333468771165331,0.968673399904286,0.5333468771165331,-0.968673399904286,0.20795680597459573,-0.08195433556070891,0.2866031367072188,-0.29113611517717236,0.2563506600383736,-0.12553200539710965,0.2814055699529939,-0.1558306718169025,0.26560102041508993,-0.057955515347911594,0.26868003607055607,-0.037152327310466825,0.25863586236066327,-0.22881590109519326,0.27706445145897873,-0.11814779646582341,0.3761785234733996,0.3970039329881337,-0.06246825088263183,-0.5971855080272859,0.5546124414754682,good
-0.9605109007364139,0.31748499422803356,-0.9616831795966845,0.34089547918452523,-0.9595193687343798,0.33470467546901767,-0.9575098029162138,0.33082727368468695,-0.969426652411068,0.3877718266214491,-0.974272105432259,0.4132611383039843,-0.9791707375829775,0.43940165109729845,-0.9578735643383368,0.4059350406827582,-0.9910183713565004,0.5259593613100221,-0.957112167675091,0.33131150439367535,-0.967153310213055,0.38654021247585557,-0.9344142652969665,0.5227028883276308,-1.0057571985932507,0.5966905993043304,-0.8446378603278177,-0.3837132759125458,-1.0913475372827275,-0.41032197762821304,-0.9184733216688012,-1.0076206398946816,-1.0399344069839258,-1.080846620500869,-0.9284619340926218,-1.0122952598027333,-1.0299174609778483,-1.0709095421993866,-0.9357157031414413,-1.0283568492121362,-1.0201263263589067,-1.0754048055200223,-0.9323124801632259,-1.0276173971186793,-1.0206815230399326,-1.0775446718003086,0.9502295114126292,-0.1751343581497438,-0.9502295114126292,0.1751343581497438,0.9484083052309491,-1.0289917177971624,0.8755217535281902,-1.125149056041485,1.0451557133122928,-0.8884867174800335,0.9455896010104898,-0.9234774709208473,1.0392731425187347,-0.7508030082058188,0.9505754134730039,-0.7101795872200192,1.0543104324755963,-0.9861613961494763,0.9471272906872178,-0.9889242761654454,-1.0799209994370633,-1.0046504065626232,0.4754597103112839,-1.1895450174120321,-1.0205911406176231,good
-0.9682179141159004,0.37469300376593334,-0.9678572588434444,0.42074540208684147,-0.9651776776276215,0.4132319706200366,-0.9628742103348877,0.4084095571135854,-0.978727187690121,0.45784491549178996,-0.9825490104018091,0.4760109449895032,-0.9865906606227428,0.49457346929565327,-0.9601131213648175,0.4422238481047859,-0.9979472726394296,0.5425033370599913,-0.9600960362526032,0.3457858337233336,-0.9723974352185506,0.4101400271736103,-0.9282606137993119,0.49590295195927403,-1.0003735130584113,0.5545913704030226,-0.8609790389735655,0.03546034778851772,-1.0589053832199447,0.03201882049884033,-0.8845599153100999,-0.7133812749538943,-1.0475809076864202,-0.8274365140316641,-0.8962379446655785,-0.7242364052681318,-1.0374867933953145,-0.8365901258978685,-0.9165684326665915,-0.7311311402568916,-1.0288323350487776,-0.8262901303029873,-0.9143707333251192,-0.72881696989063,-1.0305914633711035,-0.8236584018471151,0.6758241909135417,-0.19242886762027117,-0.6758241909135417,0.19242886762027117,0.8829654117033439,-0.7185905786302507,0.8989674693312796,-0.826009404400336,0.9562937360329441,-0.4696245315066949,0.9692308241484794,-0.5667195970300849,0.9495086669994779,-0.32361284773690036,0.9699286668116675,-0.3479102755237113,0.9644325900040402,-0.6720583942579695,0.980084601541515,-0.745682608551735,0.5522397551584424,0.5491415636144497,-0.8058814912297331,-1.224770661766955,1.6414128294880856,poor
-0.9241499718556101,0.3125002295931509,-0.9276660840046622,0.3788219284751317,-0.926388266315609,0.37203835003683117,-0.9247935836337113,0.368978434126576,-0.9292825226646537,0.41246526155360475,-0.9312762990359491,0.431292074673613,-0.9329667140801321,0.4510961642657067,-0.9209769519188997,0.37194208138414586,-0.9434459132522707,0.46196178545790884,-0.9197100034832508,0.26795208635018825,-0.9244584615077619,0.32189235953287965,-0.8814229185707614,0.34958372811468674,-0.9595823309152868,0.40609156498605076,-0.8504372518863981,-0.08985056417782687,-0.9621303412207495,-0.1056639832818511,-0.8409848201021652,-0.8005160176922207,-0.9674181768181919,-0.857796430146945,-0.8163654890190082,-0.8005331361943794,-0.9773064356689748,-0.8599634607180959,-0.8282928207834833,-0.7936394926524755,-0.962660588340637,-0.8491042352394687,-0.8439154511826238,-0.7926396418654624,-0.9571009605801725,-0.8464231734492661,1.0876392213197312,-0.05053809696361913,-1.0876392213197312,0.05053809696361913,0.9257790812619059,-0.5013470841389194,0.7919486697974667,-0.6637747400890358,0.9427927473397467,-0.5355459743094173,0.8791021251883857,-0.6515563026607202,0.9380945407861953,-0.4028291016879483,0.8822193392651835,-0.45073612277569247,0.9552997452311645,-0.7330479119542564,0.8724366530575444,-0.8027108267929479,0.9671693563304402,0.7992846055984589,0.03527180105798733,-1.1021137895310693,1.2629713404365808,poor
-0.21539975730411867,0.9154112617152057,-0.21341091912489776,0.8890551055487405,-0.21661137320275758,0.8811548570459286,-0.21934234549353127,0.8725908634316559,-0.19834444875415322,0.9046437900369706,-0.190620796634314,0.908140966046098,-0.1820546836705898,0.9101496693846821,-0.21876271889363674,0.8338088480118233,-0.1608368518360538,0.8902106454341729,-0.22013770811903943,0.9026821465861141,-0.20204483624519612,0.9227545837653256,-0.22829443339784702,0.5210201361105378,-0.09514736027696419,0.8867795716730883,-0.41271738127989205,-0.7837109247139542,-0.194514855549378,-0.5411193691477134,-0.5274764548703806,-0.937442216064415,-0.25785372038019716,-0.6644179353006001,-0.49955163253755447,-0.9027209195023598,-0.25514689092106835,-0.667582344225482,-0.4779820654864925,-0.8935336158197557,-0.25168659824842565,-0.6939465431508149,-0.46360668003898997,-0.8890804740670702,-0.25096732259909776,-0.6962592737268687,-0.471103937014487,-1.0384488511135876,0.471103937014487,1.0384488511135876,0.0813616593319417,-0.9497284335835577,0.1958059644457964,-0.6939833860027772,0.11104559663828348,-0.844149445481207,0.1503074692657183,-0.6532437326512901,0.11462395832242399,-0.8550281101518257,0.15886048377284087,-0.6501462246161759,0.17075831075220937,-0.5213728718043269,0.21952559197630317,-0.4890389754808844,-1.9511937211365837,-2.2051496807485025,-0.733929891298264,1.8504456414433144,-2.1087470894958273,excellent
0.1732216269766035,0.1621855873191207,0.16461863617061412,0.18656351253650894,0.16265970290865497,0.2021684150196446,0.1604894483773434,0.21632186114679233,0.16849491971561523,0.14113064609069986,0.16912983733423056,0.12613926218284133,0.17009419819478835,0.11558757318338954,0.1569404933615363,0.2345530932592653,0.17613552935816768,0.11171182164833073,0.16964929682595256,0.2002569135796979,0.17219841440511965,0.14382149975478947,0.14020155751178212,0.41638516583812485,0.1844103678372615,0.1715590164866056,0.42666723877605595,1.3082790041690882,0.40540651750366136,1.5152572857242697,0.31511666375901076,0.864470944458979,0.33580750640505236,0.7343864544973435,0.2851238744681394,0.8144963076114525,0.3336209694138798,0.7013032744327224,0.32669288394314167,0.8047411747800414,0.32100601802150325,0.721649545066004,0.3068591952298336,0.8112588672733423,0.3214404656153985,0.7247346917383372,-0.16153202561526783,1.2346132129400549,0.16153202561526783,-1.2346132129400549,-0.05379699329138035,0.8598275821113487,-0.10476040208857282,0.5932076673332097,-0.07122452484910904,0.5094106672442569,-0.06788085777395582,0.08633428942785386,-0.06653650280280748,0.4402251682491788,-0.056787056807561624,-0.01629019431693473,-0.1336171083996293,0.381380248089315,-0.12785569839772323,0.1308421274110442,0.6718244886550621,0.6276962068907639,-0.5939466943079582,-0.13786160976666276,0.4857537292678029,poor
-0.9753566980423083,0.34174443600395876,-0.9753462060477492,0.3873075100016862,-0.972290866883759,0.37749765441467914,-0.9694843870977332,0.3688562266387461,-0.9847615170061828,0.4251246024551135,-0.9882376449562243,0.4479926268900468,-0.9922801847323864,0.4618653806455305,-0.9668461123264536,0.40501767959978685,-1.0004436246271586,0.49942718080866727,-0.9677055250114509,0.29407625004661997,-0.9785716940321482,0.36428839062071544,-0.9349553419858273,0.4459384156900987,-1.0060821072063915,0.5296859483114196,-0.9294933215725268,-0.026305553479189454,-1.019692671868185,-0.024922536513742957,-0.8867576630367912,-0.761228154968614,-1.041643918845798,-0.8568175140719368,-0.8947067729593735,-0.7659946086037419,-1.0342968349878041,-0.8641636090038448,-0.913683917710091,-0.7701646834637622,-1.0290801231324145,-0.8544079272786098,-0.912922865089138,-0.7683714593108577,-1.0305612978920178,-0.8515246150236304,0.6669590308247828,-0.25424501637509406,-0.6669590308247828,0.25424501637509406,0.8756633921794931,-0.7105777129088303,0.8956049189629639,-0.8049110456263512,0.9494083341785183,-0.48280136080929514,0.9682532285098168,-0.5694985101892018,0.9462914382597861,-0.3163512250754753,0.9688806847703012,-0.3312489155445692,0.9594347109800109,-0.6974023619696162,0.9770646196842024,-0.7571701787449842,1.0052184239258468,0.9011088409226738,-0.8763354264500534,-0.9379748941300752,1.703447312003958,poor
-1.0134668813760417,0.7020871308110995,-1.0091450905677024,0.7223382763451961,-1.0021368753810325,0.7171715758913293,-0.9964879323996458,0.7114713519955951,-1.0205403273081652,0.7504158710577008,-1.0245877971482986,0.7637997149272273,-1.0282337699703366,0.7776197808398853,-0.9856538402391366,0.7370347568067397,-1.0315650565227967,0.8184713116236751,-0.9986931411717329,0.7041417549499378,-1.0078607822421917,0.7466718292983623,-0.9603916611763327,0.732445407403164,-1.0281307482289364,0.7789876873657667,-0.8730054344467186,-0.24340768637411475,-1.0765102865076561,-0.3289120094607364,-0.940333082741938,-0.9720957271765105,-1.014986692350484,-1.0206527134872228,-0.9466359009036529,-0.9565239833559122,-1.011476131185537,-1.022598848272909,-0.9503261833122929,-0.946490226676851,-1.0125134740407875,-1.009050771349519,-0.953758306955314,-0.9464329155495877,-1.009216534570356,-1.008513990665426,0.8796301309311986,-0.20996294829468573,-0.8796301309311986,0.20996294829468573,0.9290027926530334,-1.0259185169971923,0.9128957260270897,-1.1448237170686324,0.97871749294704,-0.8979690952913494,0.9885739815174991,-0.9596011088557427,0.9766739872811072,-0.7881730281580324,0.9869747360672185,-0.7677023041403557,0.9833539871433128,-0.959278638277609,1.0058035179772156,-1.003465796978655,-2.643705915165183,-3.0872882143835967,0.0995204979332694,-0.5502460070370424,-1.852123315048259,excellent
-0.9694151982608885,0.15526357370128355,-0.9704679305823803,0.19325745981878223,-0.9685088681376834,0.1787596718719189,-0.9665251555887144,0.17578890057284793,-0.9805822801629509,0.2197791233285632,-0.9845370687986343,0.24141932640932975,-0.9879900855385002,0.2664377422859119,-0.9642474907472377,0.24556993285984713,-0.9939833179227192,0.35929699809599747,-0.9623312652509877,0.11698078498941325,-0.9752214798100285,0.19183442485899171,-0.9315251363837407,0.35328284250159964,-1.0032373724444428,0.419295426754093,-0.930197180586129,-0.1009853111041452,-1.042874650965141,-0.14203458244429093,-0.9269046711570005,-0.8104893462608405,-1.0412451422151328,-0.9157822112811422,-0.9324661682193951,-0.8222241156276452,-1.0315409971449043,-0.9198107706263876,-0.9450942144175786,-0.8379835729674792,-1.0219297322581977,-0.9148910365344883,-0.9453493494428905,-0.8359911258021215,-1.0226712512311755,-0.9130263855698473,0.9207738489423208,-0.16336741505505106,-0.9207738489423208,0.16336741505505106,0.8828077516622624,-0.8072777465946431,0.8803035592709989,-0.9157418563589494,0.9510410222411977,-0.5994441332557171,0.957065914219979,-0.7260369830562516,0.948261777395602,-0.4165524244377649,0.9572500885968815,-0.4979262106816892,0.9590829955306355,-0.794546798522559,0.9648836473098491,-0.8424790100327233,0.8931353289647478,0.702749493566094,-0.7438121131543183,-1.020854478571475,0.9636122030932037,good
-0.306906886461106,0.6393535010887167,-0.3105425711940302,0.6626429929358345,-0.3142186444573468,0.6748304263027556,-0.3175929270482799,0.6872475982774374,-0.2984451120372069,0.6359623458627086,-0.2941925342225502,0.6270870575076322,-0.29033619657760745,0.6185310666449702,-0.31623114909935723,0.7108426289222557,-0.2778453912946438,0.6275811718910181,-0.31213760736352963,0.6667318028870023,-0.30462174536581604,0.6362860891718916,-0.3643486773482288,0.9074151656798918,-0.25283213919640757,0.6441207412917292,-0.2511446525490071,1.1710258901701023,-0.12299833391649954,1.078535127429183,-0.2788846879903011,0.255503422405346,-0.14546169987203728,0.06113948778662123,-0.26848209643992593,0.19563126061578914,-0.13258995518977668,0.041479659248211884,-0.2505588011122258,0.17790025049640526,-0.1522751992253141,0.04980582682171744,-0.2610809688009687,0.1947674287785616,-0.1584450099842613,0.061625011109214554,-0.39099924949431636,1.3419133322954508,0.39099924949431636,-1.3419133322954508,0.30282107733460467,0.27915889925030185,0.3269788659632058,-0.21927472118118232,0.4065141430982719,0.43318885726257145,0.42862225234910933,0.020348791087144016,0.4188272270488835,0.5735552896325905,0.4597934333153693,0.20032588026477272,0.4044941439743204,0.08202894420139817,0.3521616115944831,-0.15200254985864406,0.5951455334948188,0.5073111183846412,1.7158855943306546,-0.25137063953987193,0.27191265191647085,poor
-0.24815037803865203,0.9102273523007647,-0.24471566247136117,0.8680444090179773,-0.24830673519890797,0.8570181074770148,-0.25135430620526433,0.8446874793085483,-0.2307499223418486,0.8904812566435666,-0.22421720287856972,0.8955799499235721,-0.21665079988076236,0.9000907931946024,-0.2559769344971476,0.8062452454956532,-0.20025431475359726,0.8892357911284039,-0.2549456811953862,0.9103591816490286,-0.23772273638340416,0.9361046212113509,-0.2846178423609636,0.5524044542642147,-0.1513968976375442,0.9213151393586814,-0.4481078033902118,-1.0183338698173958,-0.2203225949571156,-0.7479657447211627,-0.5236255033018233,-1.0232760960287297,-0.28292228719749357,-0.7639166993920198,-0.5505162750473984,-0.982323942394937,-0.2999527450105836,-0.748620038166861,-0.5157533417241271,-0.9669734277355543,-0.29541716167199394,-0.759240571295296,-0.49193016132693856,-0.9631728172691572,-0.2854035647612633,-0.7668045891048283,-0.5503532664733761,-1.0031204053079634,0.5503532664733761,1.0031204053079634,0.12078985486257755,-0.9542166396661832,0.22500715114051215,-0.7658204198048646,0.14271664920060664,-0.8395028784401699,0.1828960655015874,-0.7454686463807202,0.14882893967614094,-0.8466629356586969,0.1921226379574071,-0.7692228258783057,0.168345269925339,-0.6014314143121088,0.21565375578687032,-0.5880978452078341,-2.5711780565789555,-2.5652147635194753,-0.7563632938348073,1.5590691723775993,-2.305610153572473,excellent
-0.19514197091541052,0.8918190294401337,-0.19478157584292727,0.8453991024630265,-0.19899506189793958,0.8348842493260656,-0.20278737341593459,0.8236789947735682,-0.1789366820849792,0.8631088111675876,-0.17151837776771936,0.8649903871481948,-0.1633391106850687,0.8660297885381331,-0.20766143716459687,0.7932464592010839,-0.1476376734901724,0.8426759498365567,-0.2032216945383802,0.8864763390395011,-0.18294662833018277,0.9118898721311384,-0.23188400599745118,0.5236393405990546,-0.08553499729037765,0.8807868893651023,-0.4408424064270281,-0.6991403926031456,-0.20691464329121267,-0.4351723815890317,-0.4641870126911193,-0.8550975398655227,-0.2197503904753567,-0.6411780938239491,-0.45758716051742904,-0.824345003259631,-0.23096865282175674,-0.6375341397403085,-0.4242545644851293,-0.817761634256475,-0.23608844999945425,-0.6546735669518755,-0.41523399712026465,-0.8147082184358917,-0.22521456589653377,-0.6626580008315395,-0.4724937406023543,-1.1558326843363096,0.4724937406023543,1.1558326843363096,0.08800077089777082,-0.9823420910938826,0.1903398590058579,-0.6637463647284618,0.13216426771178613,-0.8702266048721756,0.1700861987778099,-0.6497404740380496,0.1438491641190646,-0.8857215139290103,0.18367281967155322,-0.6597073921835208,0.16185163567049426,-0.5620523338410378,0.2261592877839786,-0.5111250457157775,-1.9820981747732387,-2.129042588580123,-0.7159956477140808,1.5649133151799801,-2.017239547524896,excellent
-0.966678623014317,0.10881793690359304,-0.9669618240816146,0.1616548472416545,-0.9642879927948169,0.15875680826373526,-0.9612858354245742,0.1563625069849469,-0.9769959075339706,0.2020688261478807,-0.9813870099166965,0.2275472157950477,-0.985418726479204,0.25644153026118766,-0.9562047752240368,0.21604774096018908,-0.9963098492122938,0.3497811184612551,-0.9610112211728241,0.09103282634988927,-0.9737127582248283,0.15825759740100348,-0.9298734078223034,0.3556504800403297,-1.0015509559395213,0.4118422789827405,-0.9454803461582895,-0.09426411481484376,-1.025880956675445,-0.16130538970877617,-0.9368427950736621,-0.7823661168487671,-1.0461369913192904,-0.8846362559751472,-0.9369262120989653,-0.7869541765700542,-1.0423834689880673,-0.8953153555844121,-0.953235573440324,-0.8103283357642803,-1.0278258444939847,-0.8881738181691023,-0.9561310957002953,-0.8097687521766513,-1.024690923313354,-0.8847325229239319,0.9915182982369247,-0.14815616080540742,-0.9915182982369247,0.14815616080540742,0.881791032408562,-0.719522369189319,0.8797478438425304,-0.8068247419816834,0.9529549734084822,-0.5541412796096542,0.9538244229464348,-0.6837947101268017,0.9542864401301946,-0.3802039052763875,0.9535661931964509,-0.46937657436137037,0.9558802038011142,-0.7193618629262756,0.9608446914026096,-0.8127144032464035,0.9686336595332072,0.8513088604949893,-0.7607138832797969,-0.8420695816976888,0.9778891789876757,good
0.6971876597177296,0.04532743821783759,0.6977037534258705,-0.008540983627532625,0.695574884667299,-0.001142472155980218,0.6936487277124394,0.006431843331627482,0.7045086952486214,-0.05855423472198573,0.7066209402253719,-0.0841941844120048,0.7080734442961752,-0.11306972457047433,0.698451135343032,-0.054390904872715584,0.706473664443113,-0.21199046251880474,0.6925207603318551,0.08027649477849755,0.7028429630303429,0.03146586735277423,0.639529109568959,-0.21924069589821749,0.7126861610918356,-0.3720844451586244,0.5871237457056941,0.4465657179980258,0.7888527357855,0.26010084841185616,0.7365290912043688,0.6237950148816872,0.8404553089421274,0.8468387079515509,0.6518394800256473,0.549920767943905,0.8706823482737479,0.8595616646390304,0.7169780985089339,0.5721020239944449,0.8555218863110859,0.843228479179564,0.7372602450535121,0.5446648050520253,0.8449383107372646,0.8518021457822592,-1.0322530139996642,1.263877288282851,1.0322530139996642,-1.263877288282851,-0.6686806821389558,0.9288204481179091,-0.6473563234631353,0.9632923363262504,-0.6646246702209715,0.4999558863590905,-0.5831761365571135,0.48159837798473426,-0.6451883607728128,0.3833226975112297,-0.5669339089410542,0.42434971634954777,-0.7252459763785588,0.4613687423681667,-0.6869429586099096,0.4534074501478576,-0.12212733482124294,0.156324152054228,-0.2469626371731103,0.30377565902374826,-0.10860103430914653,poor
-1.0170848831164168,0.6047826059670262,-1.0060033303717808,0.6295761074527887,-1.0000040013233564,0.626091301679206,-0.9937226756216178,0.6206382114119102,-1.0233308132846077,0.6537621502840699,-1.0264564130931781,0.6672815432073486,-1.0289777069188963,0.6822558409970156,-0.9828819333533926,0.6290545086981996,-1.028807370023621,0.7217238989128355,-0.998674274091865,0.5843907474130162,-1.0136146170805482,0.6286478722093706,-0.9584349304478884,0.617979792016249,-1.0265801664863061,0.6763406374877681,-0.8859896662003721,-0.38847652809215244,-1.0716383082974605,-0.4563604220770325,-0.9580571645995153,-1.0537676437404457,-1.0146280403324863,-1.084789329821288,-0.9618205629831386,-1.0435573369948012,-1.0121533263775082,-1.0816215206245037,-0.9610681393350036,-1.0355705800973285,-1.0116668072703696,-1.0767874661519452,-0.9648055282988086,-1.036133139948644,-1.0075593824028781,-1.0790646358469789,0.8906254954877663,-0.0947889444946886,-0.8906254954877663,0.0947889444946886,0.9334479422381557,-0.9873294607273994,0.904117771763596,-1.0244846347016152,0.9884828808717159,-0.785503732390973,0.977322803251089,-0.9019201371596705,0.988646811489767,-0.658139469735829,0.9796771951832346,-0.6782478170663138,0.9917901036109421,-0.9589886482467181,0.9970120866511583,-0.9292523463485752,-2.4621281276149767,-2.783292695424483,-0.32059015398033186,-0.724534276930954,-1.7106111369172152,excellent
-0.9738046349910014,0.3147058438510443,-0.9730100278189948,0.3653347809961728,-0.9700015762996158,0.36190934576450273,-0.967806743791202,0.358946263981331,-0.9848941538742224,0.40228569094374245,-0.9888830492862516,0.4206350524985941,-0.9931440913844773,0.438095940515447,-0.9662157382102083,0.40074868828260846,-1.0011885521979154,0.4972922709152421,-0.965088158112055,0.2848876407751252,-0.9783427673881862,0.3486618398355287,-0.9296224972567746,0.4597750421287533,-1.0016503417263447,0.5305609713344278,-0.9217262602796276,-0.01681420919481671,-1.0238263317466527,-0.009325459828060914,-0.8863811133700822,-0.7590322420767517,-1.0396571476752379,-0.8543202135111648,-0.8931717628313447,-0.7655180033589394,-1.0342076442818988,-0.8632951784609498,-0.9111044721754795,-0.7701028662734832,-1.0292535987438571,-0.8532879292868224,-0.9104295756431603,-0.7690542533852451,-1.0301470831121533,-0.850480884762758,0.6186387135237504,-0.2269974605105978,-0.6186387135237504,0.2269974605105978,0.875496850101428,-0.7259826862534203,0.8965389370679092,-0.8237431039345563,0.9500155368693698,-0.48475468201181,0.9689473363878706,-0.5758889830098037,0.9447372346274232,-0.32247363676177404,0.9683080528921537,-0.34379161462817787,0.9593232738475976,-0.6965082469643378,0.9777147350427831,-0.7567277952509375,0.9791152865572926,0.8305455992844784,-0.9248346925206242,-1.0768325639847323,1.682574236846056,poor
1.4039465772096875,-1.4974674311927005,1.3807849092665732,-1.4874003296115124,1.3783601735859128,-1.4760501136595114,1.3751843260149526,-1.4679323740402885,1.379003581908496,-1.4935721035174028,1.3781381049504524,-1.4795223705026765,1.3784634277850667,-1.464934318883372,1.3447864084561971,-1.404653604046632,1.3651135098691904,-1.4082306865382497,1.404321530300633,-1.464909388177209,1.3923805414444064,-1.480189831755772,1.3664418501065847,-1.127181088596123,1.2915210809328908,-1.2929106582914338,1.8154190997676485,0.8954483636025372,1.5362478834780957,0.9181674070199539,1.7573127739161052,2.032755823446678,1.4215743346265644,1.7257741480666422,1.8104482822811045,2.0746470686773164,1.3949722800546813,1.704076081638395,1.7423232125611605,2.0715399623611357,1.388457626390783,1.7470531138522523,1.7025926357129568,2.054234280397413,1.381624285986769,1.7544729559548298,-0.7261171168298608,-0.29958957006428055,0.7261171168298608,0.29958957006428055,-1.367914646473677,1.2902170026708073,-1.2732375456934018,1.4686786586465297,-1.4279390395059695,1.7283128446682003,-1.378487295240241,2.1080288861891945,-1.4833156658951696,1.715576564037326,-1.4446083197089787,2.091029402770944,-1.4809638850546483,1.7915345525297581,-1.3571300259300625,2.0814699195182076,0.45515504765226816,0.5109140521266545,-0.13486204183185746,0.15517155212741185,0.5075412558606365,good
0.482050727803663,0.3790822901066818,0.49380217665498505,0.278255178143966,0.4902907005056039,0.2604419265096786,0.48750827340184805,0.2403483062549751,0.5134752561859858,0.28594273855357055,0.525041702596857,0.2795209724940249,0.5386927796158056,0.27399554312057417,0.48237343612457845,0.15419799295828662,0.5518367059786218,0.17535242607145854,0.4731764137037155,0.34996305885974227,0.5005488863738868,0.34604885404016766,0.4386539533091445,0.158287998420035,0.5944982709275218,0.09669298294225395,0.0551670329559458,0.07172810762958176,0.34713650995602613,-0.03602966391715618,0.002772114133601069,0.35963860253978286,0.2596264397058709,0.4224597813206955,0.05905136295599778,0.34377677069955226,0.2946893642321811,0.430556585744033,0.1475782151931192,0.33580899609844583,0.3010337090503539,0.40219333314796407,0.07028819947703677,0.29401957405589,0.2957240713137488,0.3997450741012461,-1.4269478562664508,0.2636935693880139,1.4269478562664508,-0.2636935693880139,-0.6639537618315999,0.23549858276044874,-0.5023156035074177,0.22757721474225281,-0.6951373569364493,0.5604742227291841,-0.6567271951409211,0.7475002702939634,-0.6685023959895545,0.42591454501436843,-0.6269499372615668,0.57233945119257,-0.5968603979754804,0.9050581263498843,-0.5633116562741183,0.7638039424072591,-0.5207457428379724,-0.3939849721886419,-0.8956963690300648,1.6656112586429586,-0.9134837800030784,excellent
0.6325037680037351,-0.2566882228507597,0.6326405243845828,-0.31366382163604356,0.627935819977351,-0.33021435043257436,0.6228155263246816,-0.3477140101297576,0.647959090972444,-0.301089081886153,0.6552658090936687,-0.30346326169274956,0.6631977340506909,-0.3033863750088638,0.6108451890872283,-0.4516589479482294,0.6768035432625387,-0.3621669349698215,0.6133870546466026,-0.35875556612007165,0.6371828655199595,-0.33567872941657545,0.47095181625721555,-0.6398166986970597,0.6046599061219932,-0.3417338935578262,0.6466094680908812,0.7834671111598444,0.8439673136441679,1.130298806633579,0.5812498439899897,1.298673960578169,0.6877838100351537,1.0671853206796058,0.5585165996553223,1.2296636318274987,0.717742098433219,1.0103208334393405,0.539978851598044,1.2067008119043847,0.6840493605926347,1.0454875019106697,0.537492770367605,1.244185002192233,0.6482887845632626,1.072756648622253,-1.5316576331122638,-0.9731065459039232,1.5316576331122638,0.9731065459039232,-0.7913839154957178,0.4757833600058191,-0.5801873962669294,0.697553778575758,-0.8161481525862803,1.3725562124076558,-0.7015833189415405,1.580287948106536,-0.7545188916368855,1.452935939426676,-0.6451926225432699,1.6283247960239375,-0.6739678045059307,1.392466476288759,-0.5869925377534922,1.230545303146573,0.5636900496409658,0.6097003717386501,-0.5737972676663219,0.02150015219801779,0.04936785840107954,excellent
-0.3101817486365597,0.561904362656641,-0.31265851898686076,0.58586355603382,-0.316546617831431,0.591777335667445,-0.32047118697341326,0.5970371719515684,-0.30021835478357994,0.5721897127243477,-0.2957812598067753,0.5650725155905009,-0.2918298958156751,0.5625484782834715,-0.3252913437130377,0.5982741095537742,-0.2847061381727997,0.5596731590236073,-0.3194927321899147,0.5671864938200891,-0.30880293466973974,0.554741649894476,-0.35659022173844984,0.8253587878835628,-0.26475065100955697,0.5608291108333018,-0.15490947894732313,1.189223956924494,-0.05641296119348182,1.1988232196686273,-0.15291246461134783,0.25381018883128953,-0.07018556815765527,0.06954676877230911,-0.12570444213267526,0.23621178946596735,-0.07326347704257392,0.028182485109087236,-0.13454290836473248,0.20947491188916922,-0.09779866894529662,0.04592994072995827,-0.14849667003825542,0.2021909967204481,-0.1025083574056578,0.059387495162554926,0.45668331292610903,1.475187165491255,-0.45668331292610903,-1.475187165491255,0.5418163606083478,0.9014648147259063,0.4077412687141012,0.46034033462973445,0.4816738083442207,0.8678811620581615,0.5539500020555892,0.09407580678723683,0.49111705660933447,0.9596195245328286,0.5915126040981156,0.12562551382835804,0.4211625506847297,0.46826862023030624,0.47293586312934155,-0.25320582931491453,0.709308301772875,0.6491776474436962,2.1604521942566555,-1.098064655585983,0.3906395254012693,poor
-0.9616401868154147,0.2752132621808854,-0.9628351462217005,0.33052514357750706,-0.9608839212920492,0.32628989323565966,-0.9592414390875141,0.323455777682964,-0.9697939510552599,0.3729204262890811,-0.9731846302570936,0.39659355336755675,-0.9774322863591762,0.4205434641624308,-0.9564856723388917,0.35891268097248646,-0.983662580196832,0.45841822482489014,-0.9556151120483164,0.24693967001236602,-0.965241540004122,0.30793505810755134,-0.9243846571588772,0.4011917749675665,-0.9970606772482137,0.4659862566723688,-0.8878585055387367,-0.04867407839895243,-1.0311419598722373,-0.06931856940847841,-0.8418804041476738,-0.7494029473793798,-1.0365543327255644,-0.8453166020525208,-0.8312134613081362,-0.7622690854380756,-1.0416499617847201,-0.8609239375886697,-0.8541562009550187,-0.7495153070650848,-1.032919534900121,-0.843582197582547,-0.8711165557101583,-0.7547253827235821,-1.0280373246782573,-0.8378281907884608,0.8026304159711384,-0.2552521910477467,-0.8026304159711384,0.2552521910477467,0.8927568565591057,-0.6178723016304984,0.8950246037341265,-0.6005498378879229,0.9547793468321448,-0.4943244909151338,0.9516180472736097,-0.5103604706926751,0.9507424489737485,-0.26342683173278225,0.9532150330660524,-0.28687567565247546,0.9680768103477445,-0.688285742886816,0.9599909098249463,-0.7036873522409554,0.9608506998570105,0.7401656673851013,-0.8523926704792959,-0.7675788450391812,1.5204777694890195,good
-0.9516639879196919,0.2540154885870196,-0.9533171531837425,0.3029675450793716,-0.9517672261102962,0.30174325381446077,-0.950543944458328,0.30109268557338736,-0.9589888753398372,0.33926835468851524,-0.9630483756525517,0.36810383515435313,-0.9682792570843883,0.3937499074576647,-0.9512188223883506,0.3667829311780037,-0.9866648338117966,0.47505446562965514,-0.9497007906143595,0.23305161040218864,-0.9578566183257123,0.3003658662907589,-0.931051484295217,0.45927129364747726,-1.002843552248328,0.5224104004092465,-0.8357001264024982,-0.08970059295441189,-1.0799437221404038,-0.10083391562344941,-0.8801567712777179,-0.7821925144523596,-1.0533596051705127,-0.8834664012839195,-0.8934908828087913,-0.7886269885024146,-1.0422426125905357,-0.8881299960272778,-0.9130815167454611,-0.7963178881946252,-1.0328728568610588,-0.8800615809048404,-0.9104482369444076,-0.7935538607415027,-1.0350084360128244,-0.8788434428451647,0.690310268376939,-0.2444517463379876,-0.690310268376939,0.2444517463379876,0.8832043371892846,-0.7892445435349744,0.8978775113983235,-0.9020557428362831,0.9555283267458392,-0.56185822533999,0.968475215600438,-0.6644474738990175,0.9494082954725659,-0.4118619941185708,0.9690888677165697,-0.44875093103794883,0.9641045097518574,-0.7490621726282356,0.9784713903328406,-0.8125080662327635,0.31025636473914914,0.3545980236564297,-0.8837094847123066,-1.171824874394193,1.31976005563189,poor
0.20429974522496672,-0.2504409607047347,0.19882515392990818,-0.23001587051848302,0.19594511725561492,-0.21141510658472393,0.19347550161496563,-0.19249923840031472,0.20601101001802635,-0.2617156756698747,0.206914414274978,-0.26563677863254787,0.20658818221233505,-0.2687674489301685,0.2001789857231981,-0.14738101481786653,0.2108454547352778,-0.2366848423926754,0.20290597765164456,-0.1945061677326975,0.20255582394134125,-0.23634522344945982,0.18314037529833038,0.04444184642226353,0.2243046453710209,-0.18559664866628575,0.2595014365606714,0.59550986892121,0.316128606946917,0.4275616912551839,0.2343871517723575,0.44701808156802947,0.28369347173473264,0.3945022533775573,0.3103088399338385,0.432288734083011,0.3161642062736475,0.4088287199013872,0.30736664621253257,0.4189073286991261,0.302725644410019,0.3978801459508013,0.28546398178507354,0.4282961636336449,0.28821298378490906,0.39932286914429976,-0.38755408826427823,0.6783233244583851,0.38755408826427823,-0.6783233244583851,-0.3277497775871592,0.15917136355999778,-0.23909003847915167,0.3030615545838043,-0.3479109944386195,-0.34351163603482116,-0.2637689219567136,-0.3295646809179034,-0.3423229408081471,-0.41550351014475895,-0.2590986153871727,-0.4041175830614817,-0.391325375735585,-0.3019755160867108,-0.3143260207575646,-0.1757633515194056,0.3212686823400787,0.394131559994647,0.7940176660909419,0.3823283151426217,0.24139904929004416,poor
-0.33767821471642184,0.11927053673607964,-0.34811117353091964,0.14609971535884142,-0.3526323156300233,0.14724847711158442,-0.35732306660883395,0.14930913209530455,-0.3401033658336378,0.16347819467218921,-0.3395014929571239,0.1767339782959681,-0.33974747262974947,0.1912471068365447,-0.37650522917691215,0.18719476964696266,-0.35047100745627086,0.24494345836144146,-0.3464707353113989,0.1205411164482023,-0.3399080097319561,0.14032620544174337,-0.34513463026620544,0.45517509993668404,-0.39547325208825007,0.25342422642241624,-0.21355038974860144,0.7375487288330193,-0.24022753623363247,0.5037327718708372,-0.16813473449452493,0.00441315370975011,-0.15901807024072517,-0.15399814686890123,-0.16490986843124086,0.023961176543805796,-0.1765829580651763,-0.13886322096313677,-0.1732913595231223,-0.007991528220167026,-0.1864186722961594,-0.1352260527670231,-0.1778886381407023,-0.006322629341762447,-0.18546772954866414,-0.13506920431522462,1.830655546516827,0.8871198147410251,-1.830655546516827,-0.8871198147410251,0.9918140602890394,0.7085262359995479,0.91211740475245,0.6114407263979245,0.6774588477172053,0.6551179487522651,0.6346752354418617,0.42764408987437946,0.6610082485278066,0.6013055288894826,0.6169987231159331,0.41099153463712845,0.5594088703885662,0.2862492219790301,0.5537063666462516,0.04402802576205576,0.5375742079020142,0.5093574938072034,1.4008448389801558,-1.1191669548351522,0.5708545461264625,good
0.2482047310427105,-0.2905092464788254,0.2355068864665649,-0.2735010105491833,0.23368050505713797,-0.2667308523447461,0.2319542079990537,-0.258413850422643,0.237442188826973,-0.289011560534867,0.23690011104040845,-0.2932659711469328,0.23533187413199347,-0.30176184323816907,0.22816204003061002,-0.24343183925682266,0.22994261549438233,-0.301897521365211,0.245519422551658,-0.27550398749025956,0.2497541418310167,-0.30130280097278617,0.1728769372715008,-0.213178041634568,0.2577544348013965,-0.4130651193717257,0.10910819668306186,0.27404396786479895,0.3547350721637807,-0.2881859300493821,0.2888250203463612,0.26174688184414807,0.41672421350212807,0.19156854422873232,0.27725682883417124,0.27013797717700583,0.4108608078772047,0.21644737557522423,0.30601483471994284,0.2684743838902385,0.4132599170460612,0.2304761810628615,0.31727019156529546,0.2856378094597869,0.400499729884866,0.2298935373937873,-0.4933365794476949,1.356105933104643,0.4933365794476949,-1.356105933104643,-0.27962358416741434,0.30069970879303676,-0.20173922650358297,0.11900330606088096,-0.16173873712620015,0.11653667063236307,-0.23042748949055056,0.1858018125025061,-0.15002521384448977,0.11358188314854072,-0.23546553411880347,0.24637295844189028,-0.1950711697233022,0.07731892986404443,-0.26463563865595197,0.3220199984897357,0.012611834414742633,0.2348244347611818,0.5239310430086315,0.0035159689176605473,0.28484696495473094,good
1.0679419973089408,-0.8725471719438843,1.0518030646337695,-0.8796998287340939,1.0495507944075029,-0.8763920283645106,1.0471475390131382,-0.8723839698718628,1.057057217312576,-0.9163110004972111,1.0570839345859602,-0.9449857753846743,1.0565935912658058,-0.9720572144398618,1.042703879524552,-0.9446785441008664,1.0568889975347404,-1.0522455062916227,1.072222010876346,-0.9219956277474463,1.0666326800406658,-0.965125531247238,1.0003539095795138,-1.1276279413136805,1.0653787901034166,-1.180916466693909,1.1161030917459138,-0.31011356059748046,1.1567440028345435,-0.5404689570021626,1.2944322836781508,0.9816383236988929,1.1936063521401492,0.8618581261296699,1.2756055949674157,0.9264632692459185,1.1806704967722417,0.8629956279946138,1.2595518567388297,0.935446806428355,1.173379458580681,0.8671622099505215,1.260779397538498,0.967308839479356,1.1710836215647107,0.8716681190425877,-1.2170278958657181,-0.12231401779367897,1.2170278958657181,0.12231401779367897,-1.2003206006136322,0.6681658796045664,-1.1087642490245058,0.8154439102677269,-1.3270412922184058,0.6703097960133033,-1.2740504312361842,0.5676772766923964,-1.345663862844495,0.5087628368684621,-1.3173063487983503,0.08152165521086831,-1.3810448556243475,0.8341066547007183,-1.30201001106214,0.8776392734944362,0.0839807433571309,0.19847725659185161,1.1421933329601703,0.16644760172436815,0.17197090739822354,good
-0.9554045904064267,0.2447574422449761,-0.9576190856349074,0.2943507308689724,-0.95543115286039,0.29260114291545464,-0.9534464397340193,0.2902664259872329,-0.9643793486635637,0.32627757225285964,-0.96930786427983,0.34680582707179497,-0.9748542717884692,0.370922910315388,-0.9540570098117871,0.3580459875121287,-0.9895493525998232,0.46520859842088497,-0.9536385927220092,0.24451754576314486,-0.9624639596201404,0.295593938021622,-0.9337648477555203,0.4556572004855098,-1.0052236553584855,0.5216148477248785,-0.8389153034216256,-0.13097874984764063,-1.0713904481330818,-0.11322328149176583,-0.8813902531902393,-0.829495960744641,-1.0400085469769589,-0.9116305544125982,-0.8969949980685853,-0.8233496156724558,-1.0283703682024998,-0.9163446347934704,-0.9126383343928618,-0.8381728982360065,-1.020488315467684,-0.9140097040546361,-0.9111424682976954,-0.8372567984539642,-1.0245496101359226,-0.9123941774199775,0.6727133405968679,-0.21517233041905967,-0.6727133405968679,0.21517233041905967,0.8785584046759299,-0.78045903891429,0.8998897218866814,-0.8882243406987169,0.9509790244443316,-0.5899074353039027,0.9697544091273561,-0.6697053318303257,0.9478891185511029,-0.4235262138059572,0.9690474036900684,-0.44282779022947,0.9585961572810694,-0.7313051579315715,0.9766647103560124,-0.8261435844270452,0.25685509558795955,0.36552257678770544,-0.9297550934530001,-0.8865011844938319,1.2615388646077532,poor
-0.18322164725821705,0.4231530060691202,-0.19341368580049828,0.43322659245343437,-0.19744380112732132,0.4399276676339269,-0.20157915312817665,0.44796117712182804,-0.18307884834193014,0.42455861763123987,-0.17978070238457142,0.4255599824200502,-0.17650052060602553,0.42781310932089517,-0.20875344544519547,0.4665120454718691,-0.17183799354782642,0.4402430195485671,-0.18890200223857428,0.4425416983030148,-0.1786634626020962,0.4394994729588357,-0.25094654824590823,0.7169421671765605,-0.16770675719651312,0.4575009755267023,-0.08045911493428846,1.15289284743832,-0.004876411856868424,1.125387709347108,-0.10875531170115826,0.42371355880462447,-0.031188912584196767,0.21967877322169832,-0.10114094246536441,0.3908055463096969,-0.032996796549458404,0.18805708104885108,-0.09608879911746775,0.37202798757370475,-0.056518240983622535,0.19810124899306758,-0.10464959698098929,0.3692792315354799,-0.06141875932884,0.20988971881927976,0.4801908728833286,1.5355734852301033,-0.4801908728833286,-1.5355734852301033,0.48184469298826904,0.9264517670012165,0.2665631348371481,0.08437572097639322,0.2925514250654534,1.1561909563686266,0.3258892203974022,0.48717375148467645,0.35756259014653274,1.1343280382960346,0.35185069372276706,0.6909014592233061,0.21071628801856868,0.7311763974807951,0.2357873615826525,0.26935771268920605,0.6455507563137267,0.581446957999474,1.717740007777372,-0.42208516419318676,0.5229668766787942,good
-0.9601122559466471,0.26501817599372146,-0.9628989541054642,0.3007254234388853,-0.9616516690151461,0.29628267032253125,-0.9603576752778235,0.29369261225553095,-0.9684773618947932,0.34484266301786315,-0.9730339429169196,0.3707469070937893,-0.9777475767163221,0.3978838505953519,-0.9618778730945587,0.3696692572432287,-0.9893967520384451,0.4894401372630709,-0.9578887285066,0.27476199704018983,-0.9661923821619047,0.33612406869321165,-0.9365264646739746,0.4752029370941399,-1.0068830669082653,0.5711814881605078,-0.8559251536435821,-0.3509712056281591,-1.076076856633117,-0.3613909869465702,-0.9274192682288186,-1.0026088268219127,-1.0333901955616827,-1.0736297258420926,-0.9400044299565181,-1.0026858424776242,-1.0222482598324654,-1.0635177056968919,-0.9425438832210062,-1.0210743616082172,-1.0143634542656834,-1.069119101298867,-0.9395315218277919,-1.021656352482652,-1.015142555593264,-1.070516116068089,0.9080187603985259,-0.18935273073550407,-0.9080187603985259,0.18935273073550407,0.9119059727564397,-1.0060435333831959,0.8786037596542835,-1.0873834342659994,0.9827062623735852,-0.8401140896187274,0.9482945058521743,-0.9028787082805545,0.9849048789657086,-0.6950286575460926,0.9509654869751918,-0.689363429120236,0.9898002122109718,-0.9522654887835877,0.9511352351213506,-0.9819148571500317,-0.4392307666604957,-0.36891508284638186,-0.8031266889256742,-1.2302967164467717,-0.7173389209117741,good
0.5073913557628631,-0.30069390394869655,0.4959787062141372,-0.3261511599912888,0.49423678256569004,-0.32216667183345743,0.4924087863505232,-0.3168518088059399,0.4980630472239914,-0.34771057422402346,0.49732545273603634,-0.3609862127424836,0.4961505666892084,-0.37593304333957706,0.485121748497265,-0.31639571114567167,0.4907643681182057,-0.38561572537978933,0.509385250925202,-0.29236846133599925,0.5158117085659676,-0.3196995567336923,0.4329107512796387,-0.2816791808946044,0.4983451210892878,-0.4677854175711924,0.42052353136101817,0.512011967752405,0.5756241164315583,0.2816541245006363,0.5485541518092114,0.6361973242662607,0.5880309475288544,0.6299676646198704,0.5729528184614937,0.5654968878004987,0.621595828119143,0.6187476538564001,0.57331642084215,0.5617533104282771,0.6097665202724819,0.6080089875174582,0.5719722210757252,0.590227528406264,0.5970786217256356,0.6099939361317077,-0.6313704636012938,0.9324961767327263,0.6313704636012938,-0.9324961767327263,-0.6210335457044898,0.4524461425704142,-0.49430933856494785,0.5015550608817692,-0.6142671350606336,0.13946104555947117,-0.5553730502579487,0.1257287385063364,-0.6076337761109922,0.09246161705673267,-0.5667495951409024,0.04270784733584237,-0.6323624813281078,0.293125059940217,-0.5773352893001813,0.2547717341398674,0.09255151779121754,0.2994813565416383,0.5888445167688086,0.2507219696508231,0.16101626450157241,poor
0.384550517880832,-0.5585554178191361,0.37832438112581507,-0.5279247565848052,0.3765769525712086,-0.507704646346073,0.3750126304279338,-0.48642522842286207,0.38137732009811937,-0.5543713805801238,0.3803431339240291,-0.5545163272728966,0.3777434296931818,-0.5521775490593961,0.38416471402957214,-0.4331390954847228,0.3792014860596268,-0.5095593402911304,0.3841519065147091,-0.4977739425717332,0.3813638245585045,-0.5425034255548121,0.3712038428004474,-0.2369153585738091,0.3865804601909912,-0.4566018589635136,0.4747662594680162,0.5118955434381242,0.4895436360436575,0.3131309862785739,0.4434226205776772,0.5985075470387388,0.4567590535444155,0.5711720480262857,0.5255781089341472,0.5942784807378907,0.4965823390594238,0.5902055166126423,0.5165629286866636,0.5868094710672345,0.48421081773934305,0.5702734715720377,0.4914738453442816,0.5946066546064478,0.46717677813238134,0.5703176671822062,-0.3649500712574047,0.3728512764812263,0.3649500712574047,-0.3728512764812263,-0.5043925485730584,0.4415560626513109,-0.40571659065887117,0.6011650852707067,-0.5555312358200383,0.28832539745080504,-0.4684077639313363,0.28182476553101243,-0.5591005586023372,0.2631294643080018,-0.48019614659252385,0.16991641330992394,-0.5987724038386748,0.3466479350952601,-0.5145029062060261,0.3581089176695829,0.34067793690669923,0.4060260005238455,0.4673056445634607,0.35451323293176806,0.2842805979253113,poor
-1.0340856390365754,0.47623715786220033,-1.0312839548748312,0.5113974989435585,-1.0292805838001713,0.5069153807300378,-1.0269853361207446,0.501557328032754,-1.0341194226939507,0.5422976676732788,-1.034649274574963,0.5597535808191721,-1.0357613143566067,0.5784493376293603,-1.0166709421498152,0.5114016921048138,-1.034128106242487,0.6299487131775799,-1.0167008813516436,0.4415132205868204,-1.030432862929352,0.5070099252285991,-0.965887488243353,0.507432504152552,-1.0327847179986671,0.591865865291338,-0.9304774231406722,-0.3527948850202816,-1.0589716541576693,-0.3291061893652216,-0.9877318611722401,-1.00444373011458,-1.0171174418424147,-1.0684389724826693,-0.9892893168932113,-1.0017411091289754,-1.0146231222456623,-1.0627333061656372,-0.995021483285572,-1.0147550467651392,-1.0077690210565056,-1.0673521522634373,-0.9975420389763843,-1.0179840302351795,-1.0071273222878137,-1.0689033017736487,0.9013812874802509,-0.1762564426684093,-0.9013812874802509,0.1762564426684093,0.9218841032632564,-0.9925303045833936,0.8868467654634398,-1.084563439684122,0.9917310982730226,-0.8554375254937016,0.9617970339273857,-0.9028132396808198,0.9912824121553331,-0.7141516016717713,0.9627762762454236,-0.684580272327655,0.9938633422738724,-0.9748105014600492,0.9681205005881999,-0.9935501804210201,-0.4942662871731999,0.19627809408380212,-0.3677207131693073,-0.8127764164325336,-1.0278682074667422,excellent
-0.9720922971191673,0.32998387423295744,-0.9725614847665113,0.3743347433229417,-0.9696132758207696,0.3686993298680173,-0.966812954979718,0.35792626316357146,-0.9815471567317812,0.4182760751060228,-0.9856500226968684,0.43322398056680733,-0.9899225567132716,0.4536510523910316,-0.9667721360851719,0.4025611738152063,-1.0000918455452696,0.5028915351490723,-0.9645983897855581,0.2785515888565014,-0.9756905711197293,0.35192434720569404,-0.9350186590431679,0.43081473766755685,-1.006308803124821,0.5057254951517944,-0.9266339509916887,-0.062284801184153187,-1.0278288011753798,-0.05729630114153667,-0.8928730348941962,-0.793838989696147,-1.0435215800478497,-0.8815492105096588,-0.9044777263309375,-0.7942782378943126,-1.033235888057227,-0.887145566992852,-0.9191241616527731,-0.8091481210506002,-1.0266515749785476,-0.8796981778918197,-0.9167494184065076,-0.8063539939060592,-1.0292056290266054,-0.8751702801126522,0.6765507620236008,-0.23360271422122098,-0.6765507620236008,0.23360271422122098,0.872838952625526,-0.7185892216911995,0.8939030715491858,-0.823053039869699,0.9486272070071718,-0.513938231845546,0.9672373188968456,-0.5966636139251864,0.9449071762082796,-0.3464949251475527,0.9666689279266147,-0.3570264861897523,0.9595811823075482,-0.7372640274416273,0.9761661253080386,-0.7838509955908352,0.9586099892224349,0.8431994171858729,-0.83876179992522,-1.0269533630798067,1.691213189067289,poor
-0.95996268110116,0.3028478402712018,-0.9607615356241844,0.33284342197271316,-0.9584217293852325,0.328554678936407,-0.9566151206708019,0.3262167703119222,-0.9696489604972254,0.37519544961068113,-0.9747386878187393,0.39934940224405874,-0.9797020522426313,0.4248971200894056,-0.9556757131583684,0.3975578136816783,-0.9921066415209767,0.5124128194380915,-0.9562822298042282,0.3177263756040152,-0.966585172068552,0.3755071106291284,-0.9297067408996148,0.5038113899939849,-1.001190414076023,0.594548395998507,-0.8512139037685756,-0.3915807258564627,-1.0934622073199658,-0.44110770198086874,-0.9147475962281582,-1.0081388432143787,-1.0422814220463679,-1.0853944578787935,-0.9234074060700572,-1.0186013845128492,-1.0369234501882862,-1.0802991853859072,-0.9296496296101882,-1.0298428995186601,-1.0288505277243327,-1.0823622527398142,-0.9268741207420556,-1.0279252240856225,-1.0299350482841345,-1.0836680580096552,0.9767594826176836,-0.16299971051358578,-0.9767594826176836,0.16299971051358578,0.9337150531787197,-1.0409075506607781,0.8619238398856287,-1.150134120205561,0.9805203049779491,-0.9085238306680258,0.9366531261256056,-0.9466844364776917,0.9756779641966241,-0.7708262343743918,0.9405002552032393,-0.7456616173547745,0.9941438772337684,-0.991990532704521,0.9398730777212672,-0.9831236817434852,-0.8027690805524115,-1.199672882985167,-0.7517023889935187,-1.0629715156621407,-0.9964945715511151,good
0.0551025720315997,0.6818010712509337,0.05681600457991308,0.6290264848934484,0.05304505474807115,0.6205244750494197,0.05006072384041194,0.6125411095905451,0.07294081687620087,0.6465887304194061,0.08126440547037109,0.6500268222690806,0.09117035232207091,0.6532403302303754,0.04610164905587884,0.5737350171019671,0.11054411871578797,0.6150901173762728,0.047912020028873785,0.6862347248883693,0.06877418174042225,0.7077292727201501,0.012762922543536514,0.3887611262584699,0.15613485486946924,0.7247602451918115,-0.2558915514944638,-0.8858060121820983,-0.001847561411074154,-0.6273761779747349,-0.32798528939037047,-0.6827883211067752,-0.048791085482646636,-0.4577129099783511,-0.313745488541198,-0.6605456946619409,-0.05932992908255564,-0.44661341817258626,-0.2903086998842495,-0.6677517953193873,-0.05988362812990393,-0.461007578911784,-0.27562846252969947,-0.6569031430955737,-0.05292452818868654,-0.47208712971598127,-0.7234657873715028,-1.1168838658948994,0.7234657873715028,1.1168838658948994,-0.20569076090654953,-0.7246460040439572,-0.09328169904950703,-0.4027033709167201,-0.18341729735275877,-0.6244375263738414,-0.1627102964706275,-0.4180916786745137,-0.1619455611019942,-0.6703652236886121,-0.13745017643793805,-0.47763337325841937,-0.13239396080782745,-0.21220277671640683,-0.10655841288787589,-0.19346322851265685,-1.7653917349018304,-1.8505741075404651,-0.6767555553720234,1.687241250977307,-1.8283986468852684,excellent
-0.9735998921334054,0.32121831280204177,-0.9732629035714879,0.3786387381123253,-0.9701242156766791,0.3715737189708254,-0.9678086713459062,0.3663541282365003,-0.9852172383497372,0.4179116200298162,-0.989050823857411,0.4371574185803028,-0.9931554963928576,0.4524781597266849,-0.9658643967653872,0.40567961205832576,-1.0011463805432794,0.5035721371812756,-0.9652850578514972,0.29072054060452485,-0.9792500825098245,0.3582864813134814,-0.9304169823335552,0.4610241289472615,-1.002335367975983,0.5327707673444655,-0.9232804852963163,-0.01255254250192311,-1.022857215908267,-0.011863622660712158,-0.8870153688449688,-0.7570486625511126,-1.0404535859424133,-0.8540649842395238,-0.8948023823305739,-0.7621172194844477,-1.0339192888640316,-0.8625862957483463,-0.9120347507380339,-0.768123640135974,-1.028706057060478,-0.8523669915429601,-0.9113394623009248,-0.766766365703521,-1.0297301519487232,-0.8498376212521389,0.6242097589096741,-0.22497562452822772,-0.6242097589096741,0.22497562452822772,0.8748522934684608,-0.724508134828645,0.8962846643413889,-0.8205166853211625,0.949397676327162,-0.4812818393611535,0.9688006458754526,-0.572401183943511,0.9443908645584268,-0.3167633450134703,0.9682703666506727,-0.33818942910219707,0.9605687823474344,-0.6922630586603362,0.9773548310551746,-0.7521114823966402,0.9840790526674894,0.8452794918688579,-0.9467956789902008,-1.0695324221998967,1.6863061189909747,poor
-0.3335406066654201,0.642278398056597,-0.3372498055545705,0.6715457182451773,-0.34116341253372123,0.685938824739366,-0.3447794219240159,0.700756003969758,-0.325428269014167,0.6400006138329951,-0.3213948736865757,0.6316210911449637,-0.3175803909416884,0.6227160995457256,-0.3433241997532546,0.7353353271015093,-0.30497111870882876,0.6417904186532527,-0.3411667408677731,0.6730248763318634,-0.3313675461161519,0.6342777537129753,-0.39174436887618497,0.9307792579798336,-0.2783345477457269,0.6660916726347744,-0.29108668884602956,1.1467764787390806,-0.15052012013193014,1.0689733113588487,-0.31429567843595735,0.21907377357520927,-0.17186453919553127,0.030067848252819933,-0.3047597629410572,0.161666405501877,-0.15955398441674093,0.006595708069847001,-0.2877191065549118,0.14516812775267196,-0.18003988191228357,0.017033224075616235,-0.29612255995942705,0.16165909078291618,-0.18563527359704304,0.02917380275239744,-0.43893606766231075,1.1772091752938183,0.43893606766231075,-1.1772091752938183,0.3365899753921007,0.1913897248456497,0.3590853606327591,-0.22037247841302263,0.4402238034753872,0.3954323618587835,0.45760528231368597,0.06827541319680804,0.45627712320937913,0.5409327151645382,0.4846558325081771,0.2502344478113663,0.432722924912041,0.044883432207253646,0.3926064171271534,-0.11655778471819636,0.57735430134337,0.509134604908534,1.9599691376874533,-0.25661425056396503,0.27445201598612406,poor
0.11028026184908958,-0.2719359412586735,0.11005743969453802,-0.2167055532995366,0.11045874936335891,-0.20023762900745237,0.11095140199583246,-0.1836750793998438,0.11073492895809033,-0.24451657198174406,0.11226789419943843,-0.24603921721281802,0.11417367424700176,-0.2459836396210041,0.1125717250953464,-0.128652933182849,0.11744869358898348,-0.2147787119149032,0.11141321453859498,-0.2486823726524647,0.11058647575332015,-0.2944263160475068,0.08912002096263019,-0.0369426534364127,0.15275864675774967,-0.26040208419341576,0.06728063423553805,0.2722862940749027,0.26386464284799205,0.1367057905176969,0.150393563529267,-0.023117227340983714,0.2405692098263817,0.12011976950832909,0.12691305307628806,-0.03704293953064065,0.2321008207014233,0.11054838586481167,0.15673208632745542,0.01851824764525155,0.2225629561070596,0.11756880838153179,0.14127364339823456,0.010563069904841387,0.22900808263798056,0.12096777791346033,-0.2906908906153919,1.1958087007413627,0.2906908906153919,-1.1958087007413627,-0.23306717982967803,0.34812503981708653,-0.11068065252408636,0.12654941850735088,-0.23732110605026335,0.04622736949800001,-0.17680040546759251,-0.06830574026821445,-0.23433453241398666,0.037591680265571775,-0.194298586799551,-0.06307363732438283,-0.2568109880119017,-0.08749258637394043,-0.2026204823358392,-0.012889615087220078,0.05022356253568223,0.4011773686320298,0.668790367750816,0.2952233116212189,0.14014962589854177,poor
-0.9690609298315923,0.1393724639649225,-0.9712518303198007,0.19915449787975506,-0.9697339906251904,0.19722547606858123,-0.9680484314827427,0.19565677417338587,-0.9765067017659798,0.24020354720334508,-0.9797150994846906,0.266634552109406,-0.9831954352284209,0.29478075925806335,-0.9674971364887337,0.27195092772604607,-0.9929215876806518,0.39338641783344436,-0.9646681830800339,0.11171382212798378,-0.9731705288337444,0.18341553934083094,-0.9367280106049473,0.3307269462736735,-1.007114836567121,0.43108405240672676,-0.9226649384629618,-0.2218865748207382,-1.0581036855141033,-0.25325587631429536,-0.930365954154358,-0.8806551606744071,-1.039375725363433,-0.9638837003514348,-0.9324620517082708,-0.8790990931183066,-1.0282576208707845,-0.9629186124715204,-0.9405461900651757,-0.8966748315645705,-1.0185553582047908,-0.9660325032259806,-0.9418605138566062,-0.8965560270395508,-1.019297224507863,-0.9635603451645628,0.9614862354932704,-0.1330866418370505,-0.9614862354932704,0.1330866418370505,0.8968266675588346,-0.891094467316843,0.8793986670565221,-0.993341754687016,0.9716763946149758,-0.7166557076025957,0.9583117139770605,-0.8033014260024535,0.9711415923905243,-0.5533211789112995,0.9591353030794934,-0.5733969860414362,0.97874420163057,-0.8557835024972145,0.9651385305794642,-0.9163712661534239,0.7651353958063294,0.5209098920419116,-0.8422293499892446,-1.1398949871824984,0.6712815844723449,good
0.35477668910725135,-0.04034879761889183,0.36117545538886964,-0.031692173102127186,0.3603345189585743,-0.013030159437667426,0.36022605578401934,0.0035975675234934043,0.36607881997540953,-0.09899840586702263,0.36614466175286653,-0.1302699494763498,0.3651143175773392,-0.16290611940928887,0.36768872521522605,-0.011560327244224079,0.3695148534523334,-0.19578354775589887,0.3433230748815288,-0.009112574418868502,0.3437809319646974,-0.12777577992902564,0.2688259613939333,0.030866646518765816,0.36211150401526393,-0.16202254958165183,0.09589775736100685,0.6108940251343254,0.3368795069339991,0.6221369935278984,0.13789686512109167,0.6699542105571306,0.2566229028667757,0.5723818449308306,0.1245092545002831,0.6829442471233049,0.25346555604971316,0.5714985414499217,0.15232260910654405,0.6392697420393574,0.2533390473807566,0.578622686401859,0.1471884562760673,0.6540003816271462,0.25560465670681803,0.5785310458078023,-1.0057236182135747,1.5045993118916243,1.0057236182135747,-1.5045993118916243,-0.5447043743553334,0.5577544127942788,-0.34715361577121284,0.2597348587526418,-0.5214176089421354,0.9925087501712649,-0.4564427215669516,0.9844177845317309,-0.48737809018690664,1.0114156273363506,-0.4137313719526519,0.9981353728217833,-0.4477665916904561,1.1640653948006516,-0.37095839873871167,0.9376740397622336,0.02772108025069965,0.3010363129527993,-0.8937827185063408,0.7560148320600056,-0.31329279168218854,excellent
2.0166422308505614,-3.5157078291238695,1.9940473815164235,-3.4614335167379062,1.9999865842511468,-3.448487683054182,2.0053627105291496,-3.432690213271843,1.956966446926935,-3.454477705809268,1.9365985947081878,-3.4424917813882927,1.918841169719972,-3.428123542797884,2.001596012954476,-3.3699903516839087,1.889443108574669,-3.3747892498438468,2.0423805060594384,-3.473041597353498,2.0045131194837045,-3.463035549046335,2.0185207383648245,-3.3064151166519693,1.8991414298358,-3.3530388916330742,2.2782653106639783,-1.7193601932773368,1.988792863057149,-1.1492235963162722,2.327676843841631,1.6281574192204562,1.9151323280247834,1.9208036323463589,2.4387467703862384,1.754081174157343,1.9678369407058354,1.9136130519622119,2.4106981848562676,1.8015342404528567,1.9822869267509875,1.92196058446601,2.403505593227774,1.776318867377781,1.979595738711202,1.9142810001723227,-0.31426938669801013,-0.2892127657452716,0.31426938669801013,0.2892127657452716,-1.8021219210726882,2.138660852226255,-2.1395334368372136,1.9227976660010804,-1.489485481201607,0.9791186353968022,-1.2877765098653495,0.8975579302356016,-1.4538365956785777,0.7312152984008526,-1.472323796866556,0.15214262447350624,-1.4574487999604662,0.7673783334710182,-1.4395389923162927,0.5500695109632028,0.2834361729831916,0.4326732839417656,1.3735578070519556,0.2934503868357711,0.33016832893092446,poor
1.2313893279534913,-0.6319331610802509,1.239796842917268,-0.7329606058461606,1.2345444506119934,-0.7543362367665775,1.22859108138609,-0.776672599420347,1.2599788651056505,-0.7154146029581444,1.2703569822203478,-0.718363085427951,1.281823389375264,-0.7178140740166865,1.20367059707938,-0.9474624601727542,1.287605528212912,-0.8210541043206371,1.2129188877796626,-0.7179326084170903,1.2451989372331296,-0.7015634138061967,1.0818382096411172,-1.083634913953314,1.1735981128555295,-0.9359833304074437,1.1881942135759263,0.9067572373915571,1.3341180777000337,1.2269331695213452,1.0222282061571841,2.097814541831417,1.0859078855431408,1.7026089634618953,0.9715736284407166,2.0258503690630514,1.04480856347005,1.688771939220209,0.9696205476022729,1.9907910977058882,1.0276820102320083,1.7345558243595205,0.9573347473592242,2.0246046021168906,1.0088402404485752,1.7447443132811034,-1.9476949153418184,-0.8263226777236988,1.9476949153418184,0.8263226777236988,-1.3254169669451372,1.2590115194082456,-1.1243795678016764,1.3951447151443759,-1.4545626714095732,2.23728561924803,-1.328062485607827,2.4137304702673106,-1.3759977569066608,2.159329162010943,-1.2515384842810444,2.2580310781647244,-1.2282724761944384,2.3649820260053143,-1.1612577832837876,2.06071844638026,0.46651768458157844,0.5479947843450412,-0.5536823920601318,0.5077379475622062,-0.03522067342885934,excellent
-0.058666880801737,0.1740082107774322,-0.06863579830372521,0.16836128106140574,-0.07245726894966462,0.1686283471302818,-0.07654767547268623,0.16983955196332284,-0.060500085244101325,0.17122586818786975,-0.058794437783772274,0.17373692943802724,-0.05783057716964717,0.17647045189754856,-0.09298079629842833,0.16306165972777278,-0.06406127848869933,0.1744979447295179,-0.06560635977651845,0.18104300990970734,-0.057545744041221286,0.19020604167655333,-0.14061091537644782,0.5115750136233663,-0.10320490541381137,0.256855189018962,0.03107382442301394,1.0954278317192856,0.04599345783187213,1.11198231283211,0.04968324327412318,0.4515273185403074,0.06604152692549209,0.29627794072914515,0.11615266020928997,0.4680503540390357,0.0754296486674679,0.26023332476324823,0.09969548516641458,0.436297730963115,0.05269672139913534,0.25605102558930554,0.08329220524578804,0.4294921598133991,0.043067736986402025,0.2736076279266463,1.2171732883369184,1.4531179396609017,-1.2171732883369184,-1.4531179396609017,1.027499889828052,1.282781766776954,0.3517440239120843,1.0016272043423182,0.5876100093739911,0.9141783958970727,0.20806328574130142,0.6628986006356098,0.560661911087388,0.7712410587189105,0.15251905318465975,0.6188891369764743,0.46970456817973427,0.4790503885541302,0.025629971866466806,0.22671680987813242,0.5308961911047596,0.5097974259738906,1.0753446394317725,-0.605807594604068,0.3313431433678399,good
1.7587569786253752,-0.6716587039541191,1.7805621553188111,-0.7352317296475261,1.7868562592010853,-0.7177420651810352,1.7931610374899303,-0.699095387268261,1.765169537269009,-0.862762293267678,1.759927375405709,-0.9255625114728295,1.755095817394722,-0.9782772121826454,1.8155442615581012,-0.7650002198754047,1.7598759484005153,-1.1144997451188465,1.778717862045069,-0.6169579625809201,1.7627103736414276,-0.7737579659001955,1.8946448605829638,-0.7940462419957447,1.760955568718345,-0.9638174088460004,1.4298131033314687,-1.3931682282491755,1.3819680384452544,-1.2567238546446529,1.4616620782446232,0.7366381352119955,1.5111254284706934,1.0244900716691474,1.4680359525803788,0.7502530376808095,1.498677548405254,1.0417988843326527,1.4799459015200545,0.7654527120202833,1.5529227802354713,1.0176680604359643,1.4928574925945026,0.7596320184051822,1.5748063261457943,1.0094539612026006,-0.4399606652234575,-1.2256095072117703,0.4399606652234575,1.2256095072117703,-1.8836071009006121,0.17477735908367034,-1.8842446641946422,0.7898334220757421,-2.0747656631699223,-0.5852885709330461,-2.0700814161629384,0.21172599118385227,-2.0958037097347253,-0.9952490379488536,-2.1191386654861954,-0.41103712186364844,-2.1710980465278045,0.1891599632797492,-2.1705793211345563,1.0432432265619034,-0.9965241940829235,-0.6071062962162505,0.7880211866868976,1.550669476278712,-0.7715449217781222,good
-0.9723798037467157,0.28947092629093546,-0.9739355879039715,0.31496105082848813,-0.9678588940319525,0.30840546387098083,-0.9649163007163685,0.30983492190857,-0.9838993786351375,0.3603853912632505,-0.9871855586476993,0.38417399157035864,-0.9940476440159791,0.39857662924685405,-0.9611131046195055,0.36981572276017355,-0.9988714336102048,0.47768967802649187,-0.962078895746998,0.25899166851333677,-0.9761474804065738,0.32418208796425246,-0.9265474153343992,0.44681647489892407,-0.9988444751626931,0.5287781799981397,-0.9011309987206093,0.014973251339103837,-1.0298192109581648,0.023155252520108867,-0.8782670119522892,-0.7269155790234102,-1.0499754749885848,-0.7946586487731799,-0.8524532292809055,-0.7238957993503902,-1.055725265150046,-0.8124771166970318,-0.8848784193278764,-0.721529388683119,-1.0422867881479947,-0.7961533058047032,-0.892954246776012,-0.7248659180968341,-1.0359605742468982,-0.7901220052430709,0.9599417751492154,-0.19258502178093412,-0.9599417751492154,0.19258502178093412,0.8761394732365867,-0.4918168889004469,0.8751313980483346,-0.560246388887968,0.9412739873650835,-0.4040208607958823,0.940810364818439,-0.4788728678138986,0.9409916747834146,-0.2526764558000267,0.9421997727098791,-0.25498340916703904,0.9524251890811918,-0.6769718081573912,0.9592019780368878,-0.7223535531892119,0.9006729532665433,0.8104281183289879,-0.6016218288701021,-1.2189722368676954,1.2823631240371236,good
1.0446725289514345,-0.5525046898123301,1.0443750328181913,-0.6147531501582302,1.0389660958122857,-0.6277788117818502,1.032583027570386,-0.6418573418908216,1.0584828467010232,-0.6100406783860196,1.0649956959452926,-0.6141861322075941,1.0718193807947367,-0.6151085698618636,1.0062542608403442,-0.7673489697099583,1.0736085456039999,-0.6995151594133967,1.023380592718534,-0.6246614499497068,1.0470347281540169,-0.6178384813253112,0.8414243679194269,-0.7808722158969426,0.9646002594362564,-0.6977432184622431,1.0230342574128184,0.9450677773847035,1.1946658090980384,1.2169698167980716,0.8903555127775963,1.849328233681144,0.9654090710151036,1.5160673631521884,0.8679335329993779,1.7766988355562807,0.9355064379024146,1.4720231113452042,0.8482558589737045,1.7524839978055033,0.894177035844308,1.5262607099186418,0.848933194211067,1.7858412296158828,0.8816733674905501,1.5381381333133595,-1.645558009467663,-0.4156367919083217,1.645558009467663,0.4156367919083217,-1.1508210823367995,1.0675151640658789,-0.9525570384066723,1.2313221994876502,-1.258966530656655,1.9185627601537456,-1.1391129028431006,2.0831459209641596,-1.2009579208418213,1.8492457259233883,-1.084947060285776,2.0294586677426087,-1.0728096793625457,2.0548068471515206,-0.9820113558705312,1.7778683518988583,0.5089403611536217,0.5989824711204431,-0.6120078603141215,0.2609643297094108,-0.04525024519753199,excellent
0.3854873808109372,-0.5884956710490431,0.3680063513295438,-0.5591661661926352,0.36390115568684406,-0.5564503526487055,0.35949726368764773,-0.5543362951277188,0.37515371019158084,-0.5599551090954007,0.3767791149712022,-0.5581311824445491,0.3780935668023861,-0.5582201281376884,0.34052326876782113,-0.5496654051922566,0.3722695220733623,-0.550244876793134,0.38308260487939805,-0.6088771313434832,0.3902230631746555,-0.6067272580571745,0.3019508530422963,-0.4029275234800892,0.39124012238228506,-0.5791666682975216,0.4429697209801028,0.28617261229467117,0.5418518743288974,-0.051614510194285146,0.5423830280617067,0.5224912449966252,0.5352258855435748,0.3324514963799343,0.5496155176198788,0.5008450598380864,0.5081264253603619,0.3191754900058354,0.5270663696167084,0.4962550164114462,0.4915195351082838,0.3433655296513411,0.5200470098331985,0.5201794737746731,0.49277358411670324,0.34743498233896153,-1.0191633639562352,0.2658674958461092,1.0191633639562352,-0.2658674958461092,-0.3959412603025053,0.21211146957186344,-0.32842529270669124,0.23213355845473496,-0.4265762896071571,0.5731620259643383,-0.42965907132879433,0.7259944601985502,-0.4472400143242321,0.6291324523320646,-0.4772369044717349,0.7649347228101975,-0.44006745742556475,0.5300480096792688,-0.40157171878133574,0.7592431909787165,0.303926578296885,0.39466710478425504,0.3617545391836648,-0.08178046535145421,0.4902589192836744,good
1.560317022296589,-0.14238294568953763,1.5775364133146892,-0.24406294426976796,1.5787154487259762,-0.2363723868671226,1.5813393280050037,-0.23105829698297423,1.5813768423716388,-0.3230399184572662,1.5866409224137499,-0.3657946832664742,1.5925673699668763,-0.4151715935746245,1.5981842516363103,-0.32144604948975525,1.6013269938438335,-0.5492289379093862,1.5539047727999928,-0.0935865217568786,1.561031803965405,-0.21929852501032007,1.667159938418186,-0.8481596398558545,1.664108229554306,-0.6042179306662598,1.2089673355819979,-2.071188136513712,1.2582553437346462,-2.704504787943819,1.2386380651197182,-0.149117264044907,1.426271515409953,0.30830841488096455,1.3252340352082936,-0.20609349313876638,1.4202316712886567,0.4021688965732336,1.3083709403181232,-0.17034227501553828,1.4282881514785282,0.31941789609274945,1.3228732979334799,-0.16216108572575602,1.4328454733787799,0.29372587525140675,-0.7769919507827154,-2.413852994812699,0.7769919507827154,2.413852994812699,-1.7059593507991715,-0.3742195276538352,-1.684421693671991,0.5797974580596034,-1.7262778441230362,-1.7408975698364841,-1.740833251938597,-1.1026823495851394,-1.72455974941893,-2.3113332224377388,-1.708306225720051,-1.8314465873757524,-1.809647088993364,-0.9222471282454214,-1.9491560734857867,-0.38511979773357596,-1.2888116120937543,-1.5754193839190251,1.611029464597594,1.7089851506296017,-1.1595525008482945,good
-1.0109378908671838,0.6740887156279555,-1.0032334948713733,0.6894453271429469,-0.9940615078183521,0.6932462862639233,-0.9915066761974924,0.6934647462723054,-1.017028024847159,0.7148452333846016,-1.020475182652223,0.7263314045919338,-1.0236855642265386,0.7369684308367983,-0.9770284957928339,0.7172042176695625,-1.02408864463568,0.7682457002358228,-1.0008488106002749,0.6913252762369457,-1.012519655641832,0.7223767489571103,-0.9597688132260985,0.6815622969677737,-1.0271661041308837,0.766998760200735,-0.877130833028043,-0.3046990068523176,-1.0772014198277107,-0.3839979321117908,-0.9445081186314856,-0.9947900314515082,-1.0267002805873635,-1.042016628606446,-0.9460675374851659,-0.9911264856468881,-1.0235806618233345,-1.037868817779222,-0.9467258309322523,-0.9809636309792096,-1.0205108454851888,-1.0264434346393378,-0.948990472935665,-0.9804078994051714,-1.016792090202995,-1.0294521298551471,0.9702823344424393,-0.16240635457863437,-0.9702823344424393,0.16240635457863437,0.9489313911081613,-1.0746088572444177,0.899945982190512,-1.1839845727716953,0.9867290234287356,-0.9654851334344091,0.9753549969706332,-0.9948654555526606,0.9860502802630696,-0.8265138303683138,0.9758661758310664,-0.8068305855980598,0.9932365082571769,-0.9875181502506636,0.9908806060594245,-1.0207975328040249,-2.5146432165336465,-3.1343486762963235,0.6627827970895143,-0.745985659491244,-1.851711773930601,excellent
-0.8361774409105214,0.23294949801096587,-0.8393897480081728,0.2912422044915537,-0.8417566129939232,0.2907153352564006,-0.843995868488876,0.2917059473485917,-0.8355496991726827,0.31907769796816265,-0.8361102981843591,0.3353266868920655,-0.8376467665962662,0.35248079614061234,-0.8546702438677103,0.3405368927487745,-0.8497977391956127,0.4076640816756422,-0.8452795994781283,0.21862118398613384,-0.8411585195113984,0.26206463521529255,-0.8430884279393375,0.47547881035201944,-0.8972077351099493,0.38218326295542004,-0.805786246656868,0.020550078248200286,-0.8868066326129894,-0.08738396841469746,-0.7793140576678025,-0.7400511401274064,-0.8845714236788079,-0.8183876723010853,-0.7811679606307362,-0.7291849779483788,-0.9030895671655045,-0.823328684653833,-0.7996020423432082,-0.7353667984239418,-0.8928781202979508,-0.8106227778025143,-0.8015747735901486,-0.7357526505074538,-0.8849694719326413,-0.8094791538162583,0.7471013292149302,-0.10226753280913752,-0.7471013292149302,0.10226753280913752,0.8240771731017967,-0.5462968666966137,0.8247836459448891,-0.6304856582800357,0.8848279063441387,-0.5223484164375845,0.8670013456141971,-0.6151847472129196,0.8851726428487678,-0.38048994128905467,0.8675274991406224,-0.44712907189326534,0.8963258699969922,-0.7278358385490691,0.878072917918559,-0.7743997043372808,1.0823680334571535,0.7167290236570554,-0.04544478792423987,-1.0429230528239017,0.525650708413298,excellent
-0.9609225215599825,0.3225893347470664,-0.9618918325125428,0.3465616851945307,-0.9596370130844354,0.3405006881840407,-0.9575427809507919,0.3364026622460873,-0.9700963822789584,0.39364743185728934,-0.9750007552356279,0.4188511367868971,-0.9799346649122275,0.4446493595600508,-0.9572225577749102,0.4090789821552627,-0.9919444291868931,0.5295905703378134,-0.9571351606309364,0.33598814306719615,-0.9673580348863171,0.39250864235512994,-0.93366841440687,0.5199617754757513,-1.004656424201911,0.6093595946504308,-0.8416649042425821,-0.381250910756181,-1.0941539932822677,-0.41592248815564326,-0.9166078185744578,-1.0058165838681608,-1.0425124316875984,-1.0786003328217597,-0.9250916461270197,-1.0115814438596908,-1.0329175818149496,-1.0696074322769549,-0.932647870240414,-1.026226280178047,-1.0229582741872263,-1.0733575571101013,-0.9296950749623093,-1.0241769268336482,-1.0240444336904118,-1.0752603548668778,0.9738840735793964,-0.17242816683697976,-0.9738840735793964,0.17242816683697976,0.990983027776591,-1.1246079100492792,0.8716888022720907,-1.1550682104099874,1.0212902863985305,-0.8962130112011937,0.9446179237432919,-0.9265444380740214,1.0141900972194469,-0.7533268492084986,0.9497131414582878,-0.7102309956313463,1.0417259781355037,-0.9852282399007698,0.9458172683855866,-0.9788417552208957,-1.0426986695707297,-1.2004210964942432,-0.03851711284885583,-1.149059489559024,-1.0561466199279996,good
0.1646510497891784,0.8715340778941487,0.1760999292084688,0.8157211130339741,0.1739280109339346,0.8013790092602168,0.17229807059997526,0.7850462853735679,0.1940576695851844,0.8267074484965107,0.20552484144698907,0.8205483343373906,0.2184732011781739,0.815986822701502,0.18213797832615355,0.6588380441609548,0.2529275547681492,0.7302708238999701,0.15075933820978035,0.8343668048568822,0.17889251700037645,0.8489083175535507,0.16576040962368319,0.20215111396953855,0.2685998011346226,0.5638738653498072,-0.16333157470010695,-0.7223491374360864,0.10478160191981205,-0.42546747666198387,-0.14280576377936996,-0.4004900738275693,0.058765065714178964,-0.21861544578555084,-0.1401214512451475,-0.40482528989428346,0.04655612418483474,-0.2299466546000501,-0.12400443393915096,-0.43358114813987736,0.052505832953520716,-0.24554796533466405,-0.11227224068370335,-0.4152030904512937,0.05310295655839848,-0.24539141542495466,-0.8560857611470469,-1.1339558172520352,0.8560857611470469,1.1339558172520352,-0.307708627911822,-0.5689151970798693,-0.17480787445720966,-0.18323258561180106,-0.31949989910644777,-0.2946064750571022,-0.26694909787979937,-0.11119278762874135,-0.290042983118775,-0.2996180163300703,-0.23119333714577092,-0.13505649026347716,-0.22231918187154942,0.08194277249262068,-0.16479574579735454,0.06645230256585177,-1.269594437574837,-1.2767001530201705,-0.6845046159583136,1.502888843359009,-1.4642556719099136,excellent
-0.06918897545965964,0.26944205619010403,-0.07485024413395128,0.2802345832601899,-0.07757621997966445,0.29106783444199935,-0.07987497703961252,0.3028439417205161,-0.06827630014835813,0.25259770393121217,-0.06741214382058525,0.23818327408232262,-0.06729044518272635,0.22227966008377126,-0.08391163177255642,0.3325107630129363,-0.06309560690507447,0.21948397873292141,-0.07476301176139713,0.28503093639935984,-0.07048151280194719,0.236436262456961,-0.1464354517636716,0.48021681620536555,-0.04609432014333834,0.23950724126469206,-0.18571583559709082,0.7058832410123551,0.04010580849841953,0.5677227650042714,-0.0699876342229116,0.1368057785330304,0.05959883636759935,0.08299460955340839,-0.08657816802934712,0.06743410649354008,0.07038278357041994,0.04443600590589692,-0.05842548297916677,0.06441251635113783,0.05633038875630582,0.048192194346516885,-0.05753143930924411,0.08204407285509113,0.05271944663884927,0.056311277735589756,-0.4287845495920855,1.3852823519150648,0.4287845495920855,-1.3852823519150648,0.042137382541097106,0.1805205164153985,0.10640901628340284,-0.15259503443652223,0.1490845258893851,-0.13248422887398967,0.2295498287392503,-0.21836266907507687,0.15423556309315817,-0.11272391248368942,0.22242087466683122,-0.1691410249214092,0.11307206904111218,-0.1427177144690723,0.1922862326339921,-0.1018673775044043,-0.012378395505517807,0.3076829961539701,-0.7689223634839372,0.0010410031114017238,0.03867809778961992,poor
-0.45089259910103874,0.7836556075405717,-0.45530183993021534,0.8045291639572326,-0.45914448603034624,0.8151339502185663,-0.46293972580928483,0.8268071094299004,-0.4437010982101497,0.7824328285749348,-0.43987357338470634,0.774902987875406,-0.4360613333388532,0.7666829179329384,-0.4631493524517451,0.8679289383249836,-0.42580512661129694,0.7818462669662536,-0.45717043259424683,0.8118678142470577,-0.44376280783182526,0.7716948581933549,-0.5324342002621206,1.0724797769985994,-0.3717058335438525,0.8136557912566065,-0.5213337119290623,0.8310541612602683,-0.30140591451251497,0.7251264540874045,-0.4734354267670486,-0.20958902019134962,-0.291851174354101,-0.26764519331970893,-0.4949423069246117,-0.2765100446714112,-0.2983119744283724,-0.2916666128933225,-0.47404945683529615,-0.2902331455165515,-0.31729805437875797,-0.2820943009262752,-0.46109431469274137,-0.26165234671501847,-0.3148322468618008,-0.2740372823679568,-0.9660512541654346,1.2382452569506572,0.9660512541654346,-1.2382452569506572,0.37840593655099763,-0.24860773364066266,0.5013655230067615,-0.688707063195289,0.4843696250569087,-0.19089765605066425,0.5388733041026949,-0.4456315101483365,0.49930956478613536,-0.06925263459696994,0.5505688281602966,-0.27438358878277785,0.4512871488858322,-0.4114554274021956,0.4958068117083213,-0.5384584075988011,-0.09985653659728075,0.15150032456552845,1.6676510061261758,-0.2233525388439713,-0.4423568469893592,poor
0.1753614533479906,0.06098485962280388,0.16337504304262912,0.0548424641471912,0.1593229743982288,0.06091475505796046,0.1550698984486952,0.0686862813126088,0.1718861318969566,0.04588682874773086,0.17359196722911807,0.043054483698645604,0.17555526219157871,0.04117109859284614,0.1435978904001043,0.07218574390811218,0.17756734059727272,0.03076155272568016,0.16966792435716288,0.060616544715113525,0.18091403014213314,0.04189815942168464,0.10334723005319399,0.2935491902315516,0.1752771659231463,0.062101437500230804,0.38301515038830974,1.0760630752356852,0.39584253169061184,0.9595344599819423,0.3214184690017968,0.6247230848627111,0.3339412285518212,0.463501337623904,0.34190719725334984,0.6155362043159937,0.32911211947798075,0.45743648356433814,0.33337786517203316,0.6125611301243056,0.30663388062304714,0.47930905944713287,0.3123642045179422,0.6090353800961619,0.3032264837447915,0.48260167747872906,-0.6540361402688701,0.899384523682112,0.6540361402688701,-0.899384523682112,-0.1145001916906216,0.13040858192086366,-0.07161382026136376,0.21732611319122444,-0.1488025557551215,0.6615228176366,-0.09169298741921787,0.5945069768839754,-0.15742339262865945,0.7400007333455261,-0.11326129724650816,0.7249447281299236,-0.1656160925833,0.5893749169336089,-0.09329063302351201,0.6213104754352383,0.6233246045553634,0.5845658950096554,-0.5274627913319545,-0.2569404749235251,0.38519711323700445,good
-0.04457367840133097,0.5289459514007833,-0.04818407601141247,0.519976715013667,-0.05161472751919965,0.5273277521167666,-0.05480625487706061,0.5353200173519364,-0.038274394638697806,0.49778502549126774,-0.03510601457814814,0.4870210644316386,-0.03255234983874384,0.4765695362584993,-0.060809514152018414,0.5307090518574245,-0.0286229833134715,0.4593569044527194,-0.054110601045093056,0.5468474038852004,-0.04637229500197746,0.5164435060416142,-0.09566788778900888,0.7475783850487266,-0.01699939441691217,0.49123348154869384,0.20430564699520684,1.569662251389436,0.24111284240819847,1.6493827971766697,0.1855891862709272,0.6962816830581792,0.20788433698000272,0.48575171356719493,0.19992376241474671,0.6878884463514356,0.20128832733602667,0.4426486883040474,0.18420033408964584,0.6558073194393033,0.17800234449534577,0.4688911068604472,0.17304506000381142,0.6445149773478082,0.17577505056073023,0.4828488797269246,-0.26112644104274363,1.4759697441403885,0.26112644104274363,-1.4759697441403885,0.13943909271147797,0.5754199966867449,0.15803971566323213,0.23132840744260647,0.1836336380239277,0.981049681465568,0.2018949782934563,0.5927867469178285,0.18453341293629805,1.1134299738138893,0.21297404374181508,0.7782219651833465,0.15520173851208627,0.7626272848152172,0.15103468198811532,0.5112114972435857,0.6970639197762392,0.6578473217119456,1.5044608163755875,-0.8927370289915988,0.4366959265140348,poor
1.152063353909986,-0.38228175346190874,1.1622342300748087,-0.3897465636978653,1.163383428319097,-0.38059569374750496,1.1649178591996967,-0.37189171115922565,1.1660918731270937,-0.45078234539955453,1.1697333905774958,-0.4848269053833215,1.173211468859212,-0.523393554826356,1.1872763861659654,-0.4172724012797261,1.183316546456985,-0.6640135107714937,1.1574549688825753,-0.39774249450812427,1.1571981258068254,-0.4742402094086763,1.2558227938377178,-0.8519427793475596,1.2718361648451573,-0.9441948362491847,0.8908855585956656,-1.6062949520999974,1.1131078133121353,-2.073587496187615,1.0283610030124792,-0.03167279238501248,1.2038633192869095,0.21985682068893467,0.9716849060538438,-0.02399210523218456,1.1581153095068932,0.2683211933433029,0.9948068402437727,-0.015138962507541298,1.1669250155418083,0.26655345144209797,1.0340438860804895,-0.01650600734423374,1.1840015694895436,0.2518932437825478,-0.7045921442093023,-1.0784485980731033,0.7045921442093023,1.0784485980731033,-1.1768716109346877,-0.34186865904933394,-1.216140421363556,0.06185623651247753,-1.245563976918781,-0.9227983009760429,-1.3130476598167713,-0.5904228095355595,-1.2469654329637987,-1.3039619412891361,-1.322795289660456,-1.1362513788316517,-1.3401369605449096,-0.44791514567015006,-1.4365510174680785,0.03405136725199719,-0.9822437218257782,-0.7454877161930611,1.6950673417281232,1.2965732451293777,-0.7389840714088447,good
0.534766224283794,0.161632684757761,0.5386010080207125,0.08255739264062514,0.5345910535758547,0.06578914239346034,0.5309399198313893,0.0444248825887133,0.5564098692659798,0.08099563597571502,0.5662526922595895,0.0703301004721249,0.577246295859716,0.05855144264286387,0.5199442161175256,-0.06396623513770804,0.580755895458305,-0.06064676406044796,0.5253721374775102,0.12873069689890407,0.5476280910407523,0.11375251242668818,0.4269835958643451,-0.09991931995273913,0.588282413958125,-0.13941090999917233,0.09057285154401057,0.27844746432796746,0.4152607358856824,0.2240584378760146,0.08005422213182718,0.5977168529871411,0.32231771813352994,0.5521415852795052,0.12092109586641489,0.6112619658101783,0.3108280268723991,0.5607719487962824,0.18365037312562313,0.5766802177989225,0.3259562848933868,0.5395391922239283,0.13992681356783737,0.5609715780637431,0.32608640782683,0.537925292463355,-1.896205005579792,0.04596766343673549,1.896205005579792,-0.04596766343673549,-0.7444691815411681,0.25426898660484004,-0.5179651284149404,0.3282854506616909,-0.766811913166142,0.7781474174593299,-0.6825426022088492,0.9352754796227307,-0.728187954669578,0.7051559063740769,-0.6470542615147143,0.8177287596690949,-0.6525575999747089,1.0507494356291553,-0.586650780919212,0.8615526964639376,-0.167716602998492,-0.03183659085871088,-0.6758767748100833,1.3391598593266782,-0.6001179273709324,excellent
-0.020492230765011544,0.13768747022275105,-0.030153258341023424,0.10992003184001295,-0.0349524389275958,0.1039240104381446,-0.03963971936638446,0.09861313952829247,-0.0212394326456965,0.12891263117396207,-0.01962402103824511,0.1350457761616862,-0.017764171813947374,0.14108123045309964,-0.0658037761364067,0.08983194194573482,-0.028941353693930038,0.13712859260175872,-0.027928531576912885,0.14584095394197355,-0.015851321920359856,0.16357125470895034,-0.0949002952971891,0.4967168841489517,-0.10393689120781334,0.24866094250380913,0.11039372470180167,1.1866374100131445,0.08743686570915309,1.2871459263297003,0.1714165177773343,0.5482689672064407,0.13295466062124273,0.3687207048242537,0.20268891519330368,0.566209992516321,0.13256341469258884,0.32727302370248307,0.18177382601171013,0.5335783980463568,0.10931503606234666,0.3216068096124503,0.16886427109683905,0.5266794153010464,0.10212765918281337,0.3424075885588315,1.371381829178249,1.3954573188867812,-1.371381829178249,-1.3954573188867812,1.0484355868329238,1.4440568504661824,0.5797810357310395,1.433753230170756,0.5769491526169694,1.1767882669147216,0.25918554580434444,0.7565937858348675,0.5521556723265084,0.9499226682352558,0.1950586175392829,0.5928672460773966,0.44258250563981716,0.6300898068913425,0.05184662166176016,0.24564031234909126,0.49594234107746543,0.536176410408843,1.3274550775907186,-0.992772450299176,0.3332376069687527,good
-0.061883813747460256,0.05087796749218038,-0.06126084807145756,0.08720358873893597,-0.062428355866580555,0.09875685819744079,-0.06368331372861678,0.11139840215107608,-0.060351537450879615,0.07201714191584933,-0.0600573728591904,0.07348138070552672,-0.060961106572450664,0.07391660038310952,-0.06247650261077917,0.1738771954400386,-0.0609167657084248,0.1014901151597198,-0.06287299866013449,0.08444578293528511,-0.05536756212100863,0.03785474819146909,-0.06210051542333706,0.3578741640364131,0.011382238275989326,0.11592681962944842,-0.32143294659725175,-0.2937858537206496,-0.06768180782678575,-0.6125521220314917,-0.22427127297255733,-0.45048307158937495,-0.017338171355152716,-0.42902371563659975,-0.20927139406475606,-0.5058539901842087,-0.012910553829191653,-0.4090892767852547,-0.15808455255402887,-0.5074198387427789,-0.022832511784926297,-0.4317408977663454,-0.15346647496717875,-0.5053361594001656,-0.02592131075656526,-0.43352930767108194,-0.9184792219705175,0.2929576698264416,0.9184792219705175,-0.2929576698264416,-0.04772808508433633,-0.39473941789195366,0.030217372003304644,-0.3143823880595522,-0.025950185318581658,-0.7510589650642562,0.020380037378114772,-0.5970198109254434,-0.030090254023208626,-0.7959699257633649,0.009795909043740149,-0.6875361432152038,-0.04793391931872967,-0.6434136884141766,-0.033957964304175435,-0.40506544185032,-1.0671265473413185,-0.5589491957318194,0.9311268001846574,1.450459707035503,-0.615492254947175,good
1.3274796539048688,-2.9689560727804976,1.2730933596765173,-2.9779101231617457,1.2719473734741091,-2.9945194502990136,1.2693627370635427,-3.010111216882854,1.257110639231147,-2.8918881843848823,1.2448050823066596,-2.844650116018046,1.2300368480795854,-2.794220346017824,1.2295593627037682,-2.948568125867953,1.1784050557650798,-2.6531454937218184,1.3600849713950027,-3.0026013533248515,1.33364300148319,-2.8810491039876376,1.232869691866026,-2.775568819090502,1.2962042901726094,-2.4942187671528364,1.1247377401275265,-2.0154081128194403,1.3208311164785291,-1.4305326366118951,1.247281934982128,0.26446664225067534,1.3377743983117458,0.9094676642586002,1.3373448697331785,0.4277569587442141,1.3655482429709864,0.9447888723737984,1.3655777915333027,0.4443325335090846,1.382595094427939,0.8954638942367702,1.3977387133696533,0.4285204455374965,1.390921091905661,0.8789703278888255,-0.7932344976930922,-0.6422860609828668,0.7932344976930922,0.6422860609828668,-1.1825147752902103,1.5040385020771345,-1.5683431797198015,1.1624304817698594,-0.7618792706923112,-0.6603434372913521,-0.7508113256934166,-1.4759755877081082,-0.6721303687013463,-0.9205967766261159,-0.6594955061657791,-2.1177557886694403,-0.8191880277644568,-1.0047790989413716,-0.7459299918133109,-1.348607123170992,0.13527178284135793,0.3204094045547676,2.8895560838177436,0.4776137238038725,0.21906527457044517,poor
-1.0246795220747604,0.17221511100194037,-1.0254991312194042,0.21402839357486125,-1.0194408143674427,0.21097626008267029,-1.014935518476854,0.2058086543091929,-1.0319074626456162,0.26392315270669964,-1.0335457253211124,0.2902887210906667,-1.0353714714051083,0.3181692749604353,-1.0023569531211736,0.265606360793554,-1.0305012899657386,0.4141943944617815,-1.008128615417019,0.16026318557752312,-1.0201472530477964,0.23100088525820003,-0.9488668922887017,0.42225346891183746,-1.018321515024886,0.49241980934561286,-1.0052456157332585,0.057019684336054505,-1.014435880787685,0.03746522889557764,-0.9893730188267087,-0.7000971593125234,-1.0184980090566964,-0.8093897716033784,-0.981110997260428,-0.7085568378718938,-1.020704406860199,-0.825644317583261,-0.9955964562221385,-0.7219747344393088,-1.0102821939170301,-0.8143248351262784,-0.9999680403588457,-0.7265284222612294,-1.0092408085354723,-0.8106015614003469,0.7159943983801087,-0.1456538095813512,-0.7159943983801087,0.1456538095813512,0.8926772151225267,-0.7189097330431038,0.905778750095735,-0.8179306970902988,0.9634656116960124,-0.4357550760899876,0.9769054689525245,-0.5365689902882608,0.9600244079662484,-0.27627400206045366,0.9761529618446405,-0.3129250982321737,0.9703343806014312,-0.6445494636035415,0.9859511399377443,-0.7252615606413451,1.066492708527784,0.9251824366130018,-0.9106075272740493,-1.1985657796016258,0.9214778177152915,excellent
0.6318334066959151,0.5001771153909292,0.6436645922989643,0.41732147494761906,0.6429728654341079,0.4251011564597477,0.6424662176650185,0.4310461576824472,0.6495624548048068,0.362072113420729,0.6509307355828762,0.3289965753744347,0.6509460968526195,0.2852612896816807,0.6507101066587685,0.3395545132387022,0.6610557336039479,0.1526927081962367,0.6224408201194,0.540092340559536,0.6310898916457379,0.4591136301634237,0.6423164148910558,0.45716102030071715,0.6539113084687498,0.22567679929097176,0.9881170113554272,2.0792521432516935,0.8609951713737515,2.081805741791672,0.9571830172318846,1.773893352957267,0.7981874266828425,1.531810307137833,0.9429888062560364,1.687550892471206,0.7968743870342524,1.4850418927384443,0.938640017355575,1.697105543530517,0.7846934369276635,1.504360207021256,0.921323270861932,1.7124630619484011,0.7796689277590079,1.5197732083996036,0.048153960442725297,1.3503005501639562,-0.048153960442725297,-1.3503005501639562,-0.4701173239778866,1.1098364046803604,-0.4461165533883933,0.5829093909070887,-0.521261980316014,1.5604016610078486,-0.4946579455215859,1.365835477518296,-0.5395126520094805,1.624288060012877,-0.5351639639978073,1.4579008759264531,-0.5304137264564033,1.3302562571046965,-0.46719453484031004,1.3156552715235958,0.4597149466900175,0.486522422963196,0.6152225989294645,-0.04785700635577323,0.3203498562423283,poor
0.30681158472295705,-0.21769731926909774,0.30830499519457377,-0.19745958693624865,0.3069433180894035,-0.18470429068356883,0.3056716850406641,-0.17113522343260712,0.31079576469358855,-0.2347480694534255,0.31045970973335646,-0.247824531702033,0.3104981159538977,-0.2598616728612914,0.3072590190307579,-0.17030655932736966,0.31477160086251943,-0.28043274289464365,0.30076367680450083,-0.1954326242909204,0.3052617430235153,-0.23748933120563223,0.268047778265445,-0.03710538483988274,0.3197590901661842,-0.255283225286593,0.6207130163844733,0.9313112409628019,0.5913245670753374,0.9161067425918388,0.580715823293716,0.833207460318617,0.5301804927287038,0.6521375737725976,0.6247517720959458,0.8263344645972193,0.5348555983849486,0.6224302329914444,0.6215949453823271,0.8187509685185802,0.5171756275399779,0.6309299453009952,0.6094148832664612,0.8241636617858813,0.5121750119623358,0.6504792485240042,-0.5624558400227334,1.1178803290780783,0.5624558400227334,-1.1178803290780783,-0.19540293386923785,0.9774837980660582,-0.23190117793964604,0.6057886536252381,-0.15513021511059227,0.465642251774304,-0.21545017896222976,0.4356538069358539,-0.13423837088749122,0.4190280595550959,-0.2177509602674937,0.42189894546356255,-0.22292240274184355,0.3004678621511536,-0.2501571903754837,0.4477428169063843,0.6263549846245762,0.6250783526687038,-0.4750775219337315,-0.4601023127175044,0.5406384443031442,poor
0.11615454882986423,-0.25636807751656215,0.1439655373491779,-0.16278872336647698,0.14768865517234034,-0.14637229614409905,0.1516840173950831,-0.1304124364964405,0.14356553228382038,-0.21258490396214613,0.1467382538436817,-0.23376042239691172,0.15144935816820634,-0.25451416883965183,0.17551316012574744,-0.1295799397765551,0.1855487880074059,-0.27731562436399476,0.11364931303026604,-0.28024613094078005,0.11181718072791551,-0.3332308560582163,0.19002105492386906,-0.096135612110255,0.10735605531308644,-0.30670721234636833,0.39062283309798784,0.5019306074543134,0.30627823528383696,0.6444136210332817,0.24078592009541222,0.33061442195930013,0.2392865519043069,0.36778292217998804,0.21368883010506837,0.43053201040814915,0.2257529856493769,0.35627454324517444,0.20725385800583895,0.40343081629291955,0.21803748494026395,0.3638196169185411,0.20938377534736832,0.407008011145295,0.2101461783741483,0.3771758511330431,0.13739886200026896,0.33165430663464346,-0.13739886200026896,-0.33165430663464346,-0.34580099296607414,0.17629115935128312,-0.2052793962769074,0.21523931937370003,-0.40387115789845385,0.6416055026091784,-0.32788365901130284,0.7475739606143886,-0.37031149965104904,0.6811933018928917,-0.29809124472053666,0.8318557611371867,-0.2675770958375371,0.7362857080573114,-0.20421052363855083,0.5839560578159847,0.60595709187158,0.6424713465209593,-0.21262858369217244,-0.12648560068661086,-0.2644213875735552,excellent
-0.9390681667102107,0.17162157976150144,-0.9397560900080056,0.23976220670361706,-0.9375816753444083,0.23429707688513748,-0.9353423713146143,0.22678190382699967,-0.94632983882135,0.28640162456232654,-0.9499796283411589,0.3093953936679637,-0.9535854316011881,0.33414908909101393,-0.9306408037252852,0.2680513345977298,-0.9645599770045122,0.389416768611721,-0.93496144753715,0.1418885652855756,-0.9418204445661823,0.2132876512534596,-0.8923226794116874,0.3353296670378244,-0.9690828353589385,0.3940614476344016,-0.8762455141824326,-0.24525482477918437,-0.9891162868970615,-0.27238788962667054,-0.9049289948294993,-0.8841677289789851,-1.0087829861299322,-0.9518464107945688,-0.9089863543874189,-0.870838064262123,-1.0048760961953815,-0.9331763708816077,-0.9237117255812803,-0.8707277979694633,-0.9957879001137949,-0.9263283179615391,-0.9252962210493435,-0.8719561591444083,-0.9966864894005312,-0.930576096645146,0.8457242272258394,-0.06301499361100128,-0.8457242272258394,0.06301499361100128,0.8689086568497371,-0.7444876019669768,0.858602920754681,-0.7914824687881812,0.9265742742991037,-0.581114561689145,0.9390081998470082,-0.6822539660592742,0.9293594049703364,-0.4253178577260657,0.942046225664247,-0.45987755136652275,0.9287166941800463,-0.7533025687973013,0.9452395203225069,-0.8162996399260568,0.7959968968424457,0.775784811180878,-0.35852931534330434,-0.4948541181273653,1.1792536109866814,good
0.5050691911990184,-0.3238203730824109,0.4944824180689911,-0.3374905774624173,0.49268074685025676,-0.3317099476536449,0.49080886421929615,-0.32503298614247716,0.4966805530219548,-0.36212706871136835,0.49618259556786265,-0.3742654078809992,0.49570049296439267,-0.3884408670047869,0.48409959343877385,-0.32651515251619573,0.4937856506918222,-0.40238572100754233,0.5053511101617828,-0.30277324812180917,0.5105190095222778,-0.3417238610044481,0.44352750332934837,-0.30634671861466545,0.5094350267883216,-0.48998417442110853,0.48425782322848177,0.5079164891279658,0.5707090955644535,0.22538781923819412,0.5676331917546489,0.6912266645394247,0.5874756328039299,0.6261423182657732,0.6320351528263535,0.6668597338093982,0.6250298689226913,0.6213163512865676,0.6251837240478579,0.6629941074277728,0.6100505812590894,0.6087712164820694,0.6115410744647838,0.6869448689158733,0.5952247747451759,0.6143711450833217,-0.7292020830912734,0.3007184864325586,0.7292020830912734,-0.3007184864325586,-0.6127949203060564,0.47025330177551283,-0.49392183208379464,0.6291737290202842,-0.6418372818061139,0.3717554009282666,-0.5852211257883094,0.3832933578231825,-0.6559585380450124,0.34387278967743784,-0.6191021786925351,0.2792555426907083,-0.6285890477251128,0.4996560038568023,-0.5789573785702873,0.5565985274392039,0.18174885883800942,0.2762515018102732,0.3903351140534179,0.2817830229832855,0.2177628246199096,poor
0.27730773149826626,0.5433037702317404,0.2765397835842238,0.49483397161989356,0.27354903012398796,0.4955157531773163,0.2707079876136306,0.49650243518973125,0.2874030031113031,0.47745173051735035,0.29181395916829017,0.468946129972517,0.29639474538589805,0.45937558546734275,0.27438128390167965,0.46923458780289296,0.3052284343791377,0.40842082900427995,0.26950027143628474,0.585070203984272,0.2839543973818922,0.5539626414867247,0.29849742955924224,0.06919451251323529,0.36438786281389146,0.4499095513120356,-0.03162057709011583,-1.046788037382858,0.1590735400758051,-0.8213145635134044,-0.030464656922160622,-0.7567570791209104,0.16623956022184497,-0.29894462136931677,-0.04305323691145286,-0.6757070329420874,0.18667977562798474,-0.27621385620443634,0.013624006368631415,-0.5906791397187459,0.18008018552525207,-0.3159953824651597,0.014901186583480656,-0.620621277185529,0.17881425168690196,-0.32794033070523043,-0.48132834022310134,-1.5569519425283769,0.48132834022310134,1.5569519425283769,-0.3659129615114725,-0.7004888395405904,-0.3103115250783727,-0.3186255664799079,-0.31551152007071853,-0.960147381353251,-0.3572568267087062,-0.605045482841868,-0.3296936043985638,-1.0275132302333296,-0.3828784484212565,-0.7291694572156996,-0.301714685954495,-0.6239836436088338,-0.36580417905988377,-0.27544231687731374,-1.4346182213977459,-1.5474194871421805,0.47498795072265737,2.0883034933077522,-1.3982608904749914,good
-0.9739364117125766,0.3476425561750873,-0.9743066436640985,0.39156441409007275,-0.9714063738067807,0.38624882361520996,-0.9685532203093274,0.37417727018424984,-0.9831084880304528,0.43169115702161626,-0.9865206841959628,0.4519173227945705,-0.9905503693039355,0.46554391144098767,-0.9655706853895145,0.40932184908348024,-0.9990714201897614,0.5036810600421104,-0.9665407740197544,0.3060264469785993,-0.9767950787169458,0.3777825649841353,-0.9345902308338082,0.4531080316241542,-1.0057325720418047,0.5377226410957363,-0.9265834144429586,-0.021642730139424363,-1.0180695216100846,-0.02343521689727271,-0.8853944242303879,-0.7572521410118443,-1.0404910463983559,-0.8563810734141937,-0.8935976826619113,-0.7643382520740986,-1.0317905904292182,-0.8633022820265848,-0.9127337823394841,-0.7677755198002926,-1.0250551076811147,-0.854445160001567,-0.9117521096696843,-0.7650567250684782,-1.0276965407455159,-0.8515528489822637,0.6808549249399896,-0.2601702342592709,-0.6808549249399896,0.2601702342592709,0.8767084729841259,-0.6926786404598898,0.89664327517321,-0.7946119620306981,0.949577821908778,-0.48135724156071624,0.9686868486178473,-0.5683079834144549,0.9467929984960551,-0.3172004240257195,0.9694936399217019,-0.3330783298679594,0.9597455765448807,-0.6990033268630622,0.977794197746536,-0.7577921904301995,0.9885720767359415,0.9050984047015791,-0.8919967512654349,-0.9174727392193365,1.6735989030463496,poor
0.4483121965917637,-0.6996517162721955,0.4339160974020298,-0.6650549206139669,0.4299094695081822,-0.6610878181590071,0.4254402201741861,-0.6592171379520875,0.4406604126641697,-0.6571325851990626,0.4427578800821844,-0.6440834078861774,0.4447977987160914,-0.6308137759030957,0.4052376109590131,-0.602739105263859,0.4347201409813079,-0.5931880233099088,0.4453150652927435,-0.6962172361317048,0.44933974692027967,-0.6881435692792298,0.3473253728274868,-0.4694403128231275,0.4528053998042689,-0.6209171953096837,0.4104254547162293,0.309238969013292,0.5935179917685593,0.14583359880642063,0.5429026128697335,0.601676781367878,0.5887664149275502,0.5088454792570446,0.5063370476687561,0.5601310818782134,0.5567962118590634,0.5083939878422273,0.5154940939582658,0.5781374775939626,0.5464530606751062,0.5177395401273629,0.511588940975349,0.5866555217964202,0.553081846771579,0.5149142340841238,-1.1400403860232324,0.31912102230021083,1.1400403860232324,-0.31912102230021083,-0.4639399328141514,0.5136856779174875,-0.3956253989644335,0.46634244659518986,-0.4108317966965749,0.1333789544015647,-0.5612629797851961,0.5549068391388383,-0.4122005387634666,0.092266704930458,-0.6063029783501775,0.5351579814532595,-0.4688175137068022,0.06743209326627685,-0.5492139962210406,0.6551671691998487,0.2302431576596726,0.40475602665182137,0.8025679544812369,0.04392362135941975,0.5530965269798164,good
0.06390200293235547,0.5118038296244297,0.06104192153073366,0.5066160951557939,0.057105690138199085,0.5148222482750197,0.05334891377868157,0.5219168551144153,0.07246315416106026,0.4692036331360827,0.07530923021460548,0.4478073244185998,0.07744403647297597,0.4205061613440121,0.05367755342211262,0.48759315037385725,0.08710142509206488,0.36137856844779553,0.052975795545554955,0.5217519822832603,0.06390311183845374,0.47524035823042826,0.023245223304294706,0.5609014477256464,0.10924144620921623,0.32105436083767586,0.13009193745867983,1.1500051101245135,0.21340186050357482,1.015952209218004,0.1439263617594279,0.6789334661957608,0.19483481332935074,0.48715970963880134,0.18568087946933132,0.6575670540031688,0.21151322030466752,0.478695573120345,0.1846935410891572,0.6219510260150551,0.1941598720361392,0.4734736205991198,0.16625889374276057,0.6254582481101165,0.18308617521669351,0.4802378001798083,-0.16844847204548977,1.9449666941051058,0.16844847204548977,-1.9449666941051058,0.06757603181693897,1.1581019341200793,0.012565971753142552,0.6503305919536994,0.05037005230849172,0.3712812937515241,0.10505804187320679,-0.16061168836750817,0.07101310065414357,0.2636663158701706,0.13899537115820942,-0.26705829091477334,-0.03353616864962021,0.11522414161073304,0.030211897469610498,-0.28007420000805616,0.3337268701514916,0.37758867200511514,-0.3567213987763774,0.11250435043986345,0.27585341707421845,poor
2.1673692251487036,-2.7443874861395217,2.1292551077528814,-2.7625876923773407,2.126706704993624,-2.7635852520167115,2.12259146232098,-2.7680683632287133,2.1245165565691675,-2.7360155973743163,2.120591046416243,-2.7135463103965383,2.1156835107354546,-2.687966372685485,2.0810687769075162,-2.7173742215798864,2.0952822528671606,-2.597790875393632,2.1864307374079073,-2.7347320210676203,2.1741614722182936,-2.699381140228352,2.0821332787559297,-2.5281911402693775,2.040337086761224,-2.331931199263551,2.4691808773964863,-0.38349238554630743,2.1945386765150685,0.42758353354069517,2.5516228364572235,2.3590536583474715,2.1108580384006985,2.3542485071274952,2.604093332709003,2.3353719366802808,2.1057166595888552,2.355404742035761,2.5358576517340556,2.35115836610668,2.098471680502286,2.3367584326953157,2.5046954185871746,2.3545399821593844,2.1027864722635923,2.3320080816668303,-1.6219518124756638,-1.3756026287904928,1.6219518124756638,1.3756026287904928,-2.114263690614782,1.4833083569903018,-2.026021513416503,1.9790902206909402,-2.3217635312350042,2.0661883823065796,-2.3828276388985308,2.52543230118718,-2.3743415680925093,1.9849158217410676,-2.484263158985093,2.313692744545154,-2.3373516542972324,2.350608791224007,-2.2930641974357946,2.826484445232749,0.3028802042983538,0.40968618166958926,0.8238954710403799,0.30147581603283524,0.5041327950357356,good
0.6417131062071286,0.2276164237585247,0.6437851181137942,0.1733244801031018,0.6391036847419698,0.16041196841013733,0.6342311040009639,0.14520628943401678,0.6606048590302351,0.168272158457064,0.6694492399540245,0.15778701184260055,0.6794844400952724,0.1435823036156178,0.6246180470762339,0.04201356252933097,0.6966738814696876,0.02985881024586457,0.6262951139536603,0.16456370853622526,0.6505507774365834,0.17427704586269052,0.49480027698366225,-0.2769693635003608,0.6652283461823096,-0.16422609103676009,0.21949705177997,0.6196982667644808,0.655242666213675,0.47074558233030567,0.3263291531082411,1.0920629062478064,0.6058129807338617,0.803322301525501,0.3735997267518816,1.0108306262443172,0.5938055022081615,0.7668851372715342,0.4124474061651056,0.9620854343207625,0.5636085639396661,0.8007792449688172,0.4211733285022279,0.9946178508720487,0.5481613866069142,0.8087538420022572,-1.7242894403278384,-0.036687816977134344,1.7242894403278384,0.036687816977134344,-0.7960296339959803,0.29862018955803976,-0.6080258001751141,0.4790667467396926,-0.8301574489566461,0.9112949111181512,-0.7464915158272873,1.08478049954949,-0.7860666906959871,0.8932453179546878,-0.7032575155902505,0.9936455604867601,-0.6989281910437121,1.173996955979762,-0.6050449968321003,0.9838377131000148,-0.003210979311451345,0.12985536225724337,-0.6558917996808213,0.6534959212693164,-0.376795817143837,excellent
-0.31281914327751875,0.66261439618625,-0.3138319113030298,0.6904049195384634,-0.3175427148368,0.7063572811276632,-0.3213896058692889,0.7216459417055182,-0.3047211700992017,0.6551901396362826,-0.3030458165723329,0.6466750014036476,-0.3011290021148443,0.6384334550846686,-0.31827738292063484,0.7621853264828166,-0.2909686814655368,0.6578169765867167,-0.3239585307864563,0.7173477334709809,-0.3108427948828512,0.6501385173742594,-0.3703162472028357,0.9551672256610849,-0.2538310285885818,0.6913894464741419,-0.3900117282842645,0.9990250971189698,-0.2058583405793646,0.8041504888351004,-0.38270865757961187,-0.012609374918159888,-0.21277631242457243,-0.08332071821365733,-0.35874928309635234,-0.06154558338387897,-0.1974015460663819,-0.10522389306613393,-0.3379921637842777,-0.07425941049744574,-0.21111824565584267,-0.10552494484993646,-0.33529685240342477,-0.06305324369443015,-0.21551860433885744,-0.09889854043162065,-0.8071596573359352,1.39836022534711,0.8071596573359352,-1.39836022534711,0.1798077325542071,0.007394111160280438,0.28796699672697057,-0.36542870266690997,0.3122245334609699,0.12060201024045823,0.3104613003638295,-0.228431776882126,0.3306335166969782,0.2170738184872007,0.3242621176280364,-0.13663859287775998,0.2751287914310803,-0.036281954442123246,0.23599627654072758,-0.2539437030715078,0.0932006455510397,0.2092372456197042,1.1111583123774176,0.45600697786094174,-0.2284563591160806,poor
-0.9638639082804324,0.0691131137894887,-0.9667270327593622,0.13388260425113674,-0.9653183138153351,0.13271686963021737,-0.963682893967489,0.13349223857317788,-0.9722261329085214,0.17626016321302412,-0.9761154836827134,0.20572037167692325,-0.980322511569215,0.23731345587690242,-0.96346137062912,0.22231826820703623,-0.990690392828092,0.3462360236946552,-0.9601879076684521,0.062410656258061005,-0.968478056520267,0.1286280895647661,-0.9348956529827076,0.3708580387963519,-1.0061790237733963,0.4501822522808312,-0.9169551603964733,-0.26265740381455127,-1.0657518771227665,-0.30683179071807415,-0.935041781116798,-0.9243576211793182,-1.0397015399019776,-1.014155851769464,-0.9306861858933088,-0.9251750925506349,-1.031467730140215,-1.0089816396168831,-0.9362260866770503,-0.9430799671588015,-1.0249789107336764,-1.0113411296832944,-0.936641808356335,-0.9417914441201324,-1.0241198789388828,-1.0095029133913924,0.9264367189924164,-0.13544850645076612,-0.9264367189924164,0.13544850645076612,0.9014793442915503,-0.9277056009205517,0.8843291727520359,-1.0300044161114636,0.9736465969982526,-0.7766243983524578,0.9600270843183487,-0.8721419798615885,0.9718874960258534,-0.6121329354024971,0.96221530084725,-0.6477584175667269,0.9761168976080544,-0.9256517885241987,0.957619537408569,-0.961666993688511,0.6476345712814636,0.36177971565480654,-0.7528138924967844,-1.0515416524419712,0.27696025551578013,good
-0.9547496052322388,0.26393070444924255,-0.9566691904369007,0.292039339322038,-0.9548580663939029,0.28958390622478036,-0.9533623893417905,0.2892989447131914,-0.9673147925533662,0.33404203458228343,-0.9736722437095655,0.35804629265452176,-0.9794152384812891,0.38441864603144815,-0.9534667334384926,0.35239886576589335,-0.9928622589418631,0.47809368691607146,-0.9494167913704272,0.24838060908604326,-0.9622718653070608,0.32169066176018946,-0.9321509489059785,0.47193857891409474,-1.003837214958287,0.5391355261360481,-0.8361454737724585,-0.023964475448222045,-1.0803540031365626,-0.020453294485905122,-0.876053088544128,-0.7547029585141032,-1.0519533233285137,-0.8576296113886993,-0.8891616196798409,-0.7582492011906293,-1.0384245350044365,-0.8632090028279579,-0.9099583141257912,-0.7708315488540606,-1.0295433135795498,-0.859254300590051,-0.9086759580927757,-0.7687194510482712,-1.033508383805874,-0.8572908651079525,0.6974846959948012,-0.2911226151031415,-0.6974846959948012,0.2911226151031415,0.8805800099349481,-0.706943223953918,0.8983234423987707,-0.8112663947146944,0.9522526379358393,-0.5097348637122934,0.9685458209742351,-0.5918278647009088,0.9517831405431001,-0.3439050785531947,0.9681351291702665,-0.3631453753087812,0.9594364461571089,-0.717898411470001,0.977302382232216,-0.7742215228171089,0.36633552716596135,0.38556545048418905,-0.9376044403490466,-1.0703227995080946,1.4397031516416159,poor
-0.09428261674553456,0.0799535520884893,-0.10272907202760213,0.0515401099450762,-0.10562412256409491,0.0411943516253709,-0.10820727509193,0.038287989982074534,-0.09815154416088585,0.0850949378625971,-0.09868887412085138,0.0922487941954523,-0.09940859680025803,0.09505244878602183,-0.1227662045758266,0.03791052324830964,-0.11547235982914288,0.04511799089842103,-0.10223859086982066,0.07248074429816867,-0.1015530877016362,0.10787966973698312,-0.1138231085440806,0.33977533887596933,-0.21421081382132895,0.1628370132278766,0.24285059654561303,0.9877766292103073,0.13214209946090008,1.1326937592833368,0.40776618798084696,0.3329265539117048,0.3106839007372098,0.1117741463765023,0.43056258290687577,0.3543064715991893,0.30972498603120796,0.14162701473168987,0.3901564500193348,0.32235547324954134,0.27909120640541774,0.14717193991240046,0.3761430830254926,0.3084077046759085,0.2806667295288522,0.14275091129216055,2.414694175384513,0.606488122239654,-2.414694175384513,-0.606488122239654,1.2254858833484537,1.0835997994860571,1.0798525162905965,1.1777012166259009,0.6434943566072611,0.8470816149072329,0.6298581866674496,0.7494765122878909,0.6013591445571503,0.768206393904523,0.58292789353829,0.6433073816181972,0.5159074717390223,0.6571364995867482,0.5347588290348699,0.4360005920574534,0.49197367412516996,0.47732633519592926,1.418638349774206,0.2586168316160917,0.18705201690806114,poor
-1.0038882151400534,0.17959524743837135,-1.0045853896601513,0.22005650130751842,-0.9994137343093128,0.2170758239459049,-0.995357461785444,0.21367546411453117,-1.0136053438427606,0.2600681953362623,-1.0162925667445581,0.28533316366762757,-1.0192079171342225,0.3129663564237875,-0.9883232279409159,0.27758333029059373,-1.0146699637922345,0.4048543903222376,-0.9886661089873788,0.17124785554616598,-1.0052308766420797,0.2279489136468724,-0.9425685220486725,0.3782162984441995,-1.0128495329480036,0.45505142510786273,-0.968686977120994,-0.01731264928338013,-1.0209902593367213,-0.040765916968769335,-0.9923513202181325,-0.7620295939046098,-1.0178674326585162,-0.8621120234240371,-0.9938445992770877,-0.7655405333964621,-1.0169379206928244,-0.868877848503186,-1.0057140145481285,-0.7838131386445676,-1.0069905718990528,-0.8636744472908345,-1.0079526071373575,-0.7863905562601207,-1.004499655516295,-0.8624201306507706,0.7865124277117412,-0.15441891289466006,-0.7865124277117412,0.15441891289466006,0.8869534939690278,-0.7191257817516499,0.8893432183487276,-0.8224022696796758,0.9629842177159933,-0.534127183396448,0.9690840422136863,-0.5975220468359097,0.9616012383967595,-0.34331300152035404,0.9703195111858955,-0.36084037819236686,0.9711416929086507,-0.7111767276671227,0.9774653056350818,-0.7825054394487181,0.8403666239474133,0.8370743066332142,-0.9038625237184301,-1.021017203311398,0.903811578612189,excellent
-0.9951030180777578,0.4566350208723211,-0.9952231469367521,0.49213759340208724,-0.9918083235444335,0.48946393999757953,-0.9888964914433712,0.4866612901657266,-1.000546971432899,0.5218161650087089,-1.00249682722683,0.5392580017860925,-1.005295989244771,0.5573416763903302,-0.9803676777000108,0.5295663753671546,-1.009587324863836,0.6130356638969978,-0.9884477009234811,0.46831821813285174,-0.9967524060859302,0.5079581548968959,-0.9425194494411121,0.5751963878583093,-1.0127109584688103,0.6302067133909003,-0.9430304547397779,-0.294250992331505,-1.0518323615041059,-0.33509831890172836,-0.9994257835425439,-1.0050042994113533,-1.007967193481501,-1.0784668668549304,-0.9977627660989784,-1.0135216866192853,-1.0037728413448073,-1.0735590079292192,-0.9912956563806328,-1.026003934142108,-0.9949837106394053,-1.0792148101697243,-0.99543837882333,-1.0241421489792795,-0.9955092426423662,-1.0806836821580699,0.867906531763115,-0.1498254801854016,-0.867906531763115,0.1498254801854016,0.9202313182227365,-0.9978867375441821,0.8789379375122056,-1.1079769380597217,0.9653312941616241,-0.8115283078051796,0.9536890546327575,-0.8886841184682248,0.9689354226139825,-0.6662453022574685,0.9566242934982764,-0.6561114777426992,0.9799928207069616,-0.9731558569630461,0.9586611247161465,-0.9895489002386607,-0.37204515206037336,-0.47338476105878996,-0.8463901243581633,-1.060099036562641,-1.2024497860509844,excellent
-0.21028504003682383,0.8960364833121729,-0.20881423825274958,0.8460850948019517,-0.21346426024488435,0.8360721655361818,-0.21755847253576313,0.82736718181275,-0.19443931268933837,0.8678504229800789,-0.18866101575863892,0.8719007309856271,-0.1818461796292266,0.876565539278387,-0.22651403054018646,0.8125903366780604,-0.1717154302712452,0.8691938765927615,-0.22018146344604564,0.9011778352947545,-0.2025993838313144,0.9301535770286454,-0.26397283747313227,0.5735824808085046,-0.1367800774526307,0.9434482871158264,-0.43926657961128085,-0.9325890077260344,-0.21748062307317767,-0.6552945201934227,-0.47379630157997904,-0.981440989634819,-0.22899815560550085,-0.7135324812078802,-0.49124090657466735,-0.9573852366709656,-0.24861801694669744,-0.7009196876248479,-0.44950215166227536,-0.9449302387936245,-0.24752938967790283,-0.7140844926635547,-0.4358014997739446,-0.9340804267515326,-0.23844063287073108,-0.7198705613364084,-0.5018398196214282,-1.1174572421566051,0.5018398196214282,1.1174572421566051,0.09935311917885385,-0.943478749090439,0.1997286831925751,-0.7404353389478786,0.1290221212987892,-0.8643755689692526,0.1509967910065987,-0.7026039787512949,0.13678246324018697,-0.8556002900846773,0.17779632651285318,-0.6808950194219233,0.16933583293736895,-0.587183043773272,0.20248404129324984,-0.5357420363549027,-2.5505477273500623,-2.5856203272855036,-0.8607588844684044,1.2928088794791568,-2.2723496235440606,excellent
-0.9550361215200416,0.09692699279715526,-0.9561774785535475,0.14822519253200933,-0.9542301444658987,0.14167771628092507,-0.9521484301468609,0.13648317621562714,-0.9653386170247839,0.192280184362363,-0.9701660141047559,0.21595625593445364,-0.9743711592159893,0.2416966542151822,-0.9492611174777232,0.20560964577650248,-0.9836188286061133,0.3311899503466551,-0.9504406787444964,0.07555183203894021,-0.9617779648433313,0.1425790906169067,-0.9170967598725389,0.3501300749497136,-0.9901277064617645,0.3985914853738723,-0.9253217008149391,-0.07992602112112852,-1.0220761864247203,-0.18778225284743819,-0.9158068999907698,-0.7625881447470847,-1.0465170792965726,-0.862174441220494,-0.9075275133340103,-0.7540550778817963,-1.048121481837259,-0.8733446356201338,-0.9331027209745769,-0.7772561648335093,-1.0315867807980659,-0.8621460616478923,-0.9360634214884018,-0.7813452622858682,-1.0304749576676766,-0.8572900867369964,1.0296105409717247,-0.14241142522282102,-1.0296105409717247,0.14241142522282102,0.8844685525330496,-0.6654593582914335,0.874372979379504,-0.7614335055808051,0.9619984710108543,-0.5285605492579214,0.9514461384589491,-0.6492934434645466,0.9642621247333852,-0.36413985701780377,0.949858510897051,-0.43223166962341275,0.9663316798331048,-0.7057071117031113,0.9551730406552171,-0.7702511938992755,0.987129267081454,0.8086192773203219,-0.9358711157083401,-0.722397546119821,0.9033430422368882,good
-0.9711607464959625,0.3661596083466223,-0.9719843000433709,0.4008011119514978,-0.9678440310900399,0.395386393002069,-0.9645513351623113,0.3852389989935686,-0.9827581968176576,0.4440010551403205,-0.9868552703512469,0.4630178436225583,-0.9912512405348927,0.48132496352813375,-0.9638290715613759,0.4165409611224143,-1.000652237596171,0.5211891011717856,-0.9624573096935936,0.3321006509534393,-0.9755785665856259,0.3703275137812282,-0.9303376838111513,0.472889290852436,-1.0022596192154563,0.5388434727645618,-0.8698175994231285,-0.035250564300547405,-1.0458991196221707,-0.024280365342993597,-0.8854392448678663,-0.7636793328654699,-1.0369884460839935,-0.8654360847795899,-0.8986108618302793,-0.7695478762493173,-1.0281540853108668,-0.8719078797270999,-0.914241618176031,-0.7828005047002728,-1.0232851278102097,-0.8666674766103774,-0.9122413057268088,-0.7819161544341786,-1.026147903607288,-0.8642648582093867,0.6097235095397634,-0.2531586310029831,-0.6097235095397634,0.2531586310029831,0.8771103253197947,-0.7490004579631594,0.8996383870639381,-0.855661944700313,0.9499371163625208,-0.5102330977635016,0.9702769963150337,-0.5934003431348078,0.9448556455794568,-0.34252887913226704,0.969995068180733,-0.35972209067460187,0.9578901269651721,-0.7090906951566817,0.9775051836367138,-0.7692709790098001,0.5708549450150049,0.6088131903920253,-0.917587600821223,-0.9984798268320499,1.6141143420440978,poor
-0.136000143911204,0.9904120750208611,-0.13072928024139352,0.9344431721010742,-0.135001959360921,0.9230045638326648,-0.13878680180420405,0.9099731976804601,-0.11653181583035385,0.9472231892152935,-0.11039164390948493,0.9460886422163086,-0.103386885664521,0.9435095957911727,-0.14428182209995916,0.8570685410357002,-0.0890709692169979,0.9121465547472022,-0.14421310019700762,0.9969002874618669,-0.12502608419878056,1.0106358287628225,-0.16706144231582476,0.5861620873761522,-0.044882735726875914,0.951147030724899,-0.33763408313592636,-0.8718638090030137,-0.16335476065396934,-0.6621763408162264,-0.3979803348433116,-0.9340509265862141,-0.17228438981594255,-0.6792590613521688,-0.40784524168243597,-0.900802928207831,-0.186789502481071,-0.6586794524455036,-0.3720585727813159,-0.895122219145882,-0.18934089962259834,-0.6797397744362013,-0.3562637425537053,-0.8894310020570222,-0.17596880098415554,-0.6922894449522398,-0.384167604086982,-1.112034900597934,0.384167604086982,1.112034900597934,0.021755734677096645,-0.8965260491043541,0.12178343503283608,-0.6677966220283013,0.05936757908679338,-0.8859038586808504,0.09534268955510311,-0.7163221331497914,0.0694704913949148,-0.9427971086294021,0.11586960798150946,-0.7549347728416522,0.09207268287415696,-0.5622898504102013,0.14792627632521743,-0.5170550093793866,-2.384462520356833,-2.4980690243753254,-0.8794939400215989,1.4415602135211378,-2.2747027383663707,excellent
-0.9741215451703579,0.334553831205116,-0.9740451117467583,0.38571078336402276,-0.9710949379618145,0.3818175630479391,-0.9684325762855545,0.3723237985648368,-0.9834030983401599,0.42396544729267704,-0.9870122997906342,0.4444609918337605,-0.9911647818056264,0.4617127173662681,-0.966190003344822,0.41090032377097174,-0.9974167426005586,0.4937068489284252,-0.9666729684092754,0.2900615181862109,-0.9775466380732055,0.3591596693228636,-0.9318167847764548,0.45066756969379385,-1.0035418266494536,0.5239384195138709,-0.9226279518977716,-0.03299824848177832,-1.0225573930791827,-0.028028711429971195,-0.8852198633621304,-0.7653181936053901,-1.0405655111565104,-0.8576221168297786,-0.893954112184493,-0.7667980208599843,-1.0339378181175862,-0.8644341246342331,-0.9108379795940063,-0.7731508092940312,-1.0282465197320612,-0.8550319474753932,-0.9102975349981061,-0.7723513402963509,-1.0298622202775805,-0.8526281907188109,0.6471209842892748,-0.23211537315513384,-0.6471209842892748,0.23211537315513384,0.8759610286663029,-0.7148409043712001,0.895991215594136,-0.8114650666167245,0.9501336855830588,-0.4847405380195765,0.9688441389800537,-0.5703662855844038,0.9451829463646579,-0.3194595627305124,0.968988949456071,-0.33407087476368486,0.9620208433270645,-0.6971477540937717,0.977778834132707,-0.7603589668222729,0.9751062971491647,0.8553570281366715,-0.9405237194892258,-1.0051821489175965,1.6877683996793036,poor
-0.7991286594900632,0.16817947810533043,-0.8046927234588259,0.21199187219194268,-0.8065506337434165,0.21110426320341225,-0.8083445709924009,0.21034628840505581,-0.806117425773011,0.24410641273393305,-0.8108133280156367,0.26161071089884996,-0.8172648709014443,0.2814654084863871,-0.8302549258855725,0.29184408336939727,-0.836705472613136,0.3713237956018519,-0.8075987394950709,0.1716499402152853,-0.8085948913452279,0.21842438429776767,-0.8042042100222221,0.4397855918493891,-0.885300367936065,0.42503272869164754,-0.7077455786903831,0.12420947497389578,-0.9134190817994687,0.04627629404656577,-0.6537728021123302,-0.6387207411915344,-0.8968684557680302,-0.7544043162593868,-0.6534054766052598,-0.6515688817764824,-0.9069351421285445,-0.7624933979883689,-0.6733444442855683,-0.6464143892505341,-0.8957812445385707,-0.7528202835488168,-0.6804644308216017,-0.6412919817874988,-0.89030789683726,-0.750261920056235,0.8866083155218152,0.01647126662917778,-0.8866083155218152,-0.01647126662917778,0.8907204585642741,-0.3964750851261297,0.818552007770148,-0.45755809063574904,0.8852846064725913,-0.43219830785462293,0.860472469749547,-0.5123721841062701,0.8844409312431362,-0.3066132749062964,0.8616214852163002,-0.3004520851495553,0.889862680903788,-0.6369833975976528,0.8633880639277434,-0.7023599154289135,1.0322096379544994,0.5437056216914449,-0.5474975036354728,-0.8083975711691747,0.9210661769991055,good
2.6221698212707247,-3.078962898162264,2.5935548139523616,-3.1011046395970134,2.59336721032653,-3.0920253929402906,2.591592612433005,-3.089732854216529,2.581471178181642,-3.099894300985667,2.576686586063244,-3.078528218172985,2.572882562185543,-3.05545537806407,2.557250939053005,-2.999936763211554,2.553475592853086,-2.949211949677689,2.6311749912186957,-3.0436345796753517,2.6122361396483558,-3.03135014909463,2.5696501436700485,-2.7642765260878246,2.4430630849131436,-2.7083603674377583,3.1531995840120555,0.3164437352141218,2.676078125047581,0.9010523542170209,3.0894179008840768,3.1564610992020126,2.543669861647868,3.1143835415048033,3.084425333565746,3.1354981263872284,2.5271692247873863,3.1007231638159873,2.998236299556485,3.156315982367479,2.5325296973913853,3.105703741032354,2.950167490958643,3.1772638793931955,2.5302459938615796,3.108653161065202,-0.9343291987604516,-1.1339163637042775,0.9343291987604516,1.1339163637042775,-2.5389927199294116,2.277325371614711,-2.435054337505304,2.7910457882393294,-2.8200933097170773,3.3038029354382505,-2.8472382985428895,3.923294229726331,-2.8871692290947166,3.200127010654241,-2.949380965607561,3.65514876873744,-2.811317737986788,3.214250674294257,-2.7634804166304026,4.060885730772868,0.40745308597085744,0.4651632984178358,0.28159372922226167,0.29518921691380645,0.5446428529202779,good
-0.1514295639925154,0.09339655428285125,-0.1638835814397146,0.08386750579406424,-0.1683432573593239,0.07720596705083353,-0.17275620620882665,0.07214905529922477,-0.15440618987173488,0.1036908971763897,-0.1525421600374906,0.11177713897363024,-0.1509785333873667,0.12095267066897379,-0.19390160859686364,0.0797726686161039,-0.1634421146467672,0.1311079226894119,-0.15822357817380395,0.09165043593715225,-0.14879866988171067,0.10749873996771843,-0.22968063782012096,0.4537161958349705,-0.250508587634306,0.21939164520662946,0.031858287565461656,0.9547520889139541,0.000578133010194785,1.0576048649326146,0.09453299525533188,0.31043510580707656,0.08022214784072419,0.1626964789579417,0.13514702720072705,0.33712943766524334,0.08879208472398918,0.12485246813467202,0.11426998227000125,0.3130701054525258,0.05845476607996371,0.11913429084185816,0.10401563742350584,0.30324153958497974,0.052429351353149675,0.1324716549195316,1.7621023540006868,0.9325285888859041,-1.7621023540006868,-0.9325285888859041,1.095569881350536,1.1837390382212518,0.8386055951920852,1.1297918583377622,0.5825824820731993,1.0097859480851452,0.46124929577631035,0.5696735201772766,0.5742024454466285,0.9375503921280848,0.4394946892938497,0.4892740270407114,0.48397298352252177,0.6552808580272764,0.36921833668381154,0.3406068331920763,0.6359977665340412,0.596960225885128,1.0827790348143305,-0.6913597391787761,0.30437260897689355,good
-0.2932666266294258,0.6289228752030827,-0.2970324889320171,0.6507359701292429,-0.3007428319926761,0.6630427098984333,-0.30435332170093643,0.6754892338444547,-0.2855593265122415,0.6241111467643673,-0.2816805690435198,0.6152813057874705,-0.27820181917215026,0.6068734578720741,-0.30539403624281247,0.6998787038913993,-0.2663775653166377,0.6142277061500788,-0.29731798598285625,0.656427647599119,-0.2905971143015825,0.6264415206611966,-0.3538986878958523,0.8885887192667548,-0.2451882386032965,0.6255874833077333,-0.24360649339888849,1.1615030829451756,-0.11588537190310043,1.0623940412270616,-0.2706176515841552,0.25395251863574003,-0.13822666050672391,0.06167366752214864,-0.2609490670471712,0.19286277482211517,-0.12564842065563506,0.042411682099097577,-0.24342127679973816,0.17499546588754372,-0.14524855021142594,0.04877051080920832,-0.2531561176216936,0.19195921309391556,-0.1523627226383412,0.05984499866372848,-0.3967979128874406,1.3447184541415729,0.3967979128874406,-1.3447184541415729,0.2937943111448718,0.34905112054586573,0.3234299139172748,-0.23559994534793255,0.4258056116540608,0.4297951342385174,0.432764605128041,0.006916814801441689,0.44983449648533796,0.5640305953886157,0.4617250419831523,0.18302375142979543,0.4248471980004288,0.05602876760133668,0.3646544104606995,-0.15405641891745187,0.5817697566692176,0.5045381286788443,1.641203527991863,-0.22440869989404355,0.27792397087261905,poor
-0.955783933079098,0.3436952032974545,-0.9570678638768857,0.40566115621525584,-0.9541915251618444,0.39999571605848594,-0.9506975819329911,0.39413650968345515,-0.9655346242140835,0.4425085583689139,-0.9691988577733526,0.46199998279517324,-0.9731689227033001,0.4812189847668484,-0.9482917190301807,0.42273595747800663,-0.9819756586904081,0.5006588637731908,-0.9470094578842109,0.29532686487019727,-0.9586938376170064,0.3640272741377487,-0.9112448719495803,0.45799465970530623,-0.9834551727228077,0.4811779538994405,-0.901301746352046,-0.06502527131401628,-1.0055450799009165,-0.11482133808830264,-0.8912645382458128,-0.7833208190582273,-1.0118412714658136,-0.8917318460628365,-0.8919316258067455,-0.7879274348419966,-1.0068271937857252,-0.8917982398580949,-0.9029275349186583,-0.7927694719999866,-0.9978982819218947,-0.8836083815303637,-0.9037045254090308,-0.7926232808296133,-0.9997109348711173,-0.8826158457808599,0.6688931452194898,-0.11732831340602767,-0.6688931452194898,0.11732831340602767,0.8736073410585413,-0.7088899181822245,0.8968629478662592,-0.8218393316435674,0.9454220743079793,-0.48539323112321214,0.9694607171807438,-0.590488881593124,0.943905876052185,-0.3302935791610912,0.9688901444583645,-0.3703841906504257,0.9582593542747575,-0.6938406383374557,0.9724551010686231,-0.7530421234896103,0.9073005714987487,0.7383761119886507,-0.7200931150056626,-1.1031439921107253,1.558275554812522,good
-0.9735565955110315,0.34129078887649233,-0.9734952479456532,0.3926857188706938,-0.9706359297484588,0.38852151556786324,-0.967981718663352,0.38310179420835305,-0.982715865120095,0.42082554443510845,-0.9887395329890308,0.45157187965736006,-0.9932111306842365,0.4688373415358955,-0.9658577036542733,0.4171358875833495,-1.000766926044304,0.5180489263757654,-0.966221551344937,0.3064211627088159,-0.9769250802060263,0.36719030599250174,-0.9308356849535797,0.4583100124112386,-1.002678185428771,0.5232939384806525,-0.9087410187182419,-0.03511767494721583,-1.0288833893621923,-0.03192003411552221,-0.8851901330084946,-0.7656124599723442,-1.039313761866606,-0.8605178499293639,-0.8939729232967847,-0.7708896157776096,-1.034334689506632,-0.868213169008372,-0.9109125952453686,-0.7775351883336837,-1.0289348485552556,-0.8584969798540317,-0.9099022108895812,-0.776784871837508,-1.02975744619186,-0.8556210114150408,0.6350898274251163,-0.2247025360882447,-0.6350898274251163,0.2247025360882447,0.8744268046085522,-0.7208697238884718,0.8956051943766994,-0.8171767149387306,0.9493161256678282,-0.4900910901071598,0.9688650910306978,-0.5759338225912007,0.9450025546515401,-0.32588498047275094,0.9688782941902356,-0.3404615293852097,0.9588121436386302,-0.7013866864751186,0.9775038423251183,-0.7642478485768283,0.8722067946854967,0.7863154936295829,-0.9430206457089721,-1.0178123008146271,1.6697699496860878,poor
1.8869523634850935,-1.0859005105700505,1.897958170386331,-1.2334859144323054,1.9041331386550866,-1.2258025838617141,1.9102066214503037,-1.2192345235577873,1.8764714872332835,-1.2972789943925134,1.8660726806121106,-1.3359119492837999,1.8553753927730894,-1.3864195268523547,1.9130483708405985,-1.3242993095584217,1.8329460338705514,-1.5363938600587002,1.89962924787719,-1.0175538035646494,1.8786188077691375,-1.0993766804146934,1.893295176680508,-1.4150395435952734,1.8228054344139153,-1.4883174918954392,2.288875712162076,1.021127373175198,1.8996436206885006,1.552734950923112,2.242966655404401,2.62532210719323,1.8240841154636376,2.7272837472444613,2.2737593072528983,2.656753242346267,1.8791003774288024,2.666962156158014,2.3038361047652223,2.7462635477231983,1.893579229980952,2.7077624241125693,2.3135410435935837,2.762681314722504,1.8907662850435512,2.7255342878202313,-0.9755484565477259,-0.05026458208308326,0.9755484565477259,0.05026458208308326,-1.55123644537115,1.7072939059570484,-1.63462089033715,1.2211965604771946,-1.5634772502285703,1.9737937624993678,-1.4919304353185479,1.6031587775564087,-1.5884249288257648,1.882892679230896,-1.555323806800495,1.4004628698432364,-1.5856770447651176,2.113474351375548,-1.4517104018483915,1.9295703572967138,0.344242161075628,0.3884222974019702,-0.2726240945561149,0.3806297788097103,0.3059525404264115,poor
1.050987767479378,0.6817113580996461,1.0483527980621998,0.5087034617693849,1.0422690619216612,0.48645905421452634,1.0360578045189535,0.46016899647876897,1.0676427286697354,0.49755144373979027,1.0780775650996142,0.4722183892946744,1.0911188591619543,0.44400368672672347,1.0162299476300956,0.2628720578968161,1.1059912676598043,0.2777100661773565,1.0260877466290752,0.6484478562394539,1.0538092547937676,0.6227478758775781,0.9094404058202844,0.19951181374251348,1.007251774160592,0.15230256642617182,1.5327184526465303,3.064307581681347,1.3962426887669352,3.6226443687179,1.3540770883030118,2.8527709970337716,1.2728682036546943,2.405683565790301,1.3454300940975847,2.6961448832525905,1.2439833308533068,2.342903512745825,1.3220089286383017,2.6358359491692482,1.227799471439309,2.395094851677192,1.30788116480914,2.7131037847714974,1.2249677849416285,2.3950378337145652,-1.479663414306383,0.5781198389297668,1.479663414306383,-0.5781198389297668,-0.8252262016679869,2.4236421922714344,-0.7811184070983891,2.4270383648376854,-1.0963669515737715,3.6707435706827454,-1.0047709939060039,3.587237856780415,-0.9890406428831798,3.4204439991224924,-1.0612316854424166,3.6776682725045253,-0.896086901514571,3.393211389251201,-0.8635323206284176,3.044906553460184,0.7655809584876923,0.6561622657338226,1.0608536255216106,-0.4636830318755263,0.0829737961245643,excellent
-1.00950601463348,0.17655046683779868,-1.0141234030849258,0.22198307971870268,-1.010979488660057,0.21067849003235414,-1.0074749542091936,0.20326218754485206,-1.0193561726185179,0.2679551688227985,-1.021128727239295,0.2888712927287262,-1.0232052958039508,0.306634260538082,-0.9993839029879092,0.24542883834346765,-1.0179656805843558,0.3980092557873925,-0.9995791697552975,0.13418497529323578,-1.0082686506781828,0.20346186441394268,-0.9446181030221388,0.3670527682381212,-1.013827285825276,0.46823237438063914,-0.9742368234545393,-0.10425846839016335,-1.03051786698549,-0.11858315891320899,-0.9935434167987887,-0.8174487194048367,-1.0113252852091077,-0.9112719574631672,-0.988336194213706,-0.8192373057436723,-1.0125474396705492,-0.9129916329827554,-1.00139246981998,-0.8318975635899253,-0.999725291921087,-0.9114689802813389,-1.0072115552518648,-0.8354075441341794,-0.9954046727838438,-0.9102047992956528,0.7862903022922391,-0.2293192608405978,-0.7862903022922391,0.2293192608405978,0.8935126559661066,-0.8074491900512469,0.895206705419293,-0.8877765694851696,0.9622536289809731,-0.6003395848528735,0.9712990901602464,-0.6936253125757841,0.9591835902501434,-0.4559149090211108,0.9733885005273165,-0.47498163299697566,0.9730077161712595,-0.7441710139156367,0.9827725170529465,-0.825363980139696,0.8496951696645397,0.7073125125832891,-0.8677255383912842,-1.1236558330178879,0.6825619145555258,excellent
-0.9670534092939618,0.1051497143079376,-0.9692984927048032,0.16813318886570425,-0.9681007449588621,0.16429953210684348,-0.9666945420878108,0.15992395996801884,-0.9745014341434264,0.20763745792409205,-0.9778895746446988,0.23279966254935794,-0.9816621526419085,0.2614926766253899,-0.9666611668793552,0.23960681434988423,-0.9914162559513227,0.3665481013397014,-0.9643810454030711,0.08383051233729664,-0.9699885918739262,0.1434175438951414,-0.9353637748398336,0.32992427335121177,-1.006598489269421,0.40959752575464753,-0.9223697721520743,-0.20942610247971835,-1.057918311355408,-0.25544072543271784,-0.9359966281527803,-0.8801579549080071,-1.044624171936927,-0.9680672710156026,-0.9364388406870023,-0.8774674051403509,-1.0371290556477186,-0.9668065065982493,-0.9446978851598594,-0.899916377848801,-1.0284123497892868,-0.9660554425592474,-0.9477364151826346,-0.9001565069422938,-1.0278309015830804,-0.9640661685072082,0.9607852432426816,-0.11606986927217897,-0.9607852432426816,0.11606986927217897,0.9049742517989243,-0.9006853087497136,0.8789468270100511,-1.007231427059571,0.9852806009982014,-0.7356300565677518,0.9585871282751506,-0.8238023122318442,0.9835633112664813,-0.5684679567891082,0.9580963002102484,-0.5777539628576703,0.9925526088140423,-0.8616824195796593,0.9645730741661028,-0.9353731480714106,0.7526292658714313,0.5647755023766482,-0.5918437475974045,-1.000018737943894,0.6853822460726411,good
-0.9406268372067421,0.061362571467836004,-0.9395788933217524,0.11189389030595111,-0.9376415488700515,0.10921019986597742,-0.9364556994074525,0.10920237258170282,-0.9509962323587146,0.15001139962808097,-0.9549255207000616,0.17290455588368156,-0.9583031319166202,0.20068499805734982,-0.9357732298831337,0.1974072949939057,-0.9684807181539363,0.3148266663264389,-0.9354744438404906,0.06148601760950712,-0.9465426409682415,0.1114114718570921,-0.9016537580666024,0.3640655680603216,-0.9738335136101101,0.37893473935944494,-0.878508544216451,-0.045779246854792344,-1.007834954088447,-0.16465030394737165,-0.8575431944870266,-0.7605368747007092,-1.0279264913637847,-0.87379883062036,-0.8468230941363237,-0.7499490303300529,-1.0351947249182827,-0.8798129752365142,-0.8767140054786237,-0.7678445172950105,-1.019608271442458,-0.8661432404273816,-0.8819862793927697,-0.7713445007334213,-1.0159154911613122,-0.8625634897073414,1.038156837367198,-0.056129890300617394,-1.038156837367198,0.056129890300617394,0.8873754001509041,-0.5988697873220485,0.8540563590328073,-0.7484874953186538,0.9514494906659162,-0.5455218188706803,0.9457650449896909,-0.658201586787626,0.9517560798365953,-0.37357621350763137,0.9503923899229597,-0.41932934891721324,0.9577771584074913,-0.7359107618387664,0.9449854745840148,-0.7960847216267702,0.9866351738907222,0.7767930182197705,-0.8782506923681054,-1.0029687050147855,0.6742050502651945,good
0.35254465162642507,0.3147359043697085,0.3541021203097566,0.2896230583547931,0.34942983307609865,0.2800156993044754,0.34456710030745297,0.267919880858596,0.3704494687027271,0.28768463842604614,0.3785912206710264,0.28138019802683084,0.38765276672191823,0.27658962462087466,0.3373686934050652,0.1766716160093065,0.40724546591589705,0.20143357980406112,0.3377889351341085,0.26435523116546406,0.36132445926693574,0.2692941130109089,0.21836416467485717,-0.15182369707331114,0.4141450935792165,0.04612765556465552,-0.0002831374697118122,0.3319858055086975,0.3770433189141197,0.31571097362836614,0.020971837234927803,0.5086325792590652,0.34925117410962836,0.4077585247509433,0.07651646847299204,0.4570750526424737,0.34648189097229376,0.3726812680892939,0.10965876686764378,0.40327566721166447,0.31595640051919927,0.3927545555289871,0.1208007524347265,0.43769911277186435,0.3039697864380741,0.4024903063562689,-1.6472497123538707,-0.7695814398238512,1.6472497123538707,0.7695814398238512,-0.5281426806689897,-0.13422686811003454,-0.3388133447096099,0.15719471432651283,-0.5176224923823362,0.4551516485983342,-0.4420673960176778,0.6732451749907015,-0.48500011574108043,0.5239521903059721,-0.4078972937457325,0.7242533921095333,-0.3971459483970397,0.7307315375928906,-0.29528198912835363,0.5584666137684793,0.053883085085482736,0.017301359139714836,-0.5352615878633735,0.7796502130939776,-0.47963010211199286,excellent
1.275422107182752,1.59848073613424,1.3298398253112111,1.5583912336559131,1.332529733991741,1.6009266625348746,1.336827286063723,1.637983293423067,1.3531401233368716,1.3332228413898062,1.3745807106884653,1.2333478189609375,1.399950148928295,1.1233309319786569,1.3953812342679286,1.5276367214777409,1.4641812006747694,0.9923165758319732,1.2461282432453717,1.753079124683493,1.2790625840647238,1.443248019030398,1.5335141310948026,0.5998545949868209,1.4283018649147803,0.9643230546318231,0.9351630802655176,-1.9306710710270931,0.7226264002222725,-1.60376288961352,0.48869657487996726,-0.49825155114946196,0.9634632779788168,0.3182642812495847,0.6532895434740241,-0.4382304194821269,0.9353276203575265,0.39612674943057297,0.5004166981448401,-0.01414847415212183,1.0093903975076721,0.3548901400839942,0.638921697683181,-0.2624548477249333,1.0378256305108,0.3189909130130241,0.18432298228128807,-2.633252284964522,-0.18432298228128807,2.633252284964522,-1.54222743791735,-0.6220366869877705,-1.5311615298662515,0.34769378277301394,-1.6765115368049344,-0.6770645014398059,-1.7208887603557157,0.07145709250580255,-1.6288677315992246,-1.2597044276729719,-1.7227516058047398,-0.4214766046494142,-1.4957182277982612,0.6813429040551433,-1.7602426641342257,0.8564418738838981,-2.119516696922133,-2.348607297671893,-0.6638490280238563,1.9451095965740017,-2.2662257084520188,excellent
0.762173949095624,0.24967446259395332,0.7755352034378684,0.17910565443759793,0.7753714971635626,0.18203008927988223,0.7757489627707624,0.18419717226268853,0.7831536832142352,0.13283354614979678,0.7890335625567552,0.10571865087662141,0.7951698244620005,0.07633729164731327,0.7948144716441434,0.1317347367239735,0.8093960247861554,-0.0052265590053277265,0.7614910741329122,0.27086915139800755,0.772455564848754,0.2121630355225437,0.8403869384579177,-0.44308956798131643,0.8898470126486906,-0.09538425885771726,0.5083520808310916,-1.848477421490865,0.6424162494445327,-1.9781351862687546,0.5574602076731455,-0.6194104613511754,0.7361650113361701,-0.19694657967824122,0.5408804309720683,-0.6313231420614205,0.7011661084866264,-0.14876001982825163,0.5870689536178724,-0.5060912811907657,0.7030323995024589,-0.1890914874041789,0.6091969872374413,-0.5073886201474429,0.7222354718615871,-0.2004533181489695,-0.6681896462560011,-1.7905832893316236,0.6681896462560011,1.7905832893316236,-0.8234180206702661,-0.6656581118464345,-0.7754283236371444,-0.05752269628226302,-0.8660071037665209,-1.4244572828504978,-0.8607103274182166,-1.0189783428175212,-0.861891558832093,-1.7475249121489145,-0.8584167810420502,-1.4371709440157452,-0.9285463340197506,-0.9644332361665678,-0.9801152424535982,-0.5658211962154983,-1.5025253743897415,-1.7212613236690584,1.635887269884987,1.7068410584611864,-1.2260383030262112,good
0.49949831121658894,0.6963241890477055,0.5057833797122628,0.6011703201639159,0.5005963522909443,0.5896024946236859,0.49593308416665854,0.5746331218746588,0.5272589949200512,0.5871449861001159,0.5382652510423596,0.5693740379036213,0.5507222559251048,0.5497703107769272,0.4992870367071606,0.4535678519450745,0.5677149059330411,0.4173126207175189,0.4712635096746153,0.6626910704927287,0.5001012996399054,0.6467058579492994,0.4207068762505443,0.08591754201075319,0.5924671203759332,0.26080673146741856,0.16018328970908027,0.0014835915508399735,0.4562939359898825,0.161046091418239,0.2787878116333297,0.32578315822212084,0.47462164267513024,0.39455290828441375,0.2618518808496822,0.3193108193516812,0.4616306603563385,0.36307809497187776,0.26683190915872734,0.27712087577961564,0.4539805170584794,0.35131843102445726,0.2855057824551065,0.29862613670218285,0.4439563690841843,0.36733139037093165,-1.3409088644546439,-0.9357020799898861,1.3409088644546439,0.9357020799898861,-0.6953973808552025,-0.1087334185644672,-0.5168986929330779,0.2930462150781641,-0.6452892595102085,0.21935943500443758,-0.5241967732125346,0.36585769725538014,-0.5576906595154865,-0.004040888444166841,-0.5137299613975927,0.21750093643305662,-0.5550674554726933,0.6599224063157768,-0.47303160245777964,0.5735098165684931,-0.5738395389639231,-0.4611569723189744,-0.8225122895803008,0.8559510687642011,-0.9564433142857622,excellent
0.012193626811831976,0.764288183801581,0.008265114887684449,0.7395181269475763,0.004501113114250265,0.7540223078798495,0.001078055185530841,0.7702911933825144,0.019857849087631715,0.7032132717100382,0.024011951470345672,0.6887683383440901,0.027880005089718298,0.673353469432587,0.004903768425301519,0.7614511858799639,0.03735339225329015,0.6304019208901844,0.0036668771220841694,0.8349979814522703,0.015135181368238418,0.7671181851654285,-0.04345288900972426,0.9350273872070102,0.0498160964989528,0.6803342480763286,0.137418106385726,1.7287186091191855,0.16911788719957127,1.6295499813175447,0.09286179046929108,0.8148863943623582,0.16391892786052348,0.6247187937456096,0.1142595262770733,0.7928449297995218,0.18412824088550547,0.595406695303604,0.1121772431417003,0.7699462370950272,0.16260714829953068,0.6260341820032732,0.09674691841452981,0.7740074337602724,0.15694174537703515,0.6369441211475633,-0.473485902442653,1.215462470907538,0.473485902442653,-1.215462470907538,-0.00794556599405084,0.7864300887070941,0.0470257256661711,0.3200798546155188,0.16195777945597928,0.9173126271697345,0.10862032066398455,0.5958790811424368,0.1776920619872236,1.019328540203557,0.12773607764909833,0.7353875366086703,0.20200068958545908,0.5430173769990642,0.031881858111167824,0.37162206858376695,0.5262461800588234,0.3933152608976764,1.935515090728013,-0.060912179775888656,0.1963416712122902,poor
0.32569398682633455,0.1560044638645615,0.3164153399825946,0.16843199005349513,0.3141733047359756,0.1846348365914885,0.3117683173330098,0.19957801016198792,0.320650545410313,0.11149805087262843,0.32177270037214173,0.09082530426884182,0.32318325883188964,0.07373766695859144,0.30497660552442096,0.20812972023091209,0.3266410184111834,0.06152734707468942,0.3203169803653942,0.2032675937181918,0.323529547874464,0.12593243366303455,0.2836223002311863,0.3665834600826792,0.3256449542094622,0.12978728471315723,0.6441344202687636,1.534621083498077,0.5589940926566801,1.8770319563441549,0.515292206777759,1.1615676240431532,0.4959663878872349,1.0136156922427155,0.5266789388164832,1.108951986634215,0.49361109364146943,0.9746867198435889,0.5131193817548654,1.0934275196611762,0.48019128070536543,1.0008578062065987,0.49684973528183407,1.0958957068583246,0.482016920238599,1.0040515203365183,-0.023759868991277112,1.5145475541193854,0.023759868991277112,-1.5145475541193854,-0.24355856680738183,0.883221830284835,-0.22463504772149834,0.840966270569556,-0.3011655537230473,0.5720320538633072,-0.30199351172721933,0.34196442436580277,-0.3049194703364662,0.5038256036542553,-0.32103967017465457,0.17896896074801688,-0.34358124792967804,0.4984726392226773,-0.3186439367188275,0.4787025092286958,0.7027049644855878,0.6110548605707988,-0.6579525178588204,-0.1972437417631683,0.5129284904403943,poor
0.4149191396815261,0.36059584288795354,0.41552927518743765,0.34162940564204475,0.4130229648639902,0.3467739884247515,0.4107314719350591,0.35157300725402113,0.4247689580208302,0.309301136417141,0.4282861108053348,0.2920113689467501,0.431074509820527,0.2673743027152207,0.4202978421622305,0.32543100666732805,0.4490278972447084,0.2097770875508961,0.4038395169011884,0.38837394471225495,0.4163059421651283,0.36037840025942275,0.40633350828293757,-0.14022039489622234,0.5140986500142771,0.19578179968811427,0.1898119906955205,-1.417641131104933,0.34087375303244777,-1.536980598070666,0.10928074737565631,-0.7489256522860407,0.4097299181690968,-0.4083579729480921,0.13124643515764284,-0.7284673059791118,0.370539525270492,-0.35610726685339866,0.15851076841616787,-0.6508542380601069,0.3712136999595279,-0.38891139121404655,0.1762781463178991,-0.650085287068305,0.375914524787243,-0.40302832463072014,-0.602156648830359,-1.7555626814452034,0.602156648830359,1.7555626814452034,-0.49199216811570695,-0.7725615560192469,-0.44327011648441333,-0.3471689468664687,-0.49925288384883315,-1.20663294086668,-0.48557161630088147,-0.7601192232728944,-0.49685747242981254,-1.4236106659178343,-0.4811987958417159,-1.085433400431238,-0.5209285055724604,-0.8721833036119048,-0.5342277563037069,-0.5442282020544796,-1.3727103671061684,-1.8524366915964914,1.239563078055203,1.7339455759743758,-1.332627651696676,good
-1.0218810894083017,0.6867050975360492,-1.0113133806203272,0.7056118704336722,-1.0058473138579387,0.702726030288279,-1.0030076470971403,0.6994831377693673,-1.0270977116074276,0.7296079913727966,-1.0294601189001014,0.742584503915408,-1.0324311269110529,0.7569144414964195,-0.9921431719043613,0.7245174503738235,-1.0328661310263152,0.7998326803899749,-1.0035116486628979,0.68106738398736,-1.0107262944075421,0.725962552749086,-0.9600160031670075,0.7154153660378695,-1.0275098148250303,0.7543185459159883,-0.8499105471544448,-0.2570873639088433,-1.0707377591539535,-0.2972503855813372,-0.9249386894861856,-0.9617339314764343,-1.009405552073553,-1.0140518850701317,-0.933751759216942,-0.9459435551676171,-1.005788582047818,-1.0142610898734572,-0.9407698403272805,-0.944155994164306,-1.0044738548749446,-1.0049553039277155,-0.9444305998541512,-0.9440723082388235,-1.004851635762301,-1.0057372069399306,0.8823422076996732,-0.21343389318482428,-0.8823422076996732,0.21343389318482428,0.9444270657382599,-0.9430844834433842,0.9182941992008954,-1.047462371107728,0.9866193700180399,-0.7915455416051927,0.9868572956434022,-0.8168835573712723,0.9832283766359258,-0.6683970790167175,0.9876870452249595,-0.6201162149116571,0.9940386963655324,-0.8809922700296485,1.0041327301966376,-0.8982672029791908,-2.4775866226934378,-2.6794588169992495,-0.6061824694076965,-0.4027170457437693,-1.7460221983620052,excellent
-0.21666303566358325,0.8920432528712993,-0.2149073577984809,0.8364002573770992,-0.21898207043054016,0.8241420614383023,-0.22247254670125688,0.8108603052130628,-0.20056489044405934,0.859875750351868,-0.19415444783867203,0.863681299080376,-0.1866191015900282,0.8664896196504935,-0.22964868190474427,0.7816922680959476,-0.17338048092816138,0.8580245884392739,-0.2234952224789256,0.8941335514489028,-0.20561035054002297,0.9243257080212595,-0.266592629790241,0.5526420242515301,-0.13107605709300515,0.9188674671164413,-0.4108103727044238,-0.980393017780419,-0.19826604439487422,-0.6976220357976892,-0.4659377250989343,-1.009387534634269,-0.2289571385988044,-0.7354878352726476,-0.47911257795176043,-0.9722560076329207,-0.2441178433004775,-0.7157835963597634,-0.4501807995048475,-0.9547868029496481,-0.24542904246864494,-0.734966497694446,-0.42850014935293373,-0.9465486032465721,-0.23543400716826984,-0.7445257828244348,-0.4562471727200761,-1.0399878190051373,0.4562471727200761,1.0399878190051373,0.11984295215997866,-0.9299275498572812,0.21027597655673327,-0.7459553634896041,0.15673463111002414,-0.8194597970742312,0.16846138472152578,-0.7001986047102223,0.15655519550741198,-0.8204959777029002,0.18998267579103165,-0.6959088672141415,0.1890531875434547,-0.5663524251941087,0.20504915162831053,-0.5307332214644994,-2.5813712814992935,-2.570233496911119,-0.8260494287044416,1.2956131691638313,-2.2797374439563054,excellent
1.1661451272863876,0.8783741702093175,1.2115184603660434,0.7665505634511999,1.2116851780169182,0.7430809270045623,1.2133246906870834,0.714728283673882,1.2363066737093764,0.7342069755963366,1.2544931051386223,0.6940446526349677,1.276194309879298,0.646548268649597,1.2568063668868197,0.41430528366480274,1.3427869441261961,0.3158830611248105,1.150774129154037,0.748021772567479,1.1856220105401036,0.7195304506787034,1.216350361714381,-0.3870040384476977,1.2858037005089407,-0.21839795686895674,0.9028357207385505,0.35012854857341025,1.0562105511686366,0.6229335916592149,1.0994674267035383,1.0468170627123188,1.1757759548920572,1.386721726638119,1.0194613491130018,1.049905682850486,1.11224230266413,1.443754108059144,1.012636325807461,1.0028884411073038,1.108093675730525,1.4171279016172278,1.041003994607909,1.0329322808043022,1.1092423152607405,1.393700572349402,-1.1668867425643075,-0.2782231828131226,1.1668867425643075,0.2782231828131226,-1.3770394751050707,1.02472860509074,-1.1106570245958591,1.082802802635743,-1.3179672584371802,1.387114446884708,-1.2066386601127788,1.6099484840122602,-1.2762329776516248,1.0736896207864226,-1.379389783058377,1.4716238302259272,-1.2342567152378672,1.8281456431394658,-1.1193736707345212,1.5577399518810502,-0.42853296021489606,-0.26200874244647665,-0.8102981387974344,0.7099939509706137,-0.7963740380180024,excellent
-0.9789524295043258,0.2640091287448308,-0.9774408224085445,0.30037570791755847,-0.974927451624269,0.29810191664645225,-0.9722761019525324,0.29717068853894396,-0.9867940033275356,0.3376916366770472,-0.9906462707715769,0.3597186577457867,-0.9947632788459677,0.38180826652825195,-0.9665981047804458,0.3574814646273494,-0.9995713927462367,0.4471988286115688,-0.9710841384815587,0.23151889361838973,-0.9830823529446103,0.28595562471150876,-0.9333930607418065,0.39891353092910703,-1.0042192770217875,0.4450661638159724,-0.8833466289112218,-0.0675958769989745,-1.052687340107836,-0.12924522041200165,-0.8790960008689714,-0.7304958952688309,-1.0857149837954008,-0.8512839747528412,-0.8786566591697205,-0.7240929357547006,-1.0803479357382653,-0.8518418785990794,-0.9127743092523004,-0.7342972267928985,-1.0693628970388092,-0.8369637211518721,-0.9144686076015335,-0.739379532745772,-1.0692312788963991,-0.8319926735928682,1.0707798919782012,-0.12355057108939935,-1.0707798919782012,0.12355057108939935,0.8661906451392661,-0.5466231912094768,0.870283437464542,-0.6567236642062882,0.946627708753853,-0.5193024982850863,0.9596190317688549,-0.5912667387516264,0.9456742628332571,-0.3543548483064554,0.960678537472866,-0.3624919532548173,0.9524091425233944,-0.7263439007987095,0.9701211654917367,-0.7917613481594907,0.7341267781041194,0.8019257231390426,-0.7402678001460302,-0.9370113312058163,1.4067174139519298,poor
0.5214550559821677,0.31286591830760513,0.5345684458611641,0.2310243492396072,0.5307603069970231,0.22560943618447124,0.5276530292146866,0.21821319818307156,0.5445727908268352,0.20291732066713306,0.5487502857798977,0.17936040187590022,0.5547149420939119,0.15472183827761601,0.5086801485255495,0.05012945990063765,0.5576092250880549,0.04677202917410752,0.5020761544541574,0.3269990972373592,0.5114538722661909,0.3138381447440936,0.4874989775892914,0.2848941177697252,0.5258927477292195,0.06349661582038581,1.2630695509056447,1.9655478749203827,1.0488270471217551,2.223948897932669,1.4140822863521305,1.5030301349542345,1.2496042480457794,1.3617323813401556,1.3348355747246614,1.4872912660328177,1.2165275032807628,1.354067403137865,1.2584298093594404,1.4357662734374472,1.1787173753117044,1.35557661549198,1.2726648858006295,1.4602168740758692,1.1857377165726595,1.3584620312464672,3.5440188495947402,2.14007744874524,-3.5440188495947402,-2.14007744874524,1.1450872150440563,3.183799960002438,0.21524123348790813,3.0302733996990496,0.32321978576679233,2.1990304014830113,0.18179996957129801,1.9776458236379948,0.3095747442438624,1.7277811729405255,0.25405164926550794,1.7205261963595149,0.1903573101748801,1.2990343059482363,-0.024128923697138913,1.2463671185879766,0.6623570263671804,0.5427141473152775,1.872109020852769,-0.1446487811808835,0.22470603720320362,poor
-0.963899232070999,0.28402913701042687,-0.9645404621763168,0.3264063658335024,-0.9625547676688461,0.32356658979469066,-0.960533014095211,0.3109484399812278,-0.9745924667869361,0.34632831187361074,-0.9807269815654324,0.3834595240830423,-0.9851809222806004,0.40372520116919136,-0.9586930251739845,0.3741497663585653,-0.995093102343385,0.4784332629940333,-0.9573520997256624,0.25382697529633463,-0.9705024335100727,0.32511232393963946,-0.9345283364992075,0.44658221116188196,-1.0058352447446264,0.52479567380372,-0.8570983128200248,-0.10874418795909549,-1.0606449390530568,-0.0745017884509341,-0.8830890421268854,-0.8103047901666058,-1.040913093572434,-0.8968259409106912,-0.89820906461314,-0.807302574787505,-1.0277003413645218,-0.9004958329118706,-0.9145378309181614,-0.8195779266628261,-1.0202154869503273,-0.8973689866414374,-0.9128479016220273,-0.8179972786553898,-1.0242708330128807,-0.8956727564222132,0.6717078668398381,-0.27806111626515406,-0.6717078668398381,0.27806111626515406,0.8781349978929904,-0.7520373524388877,0.8996936200998877,-0.8597709508739124,0.9506382925025132,-0.5596948722678192,0.9691737225455928,-0.6340289796645426,0.9489238515775881,-0.3945352707252755,0.9688119222607356,-0.4038884346777088,0.9612532668215734,-0.7453326150289546,0.9760217943054587,-0.8037118244256769,0.4286951558015823,0.4981936127597468,-0.9075983634941874,-0.8936194232658247,1.42793578475656,poor
0.48442187019155103,-0.6123664249377858,0.47435401159936835,-0.5748844526885909,0.47298200008927466,-0.5699759685293454,0.4713412524783891,-0.5555163460865516,0.4760455584289363,-0.5820969633677403,0.47535768647868937,-0.593183441536425,0.47430208808165325,-0.6025878414639436,0.46796850591502104,-0.5371921935440614,0.4734381396057112,-0.6160505462711909,0.4895702893634619,-0.6228131150194517,0.49035712484336713,-0.642278006072566,0.4370607699312451,-0.5473240117839916,0.4915400826662396,-0.7313136657994396,0.4657290589911445,-0.2949128649626299,0.5706411029529825,-0.47725125691374676,0.6202444567295402,0.31664448416321134,0.6272754128687281,0.22457469478921144,0.582960752472375,0.2967196649668358,0.5929046777064166,0.23435517802875233,0.5680346545352044,0.2947912919514316,0.5863542149605211,0.25035220621117704,0.5842898044234668,0.33221211626513164,0.5885976515804576,0.25294756196767226,-0.810638808413052,0.5008010713442275,0.810638808413052,-0.5008010713442275,-0.5170177158283512,0.040136812922267256,-0.4918448708354133,-0.011606332570687161,-0.5576317523372097,0.18486763265351452,-0.5682876610123906,0.1976553784256815,-0.5557169450967036,0.11384954998885141,-0.5940420514775956,0.016048543383180812,-0.626457940598658,0.2174342221531791,-0.6101353994989078,0.40633848631342373,-0.002062570784654653,0.20380029850436768,1.1671429152427684,0.12860790065453812,0.21525523248068545,good
-0.16949927294666586,0.9840974895781903,-0.16721433049278173,0.937980103584251,-0.17063786388510854,0.9274864729178386,-0.173651501165509,0.9157097998478696,-0.152293532301826,0.9535062026810457,-0.1449194279210534,0.9530418104851812,-0.13668080257918538,0.9513498366053001,-0.17470491909893957,0.8609274549425732,-0.1171706104433375,0.9240517569975887,-0.17246719589288062,0.9846771219516277,-0.1543111915477677,1.0028613999318208,-0.18744642196567002,0.5647604551389227,-0.06123008476000043,0.9297690174676844,-0.3537302605052941,-0.8713588009990786,-0.16242374531461148,-0.6353886656660234,-0.4506845857914512,-0.9250768129726346,-0.20803241549620505,-0.6612340237903448,-0.43882271597514966,-0.9145900029862979,-0.21200894104793264,-0.6499781562739326,-0.4184840612236567,-0.9041011482744636,-0.2082345804004455,-0.6785511045049627,-0.3957300705905612,-0.8893514103233684,-0.20157687014064,-0.6880987480336747,-0.43494572550807237,-1.045776798670023,0.43494572550807237,1.045776798670023,0.049256457147546694,-0.90477351276638,0.1521423343696823,-0.6705736144351097,0.06363525272962733,-0.8352321548383675,0.1010102987904502,-0.6219383737699211,0.06850160119885079,-0.8725833867495391,0.11074665624693367,-0.6348160039858377,0.12762855593645792,-0.48987088982082055,0.17336925505569345,-0.45239894888128623,-2.2734658976055315,-2.4034344809119386,-0.9305084629891587,1.6252795444131636,-2.2014932387608517,excellent
0.1354545741965147,0.5189138361155199,0.12958934727739516,0.4541580297524216,0.12468615640892557,0.4420070883392042,0.11960980663221824,0.42867455154980266,0.1447046684496899,0.45395062423067745,0.15176730377367606,0.44614369294393863,0.15982736114253715,0.440867228835198,0.10463938592555562,0.36188225047536826,0.16637475932726303,0.3826823726461451,0.11779211284838342,0.48617203743046045,0.1337213364049849,0.4920542214255342,0.029575577337980764,0.5107906563479963,0.13961538344744961,0.2878681653042073,0.4032860057795813,1.676543407331454,0.4292969310699775,1.7704323223850824,0.3702970639857241,1.0129308388989346,0.38158323281969986,0.6991262351396431,0.3439170626389361,0.9767827834587424,0.34978380378645013,0.6506592742202504,0.33423927918476587,0.943337126571443,0.3236157371883633,0.6839984199288122,0.33367507431477955,0.9639214245212835,0.32427738576753123,0.6733472442906908,0.5724214914186981,2.026700585717401,-0.5724214914186981,-2.026700585717401,0.5428647751792355,2.002629589024323,0.05905785005165912,1.0384203017946352,0.23477440264456068,1.6958624662891397,-0.007264110947190434,1.1937106809439106,0.18876001684578322,1.6622979934298228,0.011406602560974808,1.1875023564290004,0.08590762082205347,1.2252017664042885,-0.041105970602439236,0.9505702544961718,0.7683928262924029,0.6745308255122767,1.1293113879995422,-0.9338823669210093,0.02047950455440658,excellent
0.09766026388592325,0.013661278333055435,0.09240268901787353,0.052640856431843644,0.08973167586852814,0.0665357769719882,0.08687052700866693,0.0796069919637956,0.09867868292297946,0.022211186802389767,0.10024454715209104,0.01287225510361374,0.10061724867117314,-0.0033364700817523365,0.08200206936658191,0.11014699514360794,0.10152873384726668,-0.021315934948106238,0.09110679400612208,0.03339572087377823,0.09565133801205702,-0.005054989852765309,0.05205082358554873,0.17403674183653559,0.10647817840812021,-0.06215873610648359,0.06355833304116704,0.6483390755606652,0.1923825352444867,0.5028563739607896,0.059375294289214585,0.40349004949575523,0.16929552386498598,0.33423218284914286,0.08128855555154627,0.3826154912919591,0.184101863971409,0.3323112783791507,0.10222428051722404,0.39348186627037707,0.1670195093036528,0.3196753006125082,0.09096736890777908,0.40028296836706195,0.15375197900799517,0.32326030785184,-0.19674425172814913,1.1425569620732885,0.19674425172814913,-1.1425569620732885,-0.12039992518808959,0.6758118462815607,-0.07529356599811518,0.28608316991659444,-0.025365056616529658,-0.16705311186883168,-0.03816985157244438,-0.010993577902681368,-0.005496976830315448,-0.2619978551205702,-0.03071759007861911,0.03056070097007824,-0.07629964299655027,-0.32856066462279276,-0.07580589316486196,-0.0406091069055305,0.28212536823762074,0.40607505037892716,-0.014007854559932732,0.3979777858449396,0.3077413299891261,poor
0.8655811444128432,0.06772654526723618,0.8850991929936521,0.02576173980766467,0.8847597143081424,0.03610613901021147,0.885954059618647,0.04248416749427717,0.8970382313585901,-0.05844820382148629,0.9035331236306916,-0.10803966163479203,0.9106585759111331,-0.16544790030824644,0.910890395320159,-0.06044173771047365,0.9294826333697853,-0.2987666616540597,0.8510736253184383,0.07617130583473718,0.8576001089884625,-0.06654242430488908,0.806851993259006,-0.07449132076220662,0.9022380608217387,-0.15715493578319428,0.4544801218528832,0.9214405506729091,0.6594361397736349,0.9288537955545035,0.5891732312570014,1.177285703721227,0.6660639100938217,1.1449156266311844,0.5638120923278875,1.1467027551619768,0.6669110872553065,1.1557782421357257,0.5837054773167579,1.1144798317002635,0.6861961335764027,1.144473452404632,0.5847754415177756,1.1035657561040495,0.692021718455911,1.1298457714253898,-1.3870027511215253,0.8516508230858504,1.3870027511215253,-0.8516508230858504,-1.1026557710642422,0.9715599305667052,-0.8576442902513071,0.8937462669363926,-1.093368825907826,1.4713613490341335,-1.029433203701633,1.6025068867769727,-1.048873712630712,1.3976850323105352,-0.9751024558722227,1.4626549281325039,-0.9820754148790517,1.856450752198528,-0.9075183936938245,1.5570588564748107,-0.23000188497880758,-0.05011508201560424,-0.6608843316602704,0.9804447933619328,-0.6064514973643949,excellent
-0.22171055541955179,0.5855603808223045,-0.22416544938274433,0.600180757595404,-0.22820726060238175,0.6051014330580117,-0.2323209418504097,0.6092438236878082,-0.21074293746322542,0.5830070450150525,-0.20562173525713776,0.5711809022396271,-0.20087320510459594,0.5672650627791539,-0.23688270912524528,0.5956855697095639,-0.19339329213656267,0.552474798190456,-0.23155187026593552,0.5927701568929139,-0.21960552770523412,0.5756317083911284,-0.2684720239646844,0.8300059563279547,-0.18292435344263075,0.5663159837687559,-0.03195412385312698,1.3675900526831237,0.04007557317509999,1.411573446918668,-0.032899041283850676,0.4362419929475994,0.0228623249335824,0.2315773858047495,-0.004450083414083441,0.4201430349244282,0.01933667822202322,0.18734587705107456,-0.017400083100929917,0.39079693980215136,-0.00529204443870659,0.20806995559662528,-0.03219321993602566,0.38091958685946636,-0.010004773429306005,0.22256014580806338,0.35575424435112396,1.426526178508904,-0.35575424435112396,-1.426526178508904,0.38208490808439854,0.9246452979271229,0.3047440011029683,0.5090429927214681,0.3814322526957161,1.0333366070540455,0.4515705615092342,0.20687890869365747,0.3908526357153234,1.1377431136056668,0.48815563649982546,0.2535277038377063,0.3368578517310898,0.6615472949731095,0.381049360521435,-0.08897695550080337,0.6995561836167279,0.645127065280157,2.0788798673224194,-1.0399835466291483,0.3977675928525142,poor
0.8560610878405472,-1.1961077258574975,0.8329776377448626,-1.1594113885304451,0.8284134643539235,-1.1586125081353311,0.8235434838320481,-1.158027988178497,0.8414486798793802,-1.1441617251796676,0.8444278065486368,-1.1331361259799573,0.8477880441238073,-1.1236815914550444,0.8050192966116765,-1.1367346506119467,0.8412331259610432,-1.0950749338624883,0.8557597382356334,-1.223446525264468,0.8624007073154251,-1.1944179973399742,0.7565318042889514,-1.1097336071429007,0.8632636309839478,-1.1421815938826554,0.9166504711352396,-0.07178745787280351,0.9851683105800465,-0.18297636928228256,1.0844512852444894,0.936617975197098,0.9991045135345795,0.8016814374284037,1.0710377076621727,0.8700582597156393,0.9798545737091537,0.7932674425925805,1.0617767651793746,0.8801890774353143,0.9683282469237947,0.7976267597477904,1.0488237536443454,0.917454399344588,0.9666949827174008,0.802464468622745,-1.3536828631784594,0.036660830094907955,1.3536828631784594,-0.036660830094907955,-0.8997390541329785,0.7090408486058948,-0.7896103437429087,0.7384886612010836,-1.0018970661128606,0.8526600263727029,-0.9801127902165417,1.1409319141303955,-1.03142263870773,0.8410539664735704,-1.051360536840268,1.043792774010612,-1.000197601902265,0.9517310316854273,-0.944237407076893,1.26195455836025,0.2520977630795825,0.3332374569777442,0.9107993388646811,0.04209490523456977,0.5335598275210467,good
1.1557914482837062,-0.9390797507027225,1.163150359265936,-0.9910230071109201,1.1630797916079,-0.9897039826111732,1.1626576404836373,-0.9913721701350161,1.1610323918325816,-1.0348688773730848,1.1592113046117345,-1.059638471868033,1.1563981722750438,-1.0921786800042748,1.1625716360898157,-1.0775463498833975,1.150551994171885,-1.1838795112903429,1.1543481973678529,-0.9612413478358683,1.1580724435320002,-1.0503698772124361,1.1705813348908793,-1.1733524533858533,1.1661685062785516,-1.2982051324705912,1.2568405555973667,0.016571568510641208,1.1880259587694555,-0.3034445295894028,1.4194612710830143,1.2232497698212514,1.1810824432016531,1.121421825579337,1.454142648833724,1.2802693136410348,1.1581562728434283,1.1167930696461468,1.418447870657464,1.2627562155983278,1.1637588212902876,1.1508512439960537,1.3990689128269747,1.255250844761589,1.1762966978688667,1.1533309301799275,-1.415809649567033,-0.6048574297114347,1.415809649567033,0.6048574297114347,-1.1056558476617817,0.5910066933615519,-1.048610627620134,0.9612215580733514,-1.2120169361190403,0.4500584978447887,-1.1636115996313239,0.11091970190407494,-1.2331122609140586,0.2929323112792736,-1.20318729051858,-0.2932963846953906,-1.1506704552975395,0.4663357866136838,-1.1404498884855145,0.45264821470799455,0.09728129069374265,0.22756862371052713,1.1821058420242976,0.43333477231137163,0.21603678212982919,poor
-0.5256141522364529,0.1764271955587242,-0.5290130837111751,0.21068179202195186,-0.5321409238583775,0.21497002567844217,-0.535389550023792,0.22066080618715037,-0.5256583345456555,0.23000701372541213,-0.5278195735315057,0.24549876132121604,-0.5314434924900902,0.2621752906640129,-0.5485657119772639,0.2852504521565911,-0.5452695068868736,0.33734184442207993,-0.5295371099356541,0.17617895603184933,-0.5294978170644477,0.20652824912054923,-0.4947551433662017,0.5135824408946346,-0.5827730333620592,0.39011260465668823,-0.43552594127906996,0.5755307084230527,-0.4362113577928541,0.4693755124527396,-0.3398228701893898,-0.2271738213169002,-0.32807781874013814,-0.35018591017466066,-0.29280976015095894,-0.19330358481459117,-0.3400581731629085,-0.3388563489552679,-0.3328903334630133,-0.21540217379929505,-0.3529551984934628,-0.3367151092364727,-0.3329031051395303,-0.21936828109452514,-0.3539810110615911,-0.3368408222081554,1.7262364308776432,0.4986555076758147,-1.7262364308776432,-0.4986555076758147,1.0510913720349946,0.3708987132123495,0.9811754311488093,0.3244961406471586,0.788838498498538,0.3753640762739188,0.800641047674424,0.19189943559491152,0.7742372658608463,0.3364913501875893,0.7900497143221429,0.24017589607656148,0.7259149702066998,0.014687788092391933,0.7416615368689427,-0.14520856893956036,0.386643313458972,0.5023970555204783,1.6830605603173179,-0.47893034000631995,0.5393672433907658,good
-0.9738569832798822,0.3222405591192437,-0.9733161977744745,0.38473999346122534,-0.9701761801565636,0.37495323507958495,-0.96771665632333,0.3688569158205234,-0.9847606241397974,0.42380262441860767,-0.988494569628283,0.4426208711116201,-0.9925432369585611,0.45592073701358105,-0.9652611974669059,0.407902059371183,-1.0005805365632203,0.5052018333382988,-0.9654407462257084,0.29470566522653985,-0.9787449340837536,0.36074635457017656,-0.9307289096130081,0.4640779778948461,-1.002605158004805,0.5358082881900931,-0.9236231429165063,-0.007577495334794235,-1.0227206745348592,-0.010202743469920034,-0.8871643138806712,-0.7551524817057731,-1.0406205739171372,-0.8532016272424505,-0.8952426608663249,-0.7596336117426881,-1.0338326599953762,-0.8619476661224478,-0.9123534847196304,-0.7653912763665557,-1.0286778458874244,-0.8509599830045883,-0.9117004383500511,-0.7637468638013973,-1.029626978746652,-0.8484524281902945,0.6263645496524408,-0.22204776871215462,-0.6263645496524408,0.22204776871215462,0.8744824659913939,-0.7206447763324477,0.8962946626844891,-0.8148560767801898,0.9488441388729647,-0.4770342531300407,0.9687668081708484,-0.56915561300358,0.9442786181826831,-0.308515666586093,0.9682727969194568,-0.33247718660880804,0.9606049577339596,-0.6901626942853466,0.9766472296646717,-0.7502307805428956,0.9844001576122386,0.8479188566400132,-0.9399342183593107,-1.063160586312337,1.6825648994840567,poor
-1.0257400832315575,0.17140680515793774,-1.026826488854016,0.21543266553202553,-1.0230346924587201,0.20841743938641413,-1.012513663992391,0.20385521586931124,-1.031584134403752,0.2597913052109423,-1.0325335291280924,0.28564750958452645,-1.03393738187399,0.3134800076121709,-0.9967741335350422,0.25852592384612877,-1.029910635488279,0.40732916030074295,-1.0003436097019764,0.1491389599735818,-1.0218020280394848,0.2261940852969505,-0.9452725004110544,0.4211600391261198,-1.0151522826206594,0.4849951773220854,-0.9958513653299677,0.04386629070146192,-1.0111335007759141,0.03619169120523829,-0.9868498274943666,-0.7081419147761508,-1.0200650541276934,-0.8115112501463778,-0.9769999252429525,-0.7068799638794917,-1.0229254607468965,-0.8294098060285924,-0.9901628801685792,-0.7191686358198925,-1.0134791256117022,-0.813074310023457,-0.9944349661746713,-0.7256712921000217,-1.0124142993644083,-0.8094661795216852,0.6868705802146238,-0.1378285220665492,-0.6868705802146238,0.1378285220665492,0.8913308224264135,-0.6974421630364712,0.9030118165277918,-0.7601601269187843,0.9615397537682254,-0.44165247070472935,0.9745799872974115,-0.5294144086900289,0.958423648108662,-0.2842793065940565,0.9735702715943068,-0.3059269047133173,0.9657726632120701,-0.6522812826031122,0.9834813383732576,-0.7214107744728373,1.0326820587551835,0.9420329453519956,-0.9162401429907392,-1.114597489162169,0.8760342961445172,excellent
-0.5703067215516014,0.16622663734304696,-0.5838331190985874,0.20105588941198305,-0.5886894950662271,0.19758852876500765,-0.5936382171105539,0.19514222841691414,-0.5751008525406065,0.22944368091007925,-0.5739285212699082,0.2452686406666018,-0.5730636355530069,0.2598381093033812,-0.6173286495421789,0.2461646794963517,-0.5852406736203524,0.3183909815516057,-0.5818854277692584,0.156236574028594,-0.5731541008995731,0.19998672319191935,-0.6120484120575466,0.4956782590331706,-0.6565903859430167,0.32670851974621995,-0.5151695944248618,0.37513898364776915,-0.6692489132145953,0.15687711279329108,-0.4298327307068409,-0.4540960063388227,-0.6282404345568975,-0.5266657061998096,-0.41743429154660455,-0.4552826224753519,-0.6073933730209059,-0.5123682674282034,-0.4286376283415383,-0.46575179214360424,-0.6200632029340584,-0.5068918189999473,-0.43584650909713113,-0.46232374669095777,-0.6195502248461175,-0.5120037756847496,0.8475483201360579,0.34721916061405644,-0.8475483201360579,-0.34721916061405644,0.991124881010396,0.01768838272952043,1.0254495574203206,-0.15790375390263475,0.7799888227454702,-0.07196220041934334,0.8264408908146282,-0.187469935822353,0.7631685961043547,-0.00951233808936971,0.8020093612767857,-0.08032165096352384,0.7383090029964148,-0.2548437178308471,0.7870346492689863,-0.3844237675414826,0.5567291572568495,0.36509366960557427,0.25784363239804997,-1.0946571220440222,0.43670904862009763,good
1.6696465426443814,-3.122668277803469,1.6595159052264228,-3.089399980873217,1.6720107326712808,-3.0744302347537,1.6846424539806502,-3.051570183707799,1.6080245227614833,-3.118970012479965,1.5824092704849582,-3.1228307841983063,1.5480463959678814,-3.131043994062711,1.696981931108444,-2.952265227097553,1.50350894805628,-3.0314307177412707,1.7104870454392727,-3.017426049805221,1.629118425159384,-3.082498367049486,1.7114714140698393,-2.718532986218213,1.4942246752573414,-2.851829590902414,1.3464126088387665,-1.707209657351049,1.3023121978968248,-1.189838567475373,1.0683629624831725,0.8047283487827678,1.3382731532027838,1.454866437379351,1.16270687324635,0.9952342697531378,1.4031263612357636,1.535287133691008,1.3284945127904932,1.0729136312536698,1.4586098829726244,1.4727077896769603,1.2234696774651863,0.9611300947480896,1.4562807954376904,1.4486694392604085,-0.26185794603402723,0.32138127050775994,0.26185794603402723,-0.32138127050775994,-1.8119111401115304,1.2338085290381746,-2.1396158209882095,1.5169547010411522,-1.6911645522950984,0.9189793732411031,-1.6753378602945268,0.9400347665390222,-1.6702612663926204,0.8077549589216516,-1.648315396516784,0.6955967228470006,-1.6898625578892645,1.0030205133600145,-1.6902355792876675,0.856207404471458,0.14551106435812677,0.27359924826418264,1.628926586398318,1.1007347955116513,-0.0491739790069932,poor
-1.0230777254816348,0.680354578697882,-1.0118373661275095,0.7000723795272229,-1.0091082904588893,0.6968525560431336,-1.0051256979974674,0.6932516824772547,-1.0288435437673682,0.7282171834083113,-1.0314919475133306,0.7416298546529582,-1.034374306966117,0.755712107173725,-0.9899623330387392,0.7183708802000064,-1.0347914466570163,0.7914426818668076,-1.0044862979222018,0.6863156386277828,-1.022954662235985,0.7249065319635355,-0.9675899616885131,0.7220793468234283,-1.0330513461674293,0.7442157286957474,-0.888491939125767,-0.29034192167462397,-1.079571859528657,-0.3250656344256427,-0.9568590718078209,-0.9847256790617763,-1.024636111438265,-1.0303158714472829,-0.9559915015498246,-0.9731650943201575,-1.021920703694761,-1.0303614316170497,-0.9592485947154672,-0.9655063572478811,-1.0203463908772237,-1.0172507176781576,-0.9664435338515958,-0.9675749580334921,-1.018910359557757,-1.0181299280711493,0.9194296649927516,-0.15850082522279318,-0.9194296649927516,0.15850082522279318,0.9374174770363816,-1.0000477138846184,0.8988702497097656,-1.1176265776283931,0.9840893787284571,-0.8259726990661144,0.9735050131954294,-0.8836199849548731,0.9812556479363711,-0.7127193927493011,0.9732597941144019,-0.6886104782824924,0.9896198737950944,-0.9074158439926884,0.9898135653872425,-0.9372033782592079,-2.8329423329535306,-2.71307488786143,-0.5652903456835153,-0.6446395291475719,-1.8196794929493707,excellent
0.9068232254372306,-0.4385590041522679,0.910217608453828,-0.5056533469624599,0.9053069631386814,-0.5210937509021487,0.899741774797073,-0.5369809779354231,0.9267701691058002,-0.4886808989290264,0.9348287063139276,-0.48756374160823573,0.9430211134288146,-0.48607760390323,0.8763262094230378,-0.65821519286642,0.9464151766065405,-0.5564639183407485,0.8862091654250968,-0.5102031003740991,0.9121898585218688,-0.48701143296994054,0.7361983299008621,-0.7620867260340067,0.861576745118327,-0.5363678575104692,0.912577538315002,0.967719042079042,1.0899625453680157,1.3597095697583614,0.770937924977407,1.7579702329597773,0.8715016626348571,1.4481391658155034,0.7431256251964012,1.67245841082165,0.8601467242876251,1.4057210831807905,0.7284575172036222,1.6435873782701589,0.8292620650420096,1.446026057086736,0.7076247348770454,1.6885610423668065,0.8172470806719122,1.465999555145989,-1.7009466461540237,-0.9707377160123393,1.7009466461540237,0.9707377160123393,-1.0535155586939215,0.9119666292777187,-0.8371880084562043,1.1241985143400164,-1.1326685756654626,1.993291711321714,-1.0274104754046407,2.1661886892778925,-1.0810128122407447,2.0237197333040524,-0.9653269203429573,2.179638406335926,-0.9721449087649311,1.9818346944772516,-0.8978512654489853,1.7132687084134028,0.5535149350808444,0.6115277526125535,-0.7714171814969323,0.2565816100474822,0.006818968849301643,excellent
1.9559971851302946,-4.0733648298230865,1.920294186260154,-4.0322608336147665,1.9299007681947917,-4.043589846427837,1.9380265121393605,-4.049778118263791,1.8732127630753428,-3.935131410848433,1.845641647490494,-3.880408711742204,1.814350798477811,-3.8238742388749762,1.9097548844282755,-3.9420087687760113,1.7442014043257437,-3.647707263716843,2.01805660542048,-4.054258315235143,1.9437793820218454,-3.955349113174202,1.9106143845753782,-3.7699257170914704,1.8814269462818969,-3.4420930235723843,1.6905144056707673,-2.9654336585908223,1.8020965750278997,-2.1737065636385453,1.5454998831201516,0.25400397368432004,1.8095156848861105,1.1928707026146863,1.460801864452533,0.3429142907777473,1.8382861020674859,1.2609312031597635,1.498482771230826,0.4758378055191166,1.8854503363955095,1.1832841805426724,1.4893435332810465,0.31852031426060956,1.8964021009989684,1.153155409033965,-1.1091438989215054,-1.2591666786942712,1.1091438989215054,1.2591666786942712,-2.149590901097306,1.1570426383296903,-2.3315891344353243,1.3721053736757542,-1.6830034915548253,-1.6788867651089179,-1.640849440206822,-2.4450599102801256,-1.5460125131792506,-2.209406857063642,-1.4907071875148659,-3.3575435582278605,-1.8485120400759993,-1.7583535132939538,-1.8195247029319033,-2.160634099085104,0.1494970636821236,0.2635515179678394,3.9045748217522847,0.9258769890280091,0.050472854269873364,poor
0.21778350453072873,0.3822515663005233,0.21205164625487033,0.353987421923128,0.20836555623367456,0.35658202425697966,0.2047679296474111,0.35906888828723005,0.22199238392750484,0.3317422466840222,0.22540502299442927,0.3157544569695258,0.22878610399630042,0.29285547007218377,0.20231719177336924,0.3223334474442509,0.23181699930747773,0.21340826092437767,0.2092189084641131,0.3843110632163233,0.2200437354073722,0.36164957339015286,0.16255390834768566,0.37454336142133043,0.23547849860665007,0.1445874898731612,0.21463946484624474,1.0587557145252833,0.32699423107045206,0.9852927744991552,0.2404846050287905,0.7689654347435091,0.30989259116411055,0.6463317483805917,0.2640578203787222,0.7412369862006378,0.3316811591558731,0.6399174820936921,0.2704426005192846,0.7433696965952626,0.3145652143025502,0.6313042711095918,0.2547345245630578,0.7501367205250341,0.29734845968676077,0.6366068149530318,-0.32006627720598085,1.974185945897416,0.32006627720598085,-1.974185945897416,-0.10993771977298925,1.2197636121636273,-0.15674240561232328,0.7305695012983435,-0.029907545816477338,-0.09389546280097415,-0.04251977269852859,-0.3541035410832219,0.009195145520423654,-0.2967604985234834,-0.0010173487352978816,-0.48278015201582086,-0.1172735200269769,-0.3510854744052642,-0.11896072645187879,-0.3656312448140187,0.24144626833478042,0.36612910711788876,-0.5181954728065138,0.2859100323396207,0.2654236584200788,poor
-0.981905050362368,0.34961130284484776,-0.9808024830602882,0.3745438518808568,-0.9784984806994176,0.3720837057450704,-0.975979937454431,0.3711451345042316,-0.9912334631934164,0.4137023160581072,-0.9943113050474937,0.4353481866717118,-0.9971785858960927,0.4577366566193032,-0.9701387330654856,0.42309768760041094,-1.0022629141041413,0.5029297029946311,-0.9733585676303071,0.29464425495724117,-0.9857450109440873,0.34688355939851884,-0.9339916541907676,0.4410893368328469,-1.0044663147983492,0.48105104140573296,-0.899215920398254,0.001511155620391195,-1.051684218258437,-0.04934488479130921,-0.8901022727742084,-0.7136109509270416,-1.0823862654545608,-0.8273099926906842,-0.8864850208991011,-0.7114383251873141,-1.072846187082284,-0.8373283054027787,-0.9186727002615169,-0.7209488882922048,-1.061073293884065,-0.8263487097674075,-0.9219407364685216,-0.7244461816385529,-1.0637814431235073,-0.8209231864716263,1.0118474125622803,-0.09145884594982505,-1.0118474125622803,0.09145884594982505,0.8634992012020805,-0.5238275904545077,0.8769765176070602,-0.6361799397537627,0.9453057300231819,-0.4332677749502158,0.9578532710203601,-0.5719799514594403,0.9457804705766008,-0.2654113715679024,0.9570720685968481,-0.34548843522564354,0.9527936231574146,-0.6950810311957074,0.9705826282140214,-0.7639070772512544,0.796833820746551,0.8082763078214785,-0.7080800202378736,-0.8678304577869419,1.5742840316632765,poor
-1.0217797424032975,0.7035049453137406,-1.0132959970801423,0.7233878817609144,-1.0100251853989648,0.7184854094570567,-1.0084989293119044,0.7145278675968213,-1.02694162477934,0.7528171628699084,-1.0286969177535215,0.7660359942841367,-1.0305753288235469,0.7790003011364935,-1.0019243707868848,0.733778032352564,-1.034172777567384,0.8154301368148247,-1.001851303341756,0.7011053223131883,-1.017933501126136,0.7521584390372834,-0.965299026751458,0.7336948107116131,-1.0314449953842109,0.760524006716777,-0.8771366006029991,-0.2669790364487394,-1.0848356845006213,-0.3255277496956309,-0.9390032581452873,-0.9691350463365814,-1.0152385140295879,-1.0225851543743507,-0.9480210877670957,-0.9545731547509275,-1.0116644862762383,-1.0216004970494588,-0.9524075342321991,-0.950337955153877,-1.0127275654095407,-1.012035430304056,-0.9561212438097154,-0.9511093550829368,-1.0123914989991372,-1.0124292900982124,0.8787617084518099,-0.1771760749967827,-0.8787617084518099,0.1771760749967827,0.9499174708080754,-0.9722851647239318,0.9062925789919136,-1.0523450237239,0.9938574895932506,-0.7965655191800233,0.977543084172053,-0.8148235448855538,0.9898488599005544,-0.6697033987162025,0.9789065060929629,-0.59506655247224,0.999922265227965,-0.8958351153092574,0.9948991192732629,-0.8871714957611138,-2.7313841131963774,-2.890068185148379,-0.7092292985661145,-0.4467573342843831,-1.8228272048279917,excellent
-0.9706346458273831,0.2115964337869995,-0.9709934989271509,0.2515086863688508,-0.9691577126148113,0.24288068042039115,-0.9673193897036034,0.2389195136220035,-0.9810946258134486,0.28858947214476044,-0.9852323617976654,0.3099435994881215,-0.988951398323553,0.3338848985237791,-0.9654549513743858,0.29086801431971676,-0.996600913682986,0.3977117113945522,-0.9634211565395704,0.17735364818116406,-0.9765094737040513,0.24861421208709808,-0.9320186665967036,0.3445772985403824,-1.0036702078668842,0.41125267438730817,-0.9374520883301307,-0.10200333481933192,-1.0331594875829342,-0.13207401757358742,-0.9297127964767283,-0.8059473354490806,-1.0415664897861665,-0.9058432265321892,-0.9328215353647871,-0.8119080241703959,-1.032322783018456,-0.9104752415443534,-0.9467369302661379,-0.8268701889633814,-1.0227374112620686,-0.9045410053663249,-0.9493249251713008,-0.8266742196154305,-1.0233686880851245,-0.9023490267951779,0.9274158507046291,-0.1594400592371981,-0.9274158507046291,0.1594400592371981,0.8852383238669949,-0.7894297796258808,0.8802127305663742,-0.9020301587451349,0.9551129274971297,-0.5750077431224752,0.957344467086424,-0.6962551527599029,0.9528235274693845,-0.39448938784883997,0.9570739693389535,-0.46957425017699883,0.9615124173766342,-0.7784171662719691,0.9650099167798838,-0.8300293331861348,0.9323766185229395,0.7962065984080157,-0.8123933001874236,-1.0055757878122678,1.0391689412078817,good
-0.2490567352227152,0.8631704875657098,-0.24925610113517987,0.800290415355893,-0.25337267720422973,0.7876111336399857,-0.25690347647950973,0.7798236892437893,-0.2345645756641615,0.8308723313073737,-0.22808268295382053,0.8371747751759699,-0.22060416008171166,0.8475896217897687,-0.2636660618367127,0.7698306640823837,-0.20750305213958128,0.8400448842150099,-0.2575250998984395,0.8481667449291792,-0.23933219439075332,0.8984274324859056,-0.3015871130494749,0.5189509620015843,-0.16437735038131446,0.888160218495577,-0.48611125896405344,-1.0014412768733236,-0.2399402432305114,-0.6725655560020918,-0.5601524873727861,-1.010112302993192,-0.29615392471864654,-0.7509679707585329,-0.5559231558937388,-0.978835539481262,-0.302184327723339,-0.7538901632109851,-0.5163530541612948,-0.9644593086402187,-0.30460191692852945,-0.7680309334263009,-0.5107301102137938,-0.9544833624018,-0.29828031809930466,-0.7707922294645646,-0.5974409664925504,-0.9789795572792993,0.5974409664925504,0.9789795572792993,0.11239552683400669,-0.9461451961275696,0.22738226366845446,-0.7582359818517285,0.14645647406670087,-0.8436384008569704,0.18386542199147438,-0.7263685920132944,0.15134928447145343,-0.8521010567587973,0.1944496359937796,-0.7414092617330217,0.17216898973429745,-0.6393741411918418,0.21646266143594425,-0.602583077537565,-2.4497125462081843,-2.4423823077865214,-0.632844484145843,1.6116804054338765,-2.2192978700185977,excellent
0.5099915026285096,-0.5547123790075013,0.513111771038474,-0.5235499619140267,0.5140846036616995,-0.5096453164044588,0.5149454155929366,-0.49549834967158546,0.5109503005773911,-0.5565553719192531,0.5100368915724283,-0.5676707022059212,0.5074196262011915,-0.5784788467713167,0.5124769093697589,-0.4785274212841587,0.4988424448138929,-0.6009226759841743,0.5177303156694818,-0.5433208253303318,0.510373838103878,-0.6008926840086805,0.4885763052055812,-0.498053419769166,0.5312213964115788,-0.6872654837076274,0.3325903138202791,-0.28111871157968565,0.5703286972365873,-0.49221497178367246,0.5517454547195868,0.22632969593018734,0.6200284272999581,0.26539925003011317,0.5373740197067607,0.2038015163332023,0.6264225402023791,0.28316393206186447,0.5432568131121441,0.23169102256250088,0.618266977013535,0.26339735300447015,0.5451166280084817,0.2122173879776796,0.6163164188039982,0.2632134593803591,-0.7578567191068442,1.274083843307044,0.7578567191068442,-1.274083843307044,-0.5529103046383217,0.3631551216244847,-0.5046678375854012,0.1177812643422086,-0.6255805649280327,0.006386881929041973,-0.5966046548844913,0.07856036861673749,-0.631479419110129,-0.090782728153004,-0.6309568022409614,-0.08745377101873109,-0.6880616892737728,0.12363212206765972,-0.6263715598056433,0.4362855113735673,-0.2674116849356226,0.13764548494149734,1.2273653390222679,0.4903480970224253,0.09939679660202182,good
0.6178600672210786,-0.695276151659859,0.614658820244785,-0.6911579604815102,0.6154274292875199,-0.6728819530229102,0.6160919185762751,-0.6546369087610894,0.6107601504068931,-0.7190213136697046,0.6078096480730127,-0.7198437627215625,0.6037983894140098,-0.7208600086665403,0.624211867064302,-0.6302808970208899,0.5959087964330814,-0.7250467819302949,0.6253603907568861,-0.6389122556393451,0.6198141288653742,-0.6788334832514618,0.6097531881038228,-0.5718620916022703,0.6458496927183656,-0.7515069558285804,0.6391992796875225,0.3041047282857551,0.7198936676478681,0.20438620820172096,0.6684590966700052,0.7343117362791378,0.6699649613451034,0.721669966454241,0.6633992255225476,0.7102482467122574,0.6438904539863639,0.7080585484900687,0.6693347436576572,0.7211759328237561,0.6504197725376034,0.7385999194211171,0.6681717929353128,0.7184153547935157,0.6576742901568317,0.7367696416862143,-0.7244370578959303,0.5534787821096419,0.7244370578959303,-0.5534787821096419,-0.6727123458176308,0.7265657023640036,-0.618629558251737,0.7528863542068399,-0.7189926737517698,0.42197135869102964,-0.7214556941335374,0.2970471516363042,-0.7232186729176178,0.28523849718398614,-0.7493574600926629,0.055091488738140765,-0.7239089738293657,0.3664936257074989,-0.7335896027602413,0.41747480185855823,0.20398812263074026,0.3658022223044306,0.7618318295451117,0.5717104669839709,0.2904243829236872,poor
0.6399945836368871,0.2499538802956732,0.655195248506584,0.15727299802962375,0.6511003218729388,0.15156590821853702,0.6476592468703836,0.14422686603897358,0.6660386796509004,0.12188255198303605,0.6705134238995111,0.09212981456482698,0.6767912471576225,0.05963647949536577,0.631928288065225,-0.04538707065736353,0.6847997170576985,-0.07304276998471979,0.6174109224064503,0.2581366142793362,0.6289313746038734,0.23790217849903356,0.6041401715854422,0.17836791325181972,0.6495522259850169,-0.02263882074772097,1.4249823241719761,2.0605336670361605,1.1872158234288626,2.3345929941453627,1.5691312461946256,1.6595024358603108,1.4034796477081715,1.56033378031552,1.5000800514675203,1.6719514065311363,1.3791764338810164,1.550650455600353,1.408734412664422,1.6118866365020301,1.3394621566221745,1.5561145818212077,1.4273008147779636,1.6428068436376337,1.3419133545329343,1.5570950001535273,3.8665916318068168,2.3236370915960065,-3.8665916318068168,-2.3236370915960065,1.1362999219274768,3.7025004439739555,0.09176272932173533,3.3740841293181556,0.24134978426442225,2.5406767504348147,0.09002728725590187,2.2500203213601724,0.24622062162438002,2.040054292035428,0.1525615058603625,1.9514342926013113,0.12420497865473264,1.605709003907457,-0.13256565500466333,1.4668846825517219,0.6607504393595112,0.5319033421510155,1.8169616566986146,-0.2518595886393551,0.23433756345476106,poor
-0.9736035135905817,0.25405015637380723,-0.9724070209204765,0.2890165019078404,-0.9701759920692616,0.2838817953017612,-0.9683318534094864,0.27906049478650374,-0.9826805878031439,0.3354761533698593,-0.9861188093698458,0.3545956935251743,-0.9896701357292792,0.3784721475442863,-0.965671442233145,0.3197230665009813,-0.9973177621135808,0.42953774455804833,-0.9657248414223515,0.21936589220595118,-0.9782880997302192,0.2919255343964408,-0.9317805657855122,0.3927750132021713,-1.0021959412877222,0.4294192089534136,-0.9298499897157115,-0.044556363539325274,-1.0327604623781517,-0.062443140114787694,-0.9160633060304888,-0.7604783057551618,-1.0401228374854599,-0.8626756276154106,-0.9180964687700366,-0.7665888735121645,-1.029019261317987,-0.8687839473212817,-0.939602764220416,-0.7897571668099985,-1.0189048857771004,-0.8622774677464962,-0.9384553572583519,-0.7872003422520076,-1.0212703883903391,-0.8599291553150804,0.8952163486434069,-0.12386292184317937,-0.8952163486434069,0.12386292184317937,0.8883402841763809,-0.7406546791111441,0.8774120539743768,-0.8387707795195755,0.9562645706958737,-0.5167365496084371,0.9580337635830265,-0.6323096708549965,0.9481478852673288,-0.35543578204457954,0.9581718948880019,-0.3829587404860063,0.9636816967342309,-0.7200135357285999,0.9657620376958761,-0.7792500975663257,0.930583641070223,0.7932155525974176,-0.8681227784845463,-1.1224369472278926,1.0501169608024215,good
-0.9675553065374558,0.32618697176506944,-0.9665465765881626,0.3699622821302399,-0.9640072567293801,0.3572474377302317,-0.9618673746582996,0.3498005883166109,-0.9783011353303225,0.4076962928845376,-0.9831023876128978,0.42130651544998526,-0.9869746221712324,0.4396408646978616,-0.9589168423586302,0.39043779739916973,-0.9951048498691182,0.4932959081954628,-0.9589698158273827,0.2808238865469185,-0.9732237661541402,0.35586896062508977,-0.9320975593456022,0.4525610678662941,-1.003795340793047,0.5230396385172759,-0.8789972922637946,-0.07599938743440604,-1.0428595951430106,-0.06891944529607658,-0.8850452357097303,-0.8002070600291084,-1.0387000715425818,-0.8909538781497662,-0.9001360229234099,-0.7991645747759676,-1.027013195697643,-0.8949414037122261,-0.9152678899475413,-0.8110837066185885,-1.0197970142399517,-0.890624170453253,-0.9133032209837372,-0.8089104578196873,-1.0231113864114991,-0.8887055534554987,0.6378584302649077,-0.2335548178239424,-0.6378584302649077,0.2335548178239424,0.8750430748581141,-0.7391105194491652,0.8993249406823005,-0.8477456785670002,0.9488503123634002,-0.54563375517735,0.9689456015611664,-0.6202734586126758,0.9457238103937401,-0.3797518568473433,0.9687404292303321,-0.38953390395768406,0.9604763316006564,-0.7427169053238724,0.9748064443136417,-0.7943751586624407,0.6212501782377692,0.6469549872567805,-0.908558534807135,-0.9603960386523354,1.5043406541363435,poor
-0.9633375275916898,0.2676238880422126,-0.9656006638879099,0.2998290602909028,-0.9642030451554201,0.2956172015885145,-0.9629611987504141,0.2932279351844538,-0.9714146533811687,0.343882291320081,-0.9757747841512546,0.36977890614113706,-0.9800130696792937,0.3969181189626212,-0.963668288563107,0.3718984268611777,-0.9907820159401842,0.4884587380634448,-0.9604740614070255,0.2812489106531138,-0.9691312377115676,0.3407154451137806,-0.9377375303479688,0.495172172574333,-1.0085388027562447,0.5752985095217847,-0.8952028341612486,-0.3253565632223127,-1.0733737729107637,-0.3506378368531378,-0.939973394548744,-0.9826675095128796,-1.0350779115049706,-1.0710641400036682,-0.943431683105638,-0.9873622019140008,-1.026125272600975,-1.0623935728773108,-0.9440587583710532,-1.0017794589996685,-1.019849456353033,-1.065505554739255,-0.9441612291421911,-1.0010562269103769,-1.0188848277029345,-1.0658757244541701,0.8908532321243822,-0.16201827497133964,-0.8908532321243822,0.16201827497133964,0.9215422899638027,-0.991823991351193,0.8761496487801652,-1.0894652456134508,1.0324368941400897,-0.8394644816948389,0.9497473874952198,-0.8969768734601038,1.0359970086098158,-0.6828672340782366,0.9532373452967615,-0.6605351924289328,1.0732735795541062,-0.9585962099382141,0.9471478872982179,-0.9723157292748437,-0.10359055682147872,-0.28889777165226094,0.24964237221541632,-1.13661840831219,-0.6800762232331075,good
-1.0156193284732578,0.561771608078241,-1.0109095924174611,0.5822755408327125,-1.0057887110803165,0.580169105589327,-1.000364109618334,0.5721885992913875,-1.0209812237665958,0.6108298812732265,-1.0238710141287057,0.6256801538184789,-1.0265067672156898,0.6399903744199761,-0.981977652092182,0.630640691243841,-1.0237869153432515,0.6827900500628798,-1.0055664221471037,0.5748694068035061,-1.0171874455579988,0.6220049599203226,-0.954699511855586,0.5848550897556009,-1.0231999986301743,0.6628885423315654,-0.8865799745882091,-0.37834746472693687,-1.0734800435712866,-0.4364865516949185,-0.9662259357876802,-1.0195423418072211,-1.0249246802197307,-1.0855696574451452,-0.970528381843737,-1.0238907468503908,-1.0214986292169181,-1.0791854612552432,-0.9684892040090615,-1.0292698271430047,-1.0192209375018781,-1.0735725337253215,-0.9708350219200375,-1.0290302855556601,-1.0162255098185036,-1.0771427727426501,0.8847383271791939,-0.13721175658295415,-0.8847383271791939,0.13721175658295415,0.9295989130892323,-0.9913679487713088,0.890995314384905,-1.078073654222519,0.9946755152048916,-0.8549738475203812,0.9668907481950105,-0.8612605874016543,0.993251521488008,-0.6889191188447342,0.9676431074150146,-0.6606900552440963,1.0030254805412337,-0.9497946555548279,0.9679162386340974,-0.9794510987715267,-1.92390299279962,-2.273213166301567,-0.32710072583647853,-1.007912050149735,-1.541103904137048,excellent
0.32277061305871985,0.39127803692459673,0.32346997493194735,0.3720147944585722,0.3199878121765693,0.38817511701209245,0.31635342900853064,0.40494811118560725,0.33396241877716737,0.3189348623581216,0.33709915049210204,0.29556791539445454,0.33995007417867085,0.27139771426083664,0.3252524685702851,0.396790247366769,0.35350802045220464,0.2232096521076971,0.31410094520131965,0.446550324321804,0.32389315993182943,0.38708664441216806,0.2874673724097079,0.4801610848910785,0.3633077264023391,0.25859183704512173,0.4624105668829417,1.492681003277722,0.4720105253434725,1.3400564174178797,0.40837796001227783,1.003923747753685,0.43178971145950634,0.8335453543812037,0.40612073329973786,0.9604935892391164,0.4541566323446833,0.8242003342989959,0.39000783729290167,0.9151689761569989,0.4358437716475325,0.8405975038321883,0.3835067011589127,0.9368850980122622,0.41937133212972943,0.8475055688808704,-0.7626226767376831,1.1248288920442466,0.7626226767376831,-1.1248288920442466,-0.3768351873553954,0.7433215238039299,-0.28275435978947555,0.5215416558819217,-0.4033613559066961,0.40163319671163766,-0.3320405871492335,0.4702340481823809,-0.396306077984588,0.34165140390872534,-0.327949537243126,0.4023027738981763,-0.45642421147898593,0.363501043966308,-0.40284817760544245,0.4967587298114692,0.41812103289146396,0.3725441194829509,-0.42735092170060385,0.31074415229102614,0.1921778053518432,poor
0.2330822957272877,-0.04144045823228034,0.2228571335586073,-0.05769081692459674,0.22123206956199412,-0.053469436222219134,0.21939939074934073,-0.04787631843130508,0.22517936931638977,-0.07152844136201736,0.22517267514042485,-0.0786661241615065,0.22452591541330244,-0.08744743695168013,0.2125993369353497,-0.03489281921919635,0.22162285508823645,-0.09080157043491613,0.2343762028890157,-0.01492051303354628,0.23755183009280922,-0.04537854532874683,0.17311855499976928,0.13428511822275072,0.24683146661221336,-0.08543835011482911,0.19769685861122185,0.8609572576838005,0.3941183018510235,0.6644088666445521,0.30557832499018944,0.5943510577215887,0.3640547824982397,0.47356032518071145,0.3105410947856369,0.514293369596857,0.36902781865992024,0.443661251529605,0.30814786773181824,0.505560609387424,0.3498117313286253,0.45092163571072713,0.2969511454525339,0.5270630893652536,0.34361831515575747,0.4567518006034097,-0.4371263399958095,1.2346030320501102,0.4371263399958095,-1.2346030320501102,-0.23304994591685085,0.45084591165081417,-0.17307556287181336,0.2944033038125787,-0.15144475375782693,-0.3390276469930141,-0.14161533447504188,-0.26582731873712834,-0.13068587153104616,-0.3800786561838165,-0.14369479960824186,-0.29274351277376265,-0.20155540290996385,-0.4294383297528497,-0.18104948752131925,-0.14033541839759858,0.16995616402150085,0.443770633011529,0.30184949211306994,0.07035709304035502,0.29065350933733003,poor
-0.1377294423114094,0.09970503230740357,-0.137799779037611,0.14324699929665313,-0.13915617079263337,0.15495784421627284,-0.1401909403384891,0.1661889614478824,-0.13530038187065443,0.12147474713666324,-0.1345385172779675,0.1205792820188484,-0.1353096905855419,0.11589127407211287,-0.13834871210392216,0.20515328492085222,-0.13646488232316142,0.13474934944578898,-0.13922641120680973,0.1305682575081508,-0.1386750795588818,0.0715923633396128,-0.13620780648037084,0.36894941241052126,-0.07473334195822715,0.12139623695140128,-0.3648811321838585,-0.13590180849978467,-0.1157826454989654,-0.5187518793415925,-0.2795436716330555,-0.5072248121479604,-0.07932712525264025,-0.4735579768115571,-0.2810439814378423,-0.5329728712654787,-0.08318614963378813,-0.4477263188032668,-0.23535333947697942,-0.49319085381343486,-0.09484133591239119,-0.46586071502626547,-0.22668818293891135,-0.5155532950121993,-0.09677117919330806,-0.47178035600712676,-0.7118823771445097,0.6652441704078423,0.7118823771445097,-0.6652441704078423,0.03268316286810766,-0.3681750095670497,0.10089808130438566,-0.39868508807536435,0.05870497160883952,-0.6660299020698026,0.08985024739243173,-0.5817749078849486,0.05547781229278364,-0.6887719807498628,0.0754415315800592,-0.6467195756192309,0.04257260357671634,-0.5522435166545447,0.05286328947725698,-0.351497220728705,-0.8322293882106242,-0.35723861978562166,0.9150951113145185,1.2789796012248358,-0.57548521942825,good
-0.9997508768743458,0.6919530989360418,-0.9949994226794044,0.7106331427623607,-0.9894531971388629,0.707439900091402,-0.9846335379009148,0.7038665006757089,-1.0080281437191518,0.7414898141399805,-1.0111150244307499,0.7574102639758314,-1.0142933327157573,0.7748027412495448,-0.9765853000145208,0.731798533253237,-1.0228346524826597,0.8121541615429395,-0.9831902498146924,0.6963289490462474,-0.9967793413767808,0.7378978410056735,-0.9521563553794398,0.730574372439682,-1.0207361835911346,0.7697143162441987,-0.8554873368894643,-0.27849958251095874,-1.075933286966308,-0.3388715989577804,-0.9181451566786392,-0.9806564492030677,-1.0053212049083748,-1.0205079710896396,-0.9185985214090555,-0.9707807606536418,-1.0081114549759993,-1.02000573235119,-0.9268078700208392,-0.9479852147239203,-1.0053918283010452,-1.0098766173196005,-0.9335016698837555,-0.9473876565497583,-1.0020013790502134,-1.0102408757086248,0.9438333039786406,-0.2464545517526032,-0.9438333039786406,0.2464545517526032,0.9761133343244693,-1.0617544802870955,0.9140509235512236,-1.0693313211703248,0.9801771112655272,-0.8682960723360835,0.9866652884645777,-0.8841880208352826,0.9683574881232717,-0.7298682657981581,0.983048189986381,-0.6794122168488932,0.9966552881032212,-0.9318551854501526,1.0145701492049395,-0.955948225101787,-2.765045441355519,-2.9832730656643487,-0.3158959733418313,-0.49393704798594157,-1.888506458126239,excellent
0.3448418613027841,-0.0436074576495127,0.3448147526755326,-0.0376602196830857,0.34218318393631086,-0.025957607394716493,0.3396780053464915,-0.013530907044709623,0.35061012591270896,-0.07885900599275424,0.35167425134915503,-0.09533952308369409,0.35233028499889263,-0.1141683941435827,0.335189757034291,-0.004258591677343463,0.34576690575049146,-0.15479310136237312,0.33778357137889453,-0.037778955515552104,0.34497252815259183,-0.09756727068900535,0.2803040974922732,-0.10078841908659598,0.3549398126569439,-0.3020938116947474,0.3101043540474309,0.5204974021183103,0.48324573879276056,0.16554978553880326,0.41765123546543986,0.4512665541853432,0.5091758573124772,0.43914076781377187,0.3385221465764873,0.38789906889808334,0.5408958025218326,0.4217174648067436,0.4030286604143283,0.3933345180902653,0.5200732084509117,0.42857902968547085,0.42483299880709435,0.4065440305010633,0.5166209677231995,0.4409262543188539,-1.032359965249465,0.6751239979351603,1.032359965249465,-0.6751239979351603,-0.3457884996124028,0.3688163950038784,-0.2689644997717149,0.4460908754823377,-0.29444932384128447,0.38090414675320333,-0.25832129842478263,0.5069769485434852,-0.2823303202716366,0.40493928624004333,-0.2725791469752226,0.6081802345628622,-0.29952092042867406,0.3078703111758674,-0.2574120163710954,0.5073120824024814,0.12129018427630003,0.3118022969917452,-0.2477857214317391,0.019383180819589767,0.14947588266180745,poor
-0.9999068852985877,0.21609602267469202,-1.0029791836569393,0.2547456711369856,-1.0008670665157675,0.24792985219013516,-0.9987988634226932,0.2428302472162125,-1.0084982690608053,0.30720255048605694,-1.0108987947183055,0.3280494055886198,-1.0140885122241312,0.3500829403566012,-0.9946069490105668,0.2878336276991976,-1.014523337666834,0.41732918560230975,-0.9928455170830273,0.17733847620289836,-1.000882936495985,0.24629609709843317,-0.9437725834526106,0.36261562062414304,-1.0139092351001857,0.4355795769344584,-0.9900652396446916,-0.0786916051750465,-1.0133591230376153,-0.10432000429901146,-0.9992201590017001,-0.775853650090844,-1.0091955161822481,-0.8712284386530703,-0.9901624898552459,-0.776915161795318,-1.0106415635795059,-0.8786100657335506,-0.9994838756997045,-0.7896126677463357,-0.9966066103887352,-0.8749340824547652,-1.0055355973101041,-0.7919199921610489,-0.992130747171738,-0.8726906579941804,0.6957352252008185,-0.18668992841428325,-0.6957352252008185,0.18668992841428325,0.8959425064414677,-0.7443871732268056,0.9020670199024929,-0.8110592399287383,0.9660167921055036,-0.5340180895482859,0.9750492021179733,-0.6260734012207403,0.9635887650221179,-0.39318483667069587,0.9761695755783478,-0.4090532283391129,0.9781060883551427,-0.6950288469546093,0.9828691503177694,-0.7776004987620116,0.9536888972957248,0.8654722545066758,-0.7854897273767925,-1.0906672663970507,0.9858305680184933,excellent
0.21373944809267206,-0.32508760288113503,0.2487731854158838,-0.21644755490685927,0.25413361831224934,-0.19138675295302954,0.2596647897802906,-0.16752898593567636,0.24457321919670894,-0.28801902425093623,0.2466339474932463,-0.3166359748909343,0.25064857876858765,-0.3432515306290774,0.28681608789563395,-0.1687101182691393,0.28621115668808167,-0.3869744792465289,0.21023482282834652,-0.3266526241625221,0.20468218872169563,-0.40789036005822293,0.3014409901682765,-0.1771833042551676,0.19986034820697648,-0.38235328273886315,0.5341976505575614,0.5790869179992978,0.43023540408300553,0.7249566531107734,0.3612155357824988,0.5411832650963517,0.3488112337166199,0.514431293390857,0.32102994062858264,0.5866909859416097,0.33062448753541124,0.5059824853420285,0.3029700947341702,0.5672563403288703,0.31632964069292074,0.5221142826269409,0.29651036476793463,0.5778131130913279,0.30436742507559283,0.5320304234786123,-0.11243355304772115,0.13976051960461638,0.11243355304772115,-0.13976051960461638,-0.45668882183370996,0.27676843532793277,-0.298591645491821,0.37406984385378955,-0.5061518982893716,0.6884459031270912,-0.4281977128964689,0.8962675187668784,-0.46972702485699047,0.6797569536100765,-0.3962485635644353,0.9201142622118005,-0.36082901532595,0.8817952401039743,-0.2962273956921141,0.7280036509861583,0.6205504308350978,0.6651818946715415,-0.22132472464504838,-0.13093341024450866,-0.21867090333951336,excellent
-0.13222837139154478,0.1254097485967112,-0.13816960268516143,0.16549710748234372,-0.14089951787270757,0.17652404282563294,-0.1436958330790452,0.18833081982328712,-0.1317880066105877,0.14412482940131113,-0.1304723055771535,0.13907883884936664,-0.129703811236374,0.1341117247220369,-0.14811660168649976,0.2332562380076596,-0.12680248095207788,0.1531604838577083,-0.1386254478403804,0.13247057445552005,-0.13439288913370837,0.11062064698764942,-0.183178714583969,0.3645056669737448,-0.10813477671411476,0.11846543589909815,-0.14329583532632414,0.6153123505584981,-0.023217911753828233,0.435059780651576,-0.17563970087778435,0.14941421146603606,-0.0543043759136391,0.031452747691965155,-0.1534076703006139,0.10843588277791621,-0.04905886114348448,0.023694397885974182,-0.13831069975380322,0.10157324593644877,-0.06711891087776453,0.016547318694388795,-0.14496959686432287,0.11456203359443234,-0.07559550717063787,0.02037442666189501,-0.19116730537925686,1.3036630177477257,0.19116730537925686,-1.3036630177477257,0.11892160421300743,0.35296394182965773,0.1499669354896918,-0.013120939015197166,0.1934604307143024,-0.05173907340115316,0.23804891809651735,-0.25829060987802277,0.2174097335706079,-0.03625876102618216,0.25910551267697374,-0.20981614116195144,0.14698931763943968,-0.1783839938869303,0.19775079302366375,-0.2812951047594058,0.4183794124795264,0.4418279257462649,-0.36749374241253696,0.34285826715470513,0.3331107184440924,poor
0.0520421341791515,-0.140651976620225,0.03447057865955787,-0.12599029545956641,0.030750707296155286,-0.12591153321173568,0.027066353356195314,-0.12393166928207903,0.04214458279305368,-0.11972984171414304,0.043605822655306214,-0.11774726832525115,0.04442577904536225,-0.11844807177460857,0.01849322144665613,-0.11583706071883461,0.04435096776216884,-0.12158529068620094,0.04857549512823628,-0.15151942527291562,0.058335842330451346,-0.1406414179013217,-0.024126139992436603,0.025473263873155128,0.05986776073887561,-0.19817359393558318,-0.011489805456917445,0.39440973022351095,0.18700643220834806,-0.06491864166354705,0.11532327540431883,0.22221148775545557,0.2258084879709446,0.03512125558163475,0.08922899038912337,0.19712707163905763,0.21579957830279792,0.05427548217538542,0.10644931585887642,0.1995256463959274,0.2071983180973235,0.07510702680279294,0.11907035958420102,0.2114127261418311,0.1956783781360366,0.07666840086543031,-0.4937954509718646,1.3019342557641755,0.4937954509718646,-1.3019342557641755,-0.06319313530301175,0.20870122463874763,0.020022189966886827,-0.04514939798230232,0.04582862540878888,0.029571413139232134,-0.015144800029009874,0.08695956510522658,0.06828350183948409,0.06372047414179029,-0.02707699176350177,0.18689013002325544,0.02925502313567596,-0.06822963349337369,-0.035550654456023484,0.17168195804263484,0.17375159054104922,0.3405590871832076,0.24741329645757976,-0.22460861886023478,0.44019900594052697,good
0.5892996232277782,-0.7538325744453414,0.588474047183427,-0.7184600108555754,0.5880507494744526,-0.7080939206070006,0.5873756551929747,-0.6971177504482994,0.590339520892128,-0.7346624662112732,0.5911686592046541,-0.7392376157325264,0.5907390362361418,-0.745000796049366,0.5787831926737442,-0.6852357549467033,0.5819481137552291,-0.7689429664348769,0.5922909171336788,-0.75595882974527,0.5890530059368966,-0.7930660011987279,0.5478666907299753,-0.7202517796153249,0.6134166495309697,-0.8761550745306025,0.43087870623503716,-0.36752170141621926,0.6839423927654185,-0.4143703958563351,0.657956307269112,0.36262975827967,0.7139499151049082,0.40119139331726916,0.6423738526413745,0.35638677607221547,0.6978594502119985,0.4199740167017961,0.6468797162992246,0.4126290600232656,0.6887793059177271,0.40847534309431394,0.6486495765321071,0.36499897917491975,0.6942043006567152,0.4065680773211744,-0.8124699253245785,1.080086233670465,0.8124699253245785,-1.080086233670465,-0.6422485528314351,0.5106004299461916,-0.5998135945808382,0.2998338761577349,-0.7362511403437385,0.3682066267710878,-0.7090515546741384,0.45262443362489885,-0.7532857443059132,0.3111813431014342,-0.7565571112536841,0.2842076466718456,-0.7835404711574357,0.5433622104119384,-0.727800720386561,0.8304515798271688,-0.14167586096904317,0.24410342894588113,1.1456587646901846,0.3781028960626188,0.2612233892976512,good
1.2594538121515204,0.01860248093197656,1.2837761877238398,-0.05071151118165768,1.284684025564855,-0.03923295799461663,1.2865202295056297,-0.031646364186968305,1.2874182804813916,-0.15392676977250458,1.2902801097983216,-0.21829169395685777,1.2938917124598588,-0.2936414169644974,1.3124282548674135,-0.12184860409997787,1.3124628599358894,-0.48788446740019253,1.2479809970236748,0.061957144467655795,1.253963103045738,-0.08058647176829654,1.300250538943576,-0.7106150970171758,1.3457204081174892,-0.7239723546891726,0.9310234688334336,-0.33628913115753817,1.2674520846725246,-0.3624094868728886,1.1754566068380223,0.6201469006794441,1.3706611891725882,1.117800873412154,1.1047570336147716,0.5683043853451484,1.3581461955029293,1.100722954776072,1.1582117706262471,0.6267833057064667,1.3582555277209205,1.0890148701784061,1.2160930898302862,0.5760444980003919,1.3866247248312757,1.0863603966074713,-1.44036930662859,0.38638391704821995,1.44036930662859,-0.38638391704821995,-1.3015112451148387,0.967699707242853,-1.2129935384817785,1.2218757199692376,-1.4528398189650977,1.179875498046554,-1.3958356496316235,1.2323776693893091,-1.4836176836981507,1.0094594162812995,-1.4608087328921906,1.1327815423935723,-1.5032197830961176,1.2353965273585865,-1.4450682875492993,1.5430400855341784,-0.5825251146137557,-0.1856570960567275,-0.2510239737160838,0.868058564294193,-0.47706235246186224,poor
0.672549625448667,-0.7595973441251418,0.667124250164508,-0.7719574712746786,0.6674047992715042,-0.7583469625382746,0.6675497700307085,-0.7443175877202797,0.6645528204466798,-0.7892378939759411,0.662190961947608,-0.7877572465640712,0.6586780314729308,-0.7851412601561348,0.6693679456312375,-0.7272940165048011,0.6489723874281403,-0.7809175122234613,0.6802537044823264,-0.7116022886852996,0.6756504954557466,-0.7356167556454032,0.6537645238915837,-0.6023175352487444,0.6808972841381793,-0.7830823139889036,0.7249579368177641,0.3238471783436589,0.7891997243609604,0.3198224044773208,0.7396992955480747,0.8322965825215333,0.72827211602916,0.8287497895114806,0.7346599072800222,0.8262943961159857,0.702988194898673,0.8070931824632579,0.7391103145582463,0.8287903578478529,0.7088995593899894,0.8444695852742649,0.7361627582799157,0.8285273219672916,0.7164441484557872,0.8441075190269552,-0.5270182480939577,0.930794183467676,0.5270182480939577,-0.930794183467676,-0.6972859204033367,0.8452192535535394,-0.6549861399192911,0.8533749168059148,-0.7057716981793589,0.6176011624802875,-0.7540492782305819,0.4323483412482948,-0.7093774137468638,0.546714531083561,-0.7862584109154381,0.18084790906985346,-0.7034369237279576,0.5508054266172082,-0.7575056695329615,0.5594201374398966,0.24174038485370508,0.41259543151783334,0.565615092705569,0.47919060402169866,0.3219438310842929,poor
0.8255135462852247,-0.37312135336187563,0.8277842036313376,-0.406904372615848,0.8283494460899995,-0.3947191389667382,0.8287838646600701,-0.3823227283749421,0.8255907158478172,-0.464201473843135,0.8234382756089967,-0.49660674878376926,0.81989487460134,-0.5283713303495863,0.8392990494900361,-0.4132048976330375,0.8177245838250026,-0.6057700029734343,0.8254812523364281,-0.3399399642550661,0.8255805434974143,-0.41319551976169105,0.8208862467589105,-0.6124273294648485,0.8708058401620573,-0.7492594890403563,0.6195887570438081,-0.17498736562558698,0.8611792008406628,-0.9010432980360399,0.7376590295771399,0.26253788764805397,0.988261765756022,0.5449324483559674,0.5692178209318165,0.37509207667229966,0.9844982872658613,0.6073703722581771,0.6632978708138025,0.39469935516742555,0.9989947163615913,0.6113347072668667,0.7126107853965878,0.3592901131113555,0.9839773858596673,0.6063669827327782,-0.9130663187786792,0.5651562930005418,0.9130663187786792,-0.5651562930005418,-0.9117993581501714,0.43286294437156575,-0.8225818457396168,0.47253966449291385,-0.8947560074741538,0.0866104781104349,-0.9033947497601706,0.3572935355095651,-0.8878945498389591,-0.06809255910613331,-0.9029614231597078,0.10655000219799124,-0.9512154712699928,0.31088237288115433,-1.0068634983864524,0.5788649612246882,-0.27141022587959795,-0.15577070219410918,0.7522396144181107,0.6801998259704096,-0.2687810143407681,good
0.3535772493029738,-0.41858333640006695,0.34692087427161283,-0.42352486866247346,0.3478768930664113,-0.418488156879872,0.34881865932954237,-0.41336923833224043,0.3409597908603029,-0.4349758873918971,0.337371825450288,-0.43711234388041037,0.33125559342823635,-0.4422506776111828,0.3419194572849747,-0.39179323885669204,0.3195822015320693,-0.4467308967886528,0.3644290538116537,-0.3753966494628253,0.35544052061364967,-0.433782776786147,0.31783620371857846,-0.24088444247044813,0.362488566436985,-0.45161241603943986,0.05417560242390407,-0.08092348515811291,0.3733203560780069,-0.4958806587299282,0.25248968002339267,0.021599934968043997,0.42018961812827355,0.09599997044785404,0.22239076126509078,0.010791884264656324,0.4216157106440293,0.1157743744593529,0.2773831467445827,-0.0034515648353678047,0.4122239288974221,0.09549097762488393,0.27877104519164786,-0.022431392545067905,0.4141314528978181,0.09268742837268873,-0.5015173495455046,1.469880740264316,0.5015173495455046,-1.469880740264316,-0.37720147653993336,0.2371783222976112,-0.31726417065328766,0.04416282337909835,-0.3742903723552635,-0.3432124593010015,-0.39606493921647096,-0.19339005347480911,-0.3693816695382882,-0.44897144314194076,-0.4236474243709243,-0.40300519718117755,-0.4317374988326321,-0.21937570013314936,-0.4373800529251719,0.15043023642911832,-0.3907348964535265,0.056298083888558295,1.2629559568084359,0.785506753971781,-0.013934774822251448,good
-0.9738411112833119,0.3665844744208922,-0.9726908543929276,0.40738641372729567,-0.9695538463494939,0.39917697031000515,-0.9670228618676897,0.3850316352003204,-0.9840123840351552,0.44049040630109565,-0.9875503306467414,0.4579785795635207,-0.9913342431157939,0.4722565027062975,-0.963468046320804,0.41795365073662866,-0.9988827854655445,0.5148676603733268,-0.9644673589793592,0.30620263929198427,-0.9776726998333605,0.37760089997892127,-0.931406720314658,0.4574490822103662,-1.0030623089159802,0.538666948188153,-0.9166372994731278,-0.021556013610680786,-1.0189398147221627,-0.020039277506464902,-0.8856761499173087,-0.7679271812912634,-1.0381276975876088,-0.866104329172445,-0.8982085232123286,-0.7736739403141697,-1.0286220878220471,-0.8736598775429087,-0.9155360136725145,-0.7784861465989942,-1.0231755201123027,-0.8641423418254792,-0.9139208801435981,-0.775995659187273,-1.0249857980197492,-0.8617094690027628,0.6179428038842198,-0.22813986960373203,-0.6179428038842198,0.22813986960373203,0.8745510911400495,-0.7100660292245422,0.8976499143466504,-0.8154046736269023,0.9485439603988387,-0.49522860269397756,0.9693862347575481,-0.587324233515273,0.9452569202883113,-0.32738962260590576,0.9690371553052316,-0.34773076665869485,0.9601575950337629,-0.7064367448042491,0.9764829027775176,-0.7628091258430273,0.9347146890640006,0.8713483249045997,-0.9318835312143144,-0.9854134176560827,1.6423001278743237,poor
0.8812599381344386,-0.2845533968335843,0.8824290104744388,-0.4000710250609765,0.8778650668140489,-0.4220580747836656,0.8728354875306232,-0.446845852470327,0.8983570222657581,-0.3874529541674185,0.9064235289892852,-0.39079862353868355,0.9153190707016933,-0.39021840681883724,0.8606608853666318,-0.5875322613780833,0.9264047005570685,-0.4829048328238369,0.8624475922269491,-0.39990714787955306,0.886576355481285,-0.39135332746213214,0.7102336659162014,-0.7463440303696783,0.8365843662700095,-0.5114634700057153,0.9423164082899846,1.1081856860168768,1.0358476351247998,1.2459203914183155,0.8669526297102428,1.6412084631714077,0.9060532438061554,1.3571294200714406,0.849380102177513,1.5773181276458101,0.9356370108243255,1.302776476176042,0.8218146406969243,1.5571761280863636,0.8984917307252062,1.3394677080486823,0.8220840411029766,1.5916980468359527,0.8580122185591651,1.3668045269006315,-1.7033136196673695,-1.0208676052718773,1.7033136196673695,1.0208676052718773,-1.014265824443919,0.694827668210252,-0.7888427056731796,1.0191484668214303,-1.070539118037909,1.8418821568802952,-0.9515777849498196,2.025320261799087,-0.9976116661305521,1.9877954074892892,-0.9923035279275539,2.1116120730211483,-0.9461879923961731,1.7901225992656369,-0.8357745582586582,1.627894693863443,0.5593355460524412,0.5238429080327893,-0.738593376111249,0.04926254258832497,0.001742332279083033,excellent
-1.0163029855581587,0.4508305791483864,-1.012810243062539,0.4884693332179171,-1.0088271320128712,0.4844997914406513,-1.003608476472041,0.4761378697667861,-1.0215875009466682,0.5117045491411353,-1.0243342698300937,0.5248969769171062,-1.0269490595693995,0.5395386671894791,-0.9875073945384606,0.5048154421441767,-1.0240429979283685,0.5883113910529256,-1.0071043732724845,0.4533217474189071,-1.0184123340381936,0.4970699261214915,-0.9540311725944676,0.5073076712059866,-1.0221373567790644,0.6004180343480005,-0.9075506225928046,-0.32958051256934956,-1.063120470095825,-0.3444336898912853,-0.9811266621126686,-1.0004352333409756,-1.019786652221445,-1.0650532828552663,-0.9835072978386411,-1.0077072621499983,-1.0166848081012116,-1.0650787351456104,-0.9801594854797995,-1.014729165378099,-1.0100586052162848,-1.0644268062130449,-0.982502255299407,-1.014231094688016,-1.0067740512444792,-1.0663543778176456,0.8364528844901739,-0.1469432597563005,-0.8364528844901739,0.1469432597563005,0.9191512801647402,-0.9720198083472182,0.8856924771501793,-1.0453965330003956,0.9874527648753371,-0.8210575265341206,0.9602930198160451,-0.8730089854599302,0.986679407811664,-0.6693076331324829,0.9580511592151759,-0.6512010462658625,0.9957426970054603,-0.9471080620691159,0.9679307759710664,-0.9497412439208359,-0.4719312825215282,-0.16708737696886058,-0.5496745402907057,-1.0908733844009533,-1.028507829213499,excellent
-0.9665141982684121,0.07944718739180219,-0.9687455800174286,0.144176185941326,-0.9674086235392568,0.1430276838761637,-0.9658853317882881,0.14318078461763767,-0.9754772312880524,0.18422867580888458,-0.9790577131041712,0.21101203770260793,-0.9824863992907444,0.24100863883473292,-0.9643403977155296,0.23098847143247048,-0.9899224548896444,0.3562046762505951,-0.9614450840861518,0.060737339139926697,-0.9712362320405444,0.1318406743891131,-0.9326002827803713,0.3581632177982925,-1.004225790338003,0.43397775953678824,-0.9100546003973677,-0.15141815552007704,-1.0569241682501402,-0.1733517869426196,-0.9192236722538586,-0.8527093058480278,-1.0385294791145503,-0.9512088172643388,-0.9240796437179031,-0.8613608159865499,-1.0318335312660487,-0.9516328675560985,-0.937155910081384,-0.877910860530216,-1.0223663655368733,-0.94842426547764,-0.9359066866597746,-0.8768679824030847,-1.0225778657752158,-0.9471418002180455,0.9101257644114219,-0.1739063827044008,-0.9101257644114219,0.1739063827044008,0.8899201542301799,-0.8757342590660342,0.8797513674749432,-1.0013849962094314,0.9573394788207769,-0.7062027843591924,0.9545547833015573,-0.8469740783301227,0.955289791034827,-0.53755682162168,0.9558426841479998,-0.6217077662220375,0.9650640356145803,-0.8629903016455157,0.9639709701172432,-0.9209145504893255,0.7530216943217285,0.5413976100163784,-0.7543888635633137,-1.1522055011975372,0.6928160810048177,good
-0.9601533858460346,0.30634559106057,-0.9606337273078336,0.3309906978210424,-0.9584491057030998,0.3260871919011329,-0.9566371105409245,0.32321463760905306,-0.9693425976680381,0.3761965311748815,-0.9746516639211668,0.4017010672113309,-0.9798549075803294,0.42835820500898963,-0.9564424259722702,0.3985341654334092,-0.9921677901139919,0.5157565524814182,-0.9567192173085061,0.32204908470513866,-0.9669488409406602,0.379278322362157,-0.9333469029843163,0.5071028759775676,-1.0044521096613388,0.5952940928556114,-0.8432148433380219,-0.3944174186276365,-1.0950637107828762,-0.43748176427604973,-0.9157278367110055,-1.011564007858809,-1.0432216894104906,-1.084048738949562,-0.923596553836924,-1.0182881211947459,-1.0344426751683578,-1.075220301691179,-0.9322584746285063,-1.0309933457218499,-1.0248054971499854,-1.0786414666431536,-0.9293724809320167,-1.027953889449319,-1.0257795791844537,-1.0805736302873483,0.9737626228878968,-0.16930803904664785,-0.9737626228878968,0.16930803904664785,0.9794261408985578,-1.068960399083617,0.8713618623507375,-1.1442804285743478,1.016619081897533,-0.8970926478558456,0.9428492993013818,-0.9314438775379563,1.0074268481400552,-0.7546309333807489,0.9471135511736798,-0.7200527115729406,1.0202242133390507,-0.9791363869331818,0.9463076633387603,-0.9840241979678922,-0.9697885656839924,-1.1770831126338666,-0.17991816133307023,-1.1413362634503885,-1.0268343747461979,good
0.6007205332600879,-1.6950037575714967,0.5730807817372173,-1.656360025046907,0.5716403663329708,-1.654766589223427,0.5696122963898765,-1.6519816381078678,0.567273927760487,-1.6289567313034032,0.5617403134522371,-1.6044482989509181,0.5561736571849373,-1.574717106831592,0.5486270069756998,-1.5933094085467459,0.5366259716091583,-1.4886812452294038,0.6086335514531878,-1.7287283295412978,0.5996855987973143,-1.6784872657400298,0.5939873198452955,-1.319831285202297,0.5467971085511658,-1.5053621328484994,0.5332421349915885,-0.8574068502110027,0.6108427827668192,-1.1318318010147745,0.5738677257025689,0.06820342103730982,0.6436144457255931,0.1974941387323698,0.6419742816820452,0.10755061078149451,0.6272054868130444,0.17414062739375952,0.6384642981999135,0.150351528504554,0.6356961896142131,0.16113786951418715,0.6284516111031461,0.12429742909303726,0.6447150013232914,0.17086035904811855,-0.45095292658630226,0.07729893020460989,0.45095292658630226,-0.07729893020460989,-0.628392808477348,0.5493688258952683,-0.7000012787081773,0.5996251952812227,-0.4856198335984043,-0.4889050495769347,-0.42253011029431836,-0.5941488527298094,-0.4449718329930832,-0.6041480326889226,-0.36147978679324944,-0.8421304323030895,-0.5607241571988364,-0.605986082539032,-0.5391766951505995,-0.7489366681430534,0.16183722001266804,0.3396886398274951,2.6045933879689573,0.423004850845111,0.23877652044951864,poor
-1.0188706440770592,0.6119334183399481,-1.0030656253999877,0.617516980269478,-0.9988095545647274,0.6117085461763002,-0.9966258261348138,0.6075672278735728,-1.0261735960710052,0.6614160501864547,-1.0283942992909636,0.6749829388495395,-1.0313399156989245,0.6896862397780221,-0.9845190244733114,0.6281852440989991,-1.033611557993565,0.7269866411078036,-0.9956230631749864,0.5837076474548734,-1.0123069515414465,0.6340188478912204,-0.9634122988778412,0.5888667607532522,-1.030712277655979,0.668001182870865,-0.8559309514575895,-0.38704929427303425,-1.0849046072513324,-0.46741161758537464,-0.9334000319475383,-1.033820838997196,-1.0218436875935382,-1.075377730599797,-0.9351197845911311,-1.0225992899570622,-1.0219239770153299,-1.0724441085084113,-0.942624749932114,-1.0130685394714465,-1.0203150216287151,-1.063100714386677,-0.947061768595821,-1.013304680161238,-1.0173878398696883,-1.0652089013035269,1.0727757474166273,-0.22411595060991013,-1.0727757474166273,0.22411595060991013,0.9604255111438674,-0.9951744115048056,0.9100454625152109,-1.0015094491389132,0.9982462704952416,-0.8480477906155998,0.9829414539734951,-0.9007167016222476,0.9978352898848445,-0.7008201487708343,0.9863648401997674,-0.6283113064328963,1.0056254555489086,-0.9476501448276392,1.0116574775811793,-0.9096713610883207,-2.0045736661802174,-2.6652421601789515,-0.007651893074546772,-0.5301146320694143,-1.6341252441349112,excellent
-0.9739742263291942,0.336766105652436,-0.973386913345281,0.3780191660696221,-0.970318940963221,0.36885541677124495,-0.9676486050571274,0.3629432967727568,-0.9829852607008174,0.4217640667112405,-0.9865251730987865,0.43991255767283216,-0.9904171740625833,0.45902898165458045,-0.9641307155477168,0.40087626614057864,-1.000298006118077,0.5049128446755123,-0.9659270193464675,0.2863457179114299,-0.9771690671296577,0.3591515517216602,-0.9347692298213648,0.4410129203936503,-1.0059690077879708,0.5231054538626687,-0.9297728980208857,-0.05203949882144872,-1.0235482142720065,-0.05315116858535987,-0.8939721828120133,-0.7892735197841673,-1.0426742968612026,-0.8802584122163105,-0.9057407938392688,-0.7918239540267348,-1.0339109002647267,-0.8870288397454427,-0.9193418019844695,-0.8029354118870855,-1.0273193220159795,-0.8784163701298631,-0.917376559381163,-0.7992398129661066,-1.028728049210754,-0.8737949832768306,0.6837310341427718,-0.2298405125780824,-0.6837310341427718,0.2298405125780824,0.872906927733017,-0.7175843021350807,0.8936468706367813,-0.8255268972531632,0.9481153014691133,-0.5150214047816685,0.9671332689897977,-0.6023428196197181,0.945102590283007,-0.3473307665946101,0.9670649127975218,-0.36460682453344156,0.9597984814949488,-0.740322854148949,0.9766902717376791,-0.7908608203759514,0.9769532293842178,0.8687635280542899,-0.8349055663466965,-1.0373574792786753,1.6191902565249883,poor
1.1196646970574826,-0.04370297270115904,1.140438166599514,-0.11008735036121559,1.140872577889294,-0.09970918285163942,1.1421854033197394,-0.09348496212407084,1.1440818093958551,-0.2017848353091606,1.146583474282907,-0.2590140789668154,1.1498781754205332,-0.32658372260072854,1.1611016571728396,-0.17716226039852567,1.1625943101471865,-0.498041993742578,1.1113882889088034,-0.00667000406805971,1.1180137363958909,-0.1313767824326429,1.1464495227232818,-0.6414842625632556,1.1716846865653054,-0.7505754472143079,0.9006467414075565,-0.1491214570081412,1.1567327651738568,-0.21685034896441355,1.164699409486312,0.5579942746334511,1.2786892217352517,1.0285687367213456,1.0545966673026135,0.4710590482790757,1.2909078412821648,1.0102301694169058,1.1660197636107366,0.5373377597299818,1.2872845300945677,0.9979575313924091,1.2274006928884784,0.48195768210465717,1.3066352732585775,0.9978916583192496,-1.1049255591752132,1.015096548871144,1.1049255591752132,-1.015096548871144,-1.133056083925176,0.9743987658427349,-1.0547038700939018,1.1055748876754043,-1.22985511771007,1.1643681391251872,-1.1733297081991882,1.2551531736111696,-1.2409960628959595,1.0593518625016662,-1.231239193992554,1.2029343242117703,-1.315861273101712,1.2395412231459821,-1.2465478927562421,1.4911270878466298,-0.48574281892648974,-0.05602161895911275,-0.2895398044107506,0.5614766306022363,-0.386518725044826,poor
0.3085334143229264,-0.07637876280548334,0.3029043877734924,-0.06424132652117749,0.30027276561812216,-0.05448303708475906,0.29748538186183265,-0.04435749373115454,0.3093479135710884,-0.08885468806348151,0.31134976869756686,-0.09816951630457774,0.3125876018341187,-0.11600065312641528,0.2936215090037452,-0.0241618732309015,0.31271475573470586,-0.16355557418716415,0.3014513344510031,-0.07070053366663678,0.3076866416282405,-0.10154126722002157,0.26937390226523716,-0.019092340729303037,0.30611100577371914,-0.24429239231000816,0.3024404649360226,0.6717453979843286,0.39292004676208964,0.5502337920868229,0.294071929876723,0.6567217038086594,0.371107928998147,0.5873098072500375,0.30931274003739206,0.6335593224681165,0.3883313428933558,0.5917499017185721,0.32793952576147795,0.6507715981057645,0.3728897634947776,0.5760909567700794,0.3080838377190071,0.6579560171996264,0.3556838953072502,0.578279406668296,-0.4348134779672048,1.07458822261559,0.4348134779672048,-1.07458822261559,-0.3015531157018174,0.6569090032605198,-0.2712225434103683,0.5563242280447505,-0.24816538147758588,-0.15733834614694847,-0.27093347103606846,0.09005057801285996,-0.2276698803757929,-0.26708825001435094,-0.2644194586948512,0.0636500952968626,-0.2864043914665313,-0.24558189350868995,-0.3059422815150935,0.0993465787621669,0.2760384647287172,0.38914874381405645,0.2499482223637439,0.4255224350356354,0.32169797211794765,poor
-0.03825908939091962,0.6143270302888951,-0.03566988507176666,0.5939261798091502,-0.039725462861182594,0.5924809472497703,-0.04363456957131323,0.5880578105477253,-0.021757775211308936,0.573343751106753,-0.015935154252749852,0.5605413794542241,-0.009728040807680107,0.5454751765959949,-0.04411469749527561,0.5108722545742997,0.0054455412657060135,0.47742828002582616,-0.058106672427942235,0.5933292588451463,-0.044943676222872854,0.5620037750157306,-0.05882524826804902,0.6730976324698952,0.00039639419989343503,0.41565261819947485,0.3153860074254719,1.505927314669628,0.27526036119218894,1.311389429632331,0.40738704060745035,0.6792631429336166,0.32681545747449975,0.3932359603206951,0.4001367270788744,0.667033638415712,0.3011829523209547,0.3898528206228358,0.37488920563882583,0.6193937065437031,0.2762890438919567,0.39054261349232366,0.3771068646010228,0.6126174101580636,0.28431110704933166,0.39349523645850226,2.411294375497968,1.4793162319495476,-2.411294375497968,-1.4793162319495476,0.9537621462259713,1.600680658228909,0.487943596662612,1.4925016349453624,0.5279769062694534,1.1641663090237504,0.3856798549387004,1.0328552448990946,0.5185779924029259,0.9683642723136867,0.41024234378771607,0.9623849870982946,0.4349045083523737,0.6844943298343631,0.24815875968843076,0.5795909643744797,0.585054641075367,0.5376644061285459,2.2593862832000258,-0.8206863885522238,0.17998744351841034,poor
-0.005419353583451524,-0.08286752109077587,-0.008839169757101598,-0.06135302438047198,-0.008548049663571684,-0.05317143352833108,-0.008233541587011015,-0.044010311810106756,-0.011983204795731029,-0.07315221811949074,-0.014398096277299753,-0.07361065397764396,-0.019187606630555208,-0.07703364841633092,-0.008491108898911607,0.0020706660738563643,-0.022829873596047073,-0.05805235882607497,6.313936403272758e-05,-0.050534960972475916,-0.003844743642093607,-0.1014889872626109,-0.030296123550886775,0.1739439575983212,0.03835573234324383,-0.06128469020263679,-0.30331860243983694,-0.17376791615150164,0.009350029070426506,-0.493743318676912,-0.15405696457868598,-0.27889750663200485,0.057357401972042525,-0.2880109180868739,-0.16498696905219506,-0.3273903687596817,0.05522105279351129,-0.2731923912381892,-0.1115700906512535,-0.35180965794137586,0.04671471971197429,-0.289259558452883,-0.11056727695004395,-0.34670211789252614,0.046775340220192974,-0.29103839757498756,-0.7874042291973297,0.80460923414609,0.7874042291973297,-0.80460923414609,-0.08197276288195406,-0.1889202087483448,0.0010905123986637657,-0.3095346835073059,-0.08106936023125703,-0.5659786969783092,-0.037612580966886695,-0.4502102416156459,-0.08486049057337262,-0.5953446347970611,-0.05753875442223609,-0.5632831318124104,-0.11353350325296155,-0.4759196123356893,-0.08138541406981194,-0.22628183136637783,-0.6763316025580492,-0.1540692983702717,1.1534608950439489,1.0735892093736241,-0.20209327614735015,good
-0.9741035204907035,0.20370978178904087,-0.9750512372331481,0.2475034030847439,-0.9720939943315284,0.24309601177051868,-0.969642097414362,0.2403640865831367,-0.9862158157649732,0.29455870462696937,-0.9906206767721553,0.32032862733568634,-0.9956034432249942,0.3472590143206444,-0.9633504901972555,0.3070378408646424,-1.000667518961743,0.4316548097599741,-0.9660683221973395,0.17579408739727204,-0.9788580482293326,0.251310662382307,-0.9366742275620564,0.4459334879706861,-1.0072985903931029,0.4951581952173618,-0.963818163311662,0.026959738296309037,-1.0302595383296862,-0.031067994675425464,-0.9438774648277002,-0.7237885548059199,-1.0456484324285595,-0.839138602663651,-0.9363817968474578,-0.7329810691937911,-1.0365892981968514,-0.851171852259136,-0.9506606963679698,-0.7520001185629086,-1.0243924417755461,-0.8434241983009185,-0.9545520347468924,-0.7503802660508315,-1.0245130426243887,-0.8394975650737774,0.8999941782404636,-0.20645513151383021,-0.8999941782404636,0.20645513151383021,0.880616142408643,-0.649761291462922,0.8836567967746392,-0.7501143983098874,0.9514691188353324,-0.46839556832420093,0.961470798674039,-0.5860372383826454,0.9486241755062623,-0.30749606972583693,0.9624685447023227,-0.36306392286155714,0.9611784278160046,-0.6626036545056367,0.9661319895737357,-0.7470810884457417,1.0247984596318729,0.8442683300083743,-0.8113760610620362,-0.9446008905638006,1.0226434040458576,good
-0.2783076271808684,0.9067278905210702,-0.2743591806355208,0.866062010457131,-0.2779515655818279,0.8533749917297502,-0.2810868894254114,0.8401827309045753,-0.2604414043075229,0.8922416565761744,-0.25399316755690926,0.898150591536143,-0.24665372524010978,0.9043848593105441,-0.2854451061515916,0.8051161783909002,-0.22989317972647366,0.8955230452014895,-0.28511813146019394,0.900678883887371,-0.26811829284801697,0.9318175606241921,-0.31258020083252347,0.5485973367291691,-0.17763832470229088,0.9187418160322587,-0.46700580783605194,-0.9795133935419937,-0.2406733478028742,-0.7238961957128942,-0.5390884552269055,-1.030262731496538,-0.3015376523657057,-0.7831321343682212,-0.5655449225948989,-0.9931434370088431,-0.3180474523733108,-0.7670284760613363,-0.531996362784158,-0.9795077995855148,-0.3149679552434577,-0.7804851222015179,-0.5095802272516005,-0.9730289889268986,-0.30423315153106945,-0.7886934979073827,-0.5218418598914508,-0.9947774661585829,0.5218418598914508,0.9947774661585829,0.1549443145660384,-0.959391250617027,0.2581106704189371,-0.7759908997598507,0.17707677691577434,-0.8397454682361748,0.21811109451446523,-0.75009666711398,0.18270446926612122,-0.8390958515119794,0.22551129416342772,-0.7653928584087609,0.20107024491762804,-0.6176001160051819,0.2510610986407508,-0.605524421025742,-2.549721893943883,-2.569363957972101,-0.7328167139560927,1.5395600258202486,-2.302516424096023,excellent
1.2931468190135187,-2.9164338528291327,1.2374096848400262,-2.869094271206069,1.238814298924802,-2.874860963693144,1.2391345746733151,-2.8794083363282263,1.2175113669818143,-2.8044143865571347,1.2034943469178863,-2.7615763857045588,1.1856159681218164,-2.716000916435977,1.213085741052488,-2.74716340182068,1.1361354756047697,-2.5132981455903236,1.3305341913384123,-2.918006387123551,1.3058659245227167,-2.8270569689969336,1.1998302178594271,-2.548960340210353,1.23705453549541,-2.1813231387154772,1.3191942939909922,-1.3593739778473979,1.3260143641577364,-0.6819307763549275,1.4744677233455283,0.9702207928744309,1.2794718756012708,1.2051859224692427,1.492609665551527,1.014001852329704,1.3244004364753288,1.2243391960582375,1.4833560314265946,1.0519001101571968,1.321496891847729,1.1981520787505815,1.4537668215542423,1.052971933578071,1.3146844507685773,1.1915586174191224,-0.9437223497663426,-1.2854591634296795,0.9437223497663426,1.2854591634296795,-1.1861330082460186,1.3037902801991534,-1.5114222812755345,1.4179165152233086,-0.6991051436677133,-0.6445695810040536,-0.6763318359980749,-1.176933803022466,-0.6214442733370821,-0.8908715256496009,-0.5902965887842155,-1.6519641734032993,-0.7396630120322755,-1.0625021016569751,-0.6939510597646411,-1.3127027739512847,0.28921568111794377,0.41639998183320526,2.4793118614272363,0.18906789033310564,0.39979790884560645,poor
-0.0802072961441363,0.8544654845631092,-0.07655473540139794,0.7975868591280388,-0.08033435468763783,0.7858227724658643,-0.08324556802441214,0.7743092706726519,-0.0597823671818496,0.8222890355353278,-0.05122278555177564,0.8269909800862689,-0.04102332921085793,0.8333232636141643,-0.08454979111775576,0.7118696956469691,-0.021427284356726396,0.8021614716646058,-0.08791516389704959,0.8569512641384589,-0.06594002314102533,0.8960869947720743,-0.10238084614140712,0.5363581101703161,0.030532402535288605,0.8901321374870773,-0.32830337535420273,-0.7989064001381752,-0.07887136297163198,-0.5362392602520566,-0.41818757590581934,-0.7646709957457237,-0.13513927313032878,-0.5268450870349117,-0.4167426953670592,-0.7435667556698756,-0.14917239871408758,-0.5118328888699439,-0.3801712102899263,-0.7426191087426489,-0.14523920725952108,-0.5235994176701004,-0.36707290865694214,-0.731394253728873,-0.13776838750319437,-0.5307013507065323,-0.6402119575335425,-1.1616761388714936,0.6402119575335425,1.1616761388714936,-0.04945178162926919,-0.7510294833845736,0.05514505286904033,-0.4687762622979987,-0.024006684986231496,-0.6273508914926543,0.0012881322013884335,-0.42735933724232267,-0.005259496940913705,-0.6208556110881047,0.036496668758587134,-0.40784819642946213,0.05233874531709528,-0.3108286533950663,0.06658107737144131,-0.2793412791165106,-2.00916911751664,-2.1542432661606505,-0.7516500030334237,1.678484335330303,-2.003496345041559,excellent
0.37095065738709543,-0.3139404007045505,0.37312506624534697,-0.30004158849300405,0.3736303243320346,-0.2863576556128589,0.37424955283734646,-0.2732197013882882,0.3722951732297692,-0.3417596260092226,0.37291701637637087,-0.3536937974670641,0.374410655773733,-0.36297741494098656,0.373793987639337,-0.26859324637097637,0.3751463095135004,-0.3730089294882351,0.3714422378055268,-0.29158774396303005,0.3726327253269431,-0.34721014571127584,0.3556515103500747,-0.21259326172156662,0.39555145627414123,-0.4242350981105855,0.3973283293292435,0.331782723390091,0.5059247035593262,0.33600977739165183,0.48308083735391505,0.38104531834266864,0.49339721993702296,0.4812013109526266,0.5013196750137844,0.36367093245668536,0.4864820380768844,0.4557848720842886,0.4801618282284165,0.34744371127679907,0.481573670782787,0.4575440424608898,0.4831132867147543,0.3625543986298274,0.48906952218647626,0.4610968346157178,-0.03291977129026782,1.6748099001085903,0.03291977129026782,-1.6748099001085903,-0.4871667454985889,0.8782341842349496,-0.35837377152030564,0.4625936310832994,-0.3214458394625698,0.25456416022841505,-0.3742753039321185,0.03202467846897757,-0.28576617607174054,0.17464650938601897,-0.36659833596744684,-0.0519024843314498,-0.37574591484938274,0.0699993302157393,-0.4316057531571822,0.12016807580943822,0.10664833579337198,0.3773368268329876,0.4150778413823915,0.2459959782756282,0.21055627352860792,poor
-0.9421387970770817,0.22411317866058683,-0.9514496788592853,0.2676824851134403,-0.9498040354669919,0.2652383420833356,-0.9398042795444523,0.2688061522662,-0.9578407626850542,0.30541437061296306,-0.9610134433592233,0.3280038955060821,-0.9623614985161436,0.3646841016789955,-0.9482631162440017,0.31663108217953956,-0.9731724432274292,0.4262450149424865,-0.9350552711306453,0.18744213469985177,-0.9438845545449276,0.25255317226337903,-0.9031519789865858,0.39631640339187163,-0.9785922765758976,0.457353955492414,-0.9120611761601135,-0.06166092471539257,-0.9948127275739655,-0.12900104227962414,-0.87974104095175,-0.7804022681807329,-1.0226423599412482,-0.8890373450855227,-0.8755266270626592,-0.787965007809172,-1.0194170757758245,-0.8912677737013468,-0.8892555245298759,-0.7884286768671209,-1.0079764541341731,-0.8790822344891617,-0.8908738431477147,-0.7893116390967372,-1.0093456907972063,-0.8778275355010768,0.7391892553598518,-0.22963927236486859,-0.7391892553598518,0.22963927236486859,0.8714548568608222,-0.639526138743817,0.8889585942988696,-0.7953547011287317,0.9392043765558589,-0.461087506614936,0.9610640723216665,-0.5869919261452845,0.9386262901621675,-0.3084187335061375,0.9612614851046419,-0.3579053443470451,0.9529200766983136,-0.6858104217972202,0.969364006340332,-0.7521489277446676,1.0742796972724291,0.8601187421381011,-0.8828938480971839,-0.866145481849024,1.5715500831944693,good
2.2362463587442853,-3.861059013775266,2.204669967926601,-3.8006690156189444,2.2125188464966783,-3.7866408221572474,2.2194958383198284,-3.7695622256291763,2.163496597609356,-3.808419922516009,2.1408441511130953,-3.799667577803565,2.1210762970052244,-3.784249533494295,2.213352164134749,-3.7136533627052413,2.0852968759604447,-3.708310893328806,2.266374005299718,-3.8219987039593892,2.2238789538196904,-3.8137452884623633,2.225695084969694,-3.6625581690573896,2.0941557508528215,-3.6766394426408264,2.487365481758657,-1.9057731450815965,2.1893369451324984,-1.193860411001513,2.5112587178212658,1.8801369510940042,2.1036172861669242,2.200308056209704,2.6234403820102887,2.0213996305826374,2.1562301234147796,2.1976832612816235,2.6100035748480113,2.0740293157699075,2.1772466676459814,2.2017901477021176,2.6015188645415797,2.0409314186699263,2.1773928266625253,2.191138060352709,-0.23474237111995397,-0.3536869311076185,0.23474237111995397,0.3536869311076185,-1.917025009360649,2.465957501645476,-2.3144284625433293,2.224200744554349,-1.611501433736602,1.3320988695592204,-1.6225067351304885,1.2227867313767102,-1.6352207635611975,1.0445407060169176,-1.7023854693191864,0.8739797731569784,-1.6576812489003745,1.0861927611508437,-1.6526213111327503,1.2389548817524387,0.29499007900547225,0.4430543159094851,1.323486105334881,0.3121800044009189,0.33819407791495043,poor
0.46341440123660466,0.1696791029348382,0.4572073940930645,0.08643003098646701,0.4524886246664181,0.06957395959172652,0.4485309070246269,0.048231103594724156,0.47382921220549556,0.08781319827136679,0.48227943764952486,0.07874378820105077,0.4920198096073811,0.06831456460358744,0.4369001031138638,-0.047395285721738796,0.4946977462139684,-0.03963117990056093,0.4535599481890208,0.13452438355443402,0.4724570574324683,0.12373051635153084,0.32095827735870985,-0.05069611736642939,0.4909512575356772,-0.1091531633483652,0.05533101209829205,0.501401179901048,0.38770406013588576,0.4854828005783805,0.05470003005648992,0.6669051398414041,0.30782649716411,0.5985308839362283,0.06639815855145666,0.64562404291375,0.307884260940955,0.6007521851137897,0.09213936790930571,0.601533854598207,0.3017088306994632,0.6064393921241634,0.08020180680510898,0.6249304387232911,0.29711738106643526,0.6080335388558309,-1.8073149325100393,0.30978883985924077,1.8073149325100393,-0.30978883985924077,-0.6258686577038243,0.38275226310874993,-0.43345506947575435,0.3914004474540054,-0.6664419871392027,0.8628122581718944,-0.5886462205297316,1.0040641549743068,-0.6235925812823127,0.8568060336808003,-0.5621882310990338,0.9199350264965133,-0.5504536828260498,1.1626091682177255,-0.4824937740448546,1.0000060662245966,-0.012907649860569278,0.11989725167619765,-0.7904780986103048,1.047107695150426,-0.4865059860903651,excellent
-1.0003505595099267,0.189587776278795,-1.0043594481119906,0.22617028960670793,-1.003290930128329,0.21881771926448168,-1.0021470206366354,0.21497029081851227,-1.021969906869788,0.25801224554071023,-1.0254708855066943,0.2813871390610853,-1.0283092093348432,0.30915414547072795,-0.9938444084856416,0.2501332549967003,-1.021747856464518,0.40446745935171785,-0.9894183512072467,0.15039832294916694,-0.999556929018285,0.23050180111886193,-0.9428741106790847,0.4020335600809609,-1.0130981344234442,0.4683258782475111,-0.995035414690799,0.028581320887953073,-1.0199314567688043,0.02565361310659331,-0.9946401686988819,-0.6981841111839696,-1.0387832740814058,-0.8010098112673992,-0.9858498742784616,-0.6910041945363472,-1.0422718828958295,-0.8217963943013062,-1.0008318631620288,-0.7052708379363215,-1.0318221289119294,-0.8024899193553786,-1.0055990120215472,-0.7120393319762903,-1.0294967241825332,-0.7973963021050331,0.8361789042619274,-0.13896743093044053,-0.8361789042619274,0.13896743093044053,0.8798809155603722,-0.6267095389508737,0.8898261110546197,-0.6432066429749833,0.9591813773960586,-0.44847913043713755,0.9652568519158494,-0.5486538539664166,0.9591660426712766,-0.3085322576610411,0.964012093137106,-0.34916649424564405,0.9646928017402209,-0.6530304798330041,0.9735229991730587,-0.7205530221696095,1.0132069965604849,0.9444003042404123,-0.8874972476713349,-0.8079291563821103,0.818120142482544,excellent
-0.9712785939514085,0.33830452967000446,-0.9718649367141049,0.37646879583973647,-0.9685029965009339,0.3951085063535492,-0.9659451017531745,0.38617568731667007,-0.9836289437914765,0.43865952591516827,-0.9876327359934056,0.45513568881716976,-0.9919403045047582,0.4701964042500624,-0.96598390941359,0.4002771674165628,-1.0007655082040867,0.5164051121085153,-0.9630776464966796,0.3122250352054158,-0.9765077556537554,0.3759284155875452,-0.9277933702384278,0.47469063600682343,-1.0000335112469938,0.5382204185180561,-0.9111045946169024,-0.006219340503267202,-1.0293905459500756,0.010944245396301365,-0.8846746211418581,-0.7525350163784146,-1.0348939819938385,-0.8500826185771634,-0.8972660771290353,-0.757220111249835,-1.0268345104920684,-0.8580437223000859,-0.9141363923894934,-0.76723789409239,-1.0215556923683817,-0.8517819151099097,-0.9124332719873286,-0.7661622610442809,-1.0235716356569482,-0.8488433212762689,0.5967222617871779,-0.19776352557281593,-0.5967222617871779,0.19776352557281593,0.8757962739447283,-0.7208697384470628,0.9010673550069485,-0.8204501799762697,0.949899661389929,-0.4813981777369451,0.97101726720845,-0.5655738267413425,0.944972192920823,-0.31095888096972535,0.9706953332716246,-0.33043321991232677,0.9578310020506872,-0.6907101371081106,0.978179168804225,-0.751723789490809,0.913062485582127,0.7496587026711852,-0.8619760789968337,-1.043430986476376,1.7188607818017008,poor
0.7305340961299132,-0.46180103068434736,0.7271756744275176,-0.47720914243234547,0.7292459858745147,-0.4622531845189024,0.7313312290650161,-0.4482316155814203,0.7193751406748868,-0.5274106191990247,0.7152617118665783,-0.5486620002925268,0.7098569753394117,-0.5690937229351865,0.7388910894835243,-0.46349873303354566,0.6972137158355066,-0.5847609446868315,0.7353422056989591,-0.39882071139060726,0.7299108664730887,-0.4766825673782109,0.7266024367436656,-0.4828422784695317,0.7386839778854724,-0.6717835028954412,0.5281254256562582,-0.14967457599170467,0.6669930968845234,-0.3346444671037029,0.7162029034030136,0.44451822994027657,0.7233030694142633,0.5717541951569849,0.7231719688719733,0.40176118654427023,0.7342442621121733,0.5676886823656834,0.7374454498072883,0.39974614197029107,0.738367995964436,0.5690296417925265,0.7604029709248266,0.4343961608466584,0.7554687752239454,0.5647826279933389,-0.7039854937083451,0.6867311424778394,0.7039854937083451,-0.6867311424778394,-0.7495291299185691,0.5553698125707341,-0.704265696107333,0.532400787732126,-0.8448403733076977,0.1063336411537856,-0.8185782904777361,0.12344500453167338,-0.8620851634314712,-0.01970171876348467,-0.8513275412495965,-0.07316434052235395,-0.8472482077210076,0.27491136711701175,-0.8451335424632188,0.456453611022583,-0.3262421324702624,0.004543177521332131,0.7815071679916684,0.7763306283995466,-0.1592367765418727,poor
-0.9967093887635726,0.2271072212682097,-0.99711006732864,0.27668184958492353,-0.9942895421266751,0.2679089277839505,-0.9922981147670925,0.26094004114657093,-1.0082429584368908,0.3229300149995628,-1.0119042626455428,0.3442877860982756,-1.0159651098362374,0.3629315472318848,-0.9904692424294141,0.29865141907687254,-1.0202433424608626,0.42334553020725935,-0.985937592318305,0.1892657446195956,-1.0015121506589333,0.257140827810831,-0.9505123703306577,0.3698999452455219,-1.0197153435780448,0.44862531200497197,-0.9953149594518514,-0.038973153377063564,-1.0091961358435058,-0.03538719137736314,-0.9985191317167789,-0.7602168689807154,-1.0111734325045594,-0.8596789200376466,-0.9950931446506678,-0.766337684724557,-1.013806511665395,-0.8702194087754476,-1.0027294671514206,-0.7779795950109911,-1.0013573306046417,-0.8612097297647385,-1.0066396753008866,-0.7783799077887046,-0.99743282553083,-0.8582856773200267,0.6941324143736675,-0.1770347296569895,-0.6941324143736675,0.1770347296569895,0.8865996098333694,-0.7435310500486862,0.9026658711020202,-0.8116848819728597,0.9632432898829009,-0.5220894020375478,0.976239039177111,-0.5930591429000407,0.9600386468720352,-0.3534657602420395,0.975918454065846,-0.36420675499177346,0.9734431860765963,-0.6887633503189109,0.9811244545061422,-0.7699924460044595,0.9559674425619633,0.9408593747501083,-0.8806291878826547,-1.2192438322074242,1.0222413745876229,excellent
1.6692081577136328,0.26522481230978523,1.6905492799824968,0.11628218982382393,1.6911512605677539,0.11335550221442173,1.6928695264528701,0.10824494502159314,1.6998504310527431,0.04093150211989005,1.7078689082995184,-0.01411277949586417,1.7186054452780584,-0.0664441704437052,1.71718865440144,-0.058645598548929395,1.7333331495853856,-0.26311843122744505,1.6644284009601038,0.2878853893644972,1.6776026596403104,0.14139615593557722,1.8282059550110508,-0.7891454793266037,1.7721206662702855,-0.46920491095878664,1.5956675368451478,-2.794757728221133,1.4407222171338958,-3.4352008794226854,1.5991574379143674,-0.5392469999335561,1.5627072430387041,0.18766379202491493,1.6677315848083487,-0.4545636228063306,1.5335365958539073,0.3222329692694844,1.6102420549942826,-0.3467420397240104,1.5536707713938807,0.23851545776015093,1.643450916158019,-0.33986994328499065,1.562214243297035,0.18776090695590036,-0.25432908764855744,-2.54899905428776,0.25432908764855744,2.54899905428776,-1.7978500194809068,-0.572841592599288,-1.770823489665048,0.3553782507244241,-1.86811944081051,-1.8290573107802632,-1.8544892169514786,-1.2205758610639528,-1.8868960230129148,-2.481838799931909,-1.84195590555814,-2.038461516283169,-1.9304916668685257,-0.8569463287364273,-2.031769246469698,-0.30282708232092725,-1.7868646782496684,-2.04811320178002,1.4383229461794258,1.4519761466356436,-1.4546701103790238,good
0.6785562934189554,-1.5495343156592838,0.6735555010944845,-1.5096724463173727,0.6801435787090497,-1.4932214539653543,0.6868261349718335,-1.471507445901251,0.6442509612934945,-1.5382528654474037,0.6292688958892998,-1.5417187120858955,0.6087978861128235,-1.546653784145361,0.69423708110058,-1.382915905946704,0.585472323060589,-1.448828866416489,0.7003079455124915,-1.4593947472353366,0.6562149968611937,-1.519165411831995,0.7043951920083013,-1.1812230525809644,0.6170959723091989,-1.3718336708453265,0.352656298508896,-1.0556232532265608,0.43354686819793753,-0.882924955183083,0.10533198823760724,-0.12620029713588768,0.46901283962842427,0.3740558613277785,0.044686185422570426,0.009538470210320286,0.4887399967233562,0.42003540830302527,0.1818786660758572,0.04256342938669889,0.5186840820506299,0.3759269476153919,0.11264180767729409,-0.0035280567214666402,0.5189460505574205,0.36145414537331566,-0.46906341473340885,0.08845355835475276,0.46906341473340885,-0.08845355835475276,-0.8181831873920903,0.2076555051597452,-0.9619344263348226,0.4598910780958345,-0.7062254671677122,0.05469681522776521,-0.6720375270881934,0.08167781070110046,-0.6862260206395852,-0.002560809142686322,-0.6413607593097446,0.04371833450836731,-0.7044858125313059,0.07284015974482932,-0.6893488368883465,0.017283246499225642,0.062355342272112035,0.14546222137352902,1.5906953136428936,1.4680641992560397,-0.26664890865206925,poor
-0.1488392914985946,0.4053209080459526,-0.15992083702997056,0.4146385095809998,-0.1639409837124135,0.4213665230244768,-0.16807391291501714,0.42929889528005843,-0.1497636267540352,0.4052707051731202,-0.14654240520499376,0.4056248176277949,-0.1433663302146358,0.40723109647094313,-0.17630908948469762,0.44601611223827653,-0.13945090636238242,0.41656759097773916,-0.1542972019730972,0.42288593351909476,-0.14409006661849696,0.4186689225573979,-0.2146389077026223,0.6880948352755188,-0.13405724348878467,0.43020166767503215,-0.026606087974566817,1.174807224982091,0.04046415346359681,1.1417932397037576,-0.062291297790328694,0.456110589584902,0.007439396836406807,0.2504230477431699,-0.0497402644514224,0.428394657682147,0.006038068546892886,0.22203044108062184,-0.04690746884664294,0.4096233794938959,-0.016759172198140423,0.23346195739314984,-0.05655913454141636,0.40640141064155444,-0.021444107588904412,0.2450310045731168,0.1274557401799494,1.4557148263285289,-0.1274557401799494,-1.4557148263285289,0.16827291054400279,0.5453758365023764,0.1956624886867672,0.14626285397820782,0.09735006406088426,0.9316260552632114,0.17030532005088975,0.5527005449524732,0.08884099259285295,1.024202813376359,0.15470404716220373,0.7278375844888871,0.08015350360415652,0.7195989589662017,0.16299371392790407,0.35981532071160643,0.6580736977779457,0.5953865735147191,1.0591795940736137,-0.4125595678699746,0.523314550240378,good
0.03058589572579864,0.09908978498044702,0.023843619353867987,0.09791796102763392,0.022192810619168894,0.11007177266390465,0.020466589207332655,0.12384169891007925,0.025521993399156062,0.06958448363709929,0.02434139236449589,0.058380637378004106,0.02329531974732772,0.047991897343313425,0.018821272685152466,0.17186295737620805,0.02653369791705509,0.07415188397010186,0.02714019217034475,0.12635086372896695,0.029272314285642732,0.086630415942516,-0.04248976639535866,0.3397411622490327,0.06313103719643805,0.11408325667761997,-0.042871462669145904,0.5692212677139743,0.14452309161880347,0.38814018462949923,0.029026799425786967,0.15891226161350225,0.12442240732090153,0.09383701775912712,0.04467401858312106,0.13218833462912008,0.1279364419852211,0.0914817756667609,0.05730751159173987,0.12045633027382503,0.10759692021475083,0.10067502826675676,0.051585679053682394,0.13821289423871636,0.10220784497352976,0.10084521359926012,-0.5925368123883836,1.716965048277652,0.5925368123883836,-1.716965048277652,-0.08430321205113045,0.19816117921107673,0.004783777839170186,-0.21264974946739845,-0.04027508766171208,0.21893865671497204,0.016074966399232907,0.13401076647456792,-0.03667544754657241,0.27394251222289423,0.009781889190811828,0.2339564509539617,-0.08593732538827897,0.21547200116724513,-0.018239811377825623,0.2929264812149937,0.07153467791123107,0.3054383762619099,-0.802291161566771,0.2805594879150067,0.024429631973785344,good
-1.0202213082751055,0.41896790934693595,-1.0226575553497144,0.4569014206298155,-1.019539542483431,0.44585252708394996,-1.0151768261371399,0.43346512050592284,-1.0288806439343006,0.49608412492392884,-1.0315196099324266,0.5145682291255206,-1.0341878717361772,0.5343817108884379,-1.0044336887320473,0.45497533511207683,-1.0364294276106385,0.5893349385597694,-1.0092908153663356,0.3950355575958616,-1.0221406536006294,0.45394322107787166,-0.9647702513401748,0.48111112049490684,-1.0297581658859989,0.5973600730634968,-0.9362468060329938,-0.16745304628286287,-1.058545452904371,-0.13999056091258796,-0.9802107878419581,-0.9071246229516656,-1.0193258377178385,-0.9800910147189709,-0.9794108358575245,-0.9107493367014367,-1.0171843139784156,-0.9818244704237995,-0.9879067187340216,-0.919945667311583,-1.0092201699792103,-0.9811191044582501,-0.9902945577431661,-0.9200046878768248,-1.0100081459836865,-0.9811427971416491,0.8019602124360842,-0.192682296953152,-0.8019602124360842,0.192682296953152,0.9228948482363404,-0.8877930739721931,0.8995309229515062,-0.9681308879840579,0.991308156390884,-0.7209474277662692,0.9688599589435767,-0.7920497892840012,0.9880524150791862,-0.5882711860559797,0.9676227593880393,-0.5681102690800509,1.0009881853253233,-0.8532752802149426,0.9803017630219798,-0.915510768969287,0.26830054132960335,0.4251949740254667,-0.5803210176047606,-0.8409460061125055,-0.5013265458509788,excellent
0.5975524070262125,0.5746270040681489,0.6178475650493293,0.5003579502449155,0.6155935439222885,0.48229559333543026,0.6139503328626306,0.4607914283955151,0.6388009693788456,0.49895664233631914,0.6532439869290699,0.48466236798006684,0.6699850755959222,0.4661866925345172,0.6288305423358795,0.27142331543689613,0.7109670001652775,0.31303660529485844,0.5802235439673168,0.4919308205025687,0.6099038489707774,0.4965626822714091,0.5403461508668341,-0.3333988408730867,0.6815900052930938,-0.08824333426745082,0.2544551411153637,-0.2146955573112686,0.5110653566128851,0.04247280075286414,0.2871199771287696,0.4631461731552146,0.4539772559055462,0.5638199132798204,0.27744100652413006,0.4912204299961871,0.4296644814904616,0.5575515058141961,0.2924457017066985,0.46596721996714735,0.4372807744611353,0.5680330919483861,0.31081015527309047,0.47714901604184057,0.42741720737304334,0.5802304703040873,-1.6013493102593332,-0.7238993572856961,1.6013493102593332,0.7238993572856961,-0.7735715446355274,0.15060312279866178,-0.5776618919580495,0.46538576977922363,-0.7981126609427001,0.6137175526809967,-0.7349017919654217,0.7890613588787803,-0.7682463958709195,0.5468247229159344,-0.6972442288751991,0.7552049559299515,-0.6314380807536001,1.0061713192839103,-0.5843684913081597,0.8518234679020746,-0.282737425649016,-0.19936118055828425,-0.47585765294977656,1.108206960592977,-0.7208411039515142,excellent
1.140534251257305,1.4154291149678155,1.171624961779273,1.382561890270213,1.1723442544337221,1.4195114936524442,1.1739653205792904,1.4524237746328186,1.1837546742457314,1.1874203618472952,1.1948005828151302,1.096778281528559,1.2091875364960116,1.0093623631761302,1.200049333609106,1.3747336467292655,1.267709528906796,0.9004785691812154,1.123023957071949,1.543608745068261,1.1407338166013923,1.2778870320248858,1.3390388179042851,0.5036948614429625,1.2453441485747356,0.8794221332651236,0.9255133202953256,-1.8995899519063808,0.8029694126638076,-1.6894868273928918,0.4272364437791822,-0.7248577200797143,0.8106628105118275,0.13407477465605128,0.4815367089711121,-0.5691685582109343,0.7676722178250506,0.2104073033088862,0.39563331931873214,-0.35894717635724166,0.8365060666623456,0.17234921101953415,0.4213859339478868,-0.3793357563084278,0.8627673269474567,0.13303539551663796,0.2755790408448442,-2.5928375972760844,-0.2755790408448442,2.5928375972760844,-1.2201367448349643,-0.7558255999661557,-1.1709023741542226,0.180126621682762,-1.3005379506680974,-0.8001098408273223,-1.3665091068622468,0.006092615189702473,-1.3012076177990446,-1.0999154627533125,-1.31888533760124,-0.40400606985459697,-1.215155105724766,0.5876902134134372,-1.2233345714432102,0.5197845987634994,-2.05883476642237,-2.336183409425258,-0.8023789707162231,1.9153720377929138,-2.2886355764470028,excellent
1.1652674330024242,-0.4383995376952543,1.170780984189097,-0.5545381789011541,1.1664009997150495,-0.5781366281451572,1.1612262629079075,-0.6040106637061401,1.1869906325939281,-0.5510006364041896,1.1958453809020555,-0.5645487234979694,1.205541569765146,-0.5762290995217935,1.1454191750781226,-0.7785520308131991,1.2190548474200402,-0.7027047389668294,1.143658701824297,-0.5528607029612534,1.1676546005331838,-0.5533242997714205,0.9902891645947034,-0.9132217186699565,1.0897092105952855,-0.7230689688106277,1.2475239092931445,1.3540624081633756,1.3805219793057784,1.5163841097371333,1.144734690856548,2.2249294665021653,1.1588499340731941,1.8142806139188123,1.1168650451237139,2.144461053742515,1.1806055970180849,1.7599750081644054,1.0877792267112243,2.1207919177838446,1.1415311779574733,1.8198295651399208,1.0798456912169814,2.162958217732186,1.0956670486193902,1.8431164237117643,-1.9367848526871414,-0.8953466510287338,1.9367848526871414,0.8953466510287338,-1.308195699518891,1.18227527569591,-1.0544263502237798,1.3436496197046255,-1.3851336308713877,2.4442283638646347,-1.2624221767999724,2.5413801917185213,-1.3217464646073689,2.5944674437195183,-1.3755919440963922,2.5927959010874986,-1.1786695385077879,2.4205536127599596,-1.072172807996652,2.142973916272772,0.5480735903421433,0.6190748654596632,-0.8422219687267458,0.08694029379794584,0.03693123920718944,excellent
0.11422752033971932,0.6573142000159362,0.11812856641511413,0.6043633891615308,0.11440455617893672,0.5924845780781562,0.11140634371668987,0.5815308799968758,0.13520181040375934,0.6280682220362721,0.14450465203802124,0.6342797911140073,0.155656605735956,0.6420500623419718,0.10758449699644268,0.5369440924589766,0.17272455524252997,0.6013870677366606,0.10552874147259568,0.6593632210206503,0.1293275073327749,0.6885890492955096,0.07099640485723992,0.3332907706198499,0.2127862649915278,0.6646054007276776,-0.2576660384045073,-0.7208104024255382,0.016634567066613905,-0.5002474700024387,-0.3244459797987435,-0.5701582532589432,-0.023643677608631754,-0.3400970179391417,-0.2797901929910702,-0.5623286418318523,-0.022700722479331678,-0.3344487217133301,-0.25926618011938746,-0.5632191045095865,-0.021010319950718174,-0.35605692817793894,-0.25134627886466826,-0.5498072243878408,-0.012644052585414565,-0.3644155096539414,-0.7323610383621744,-1.1410974907431368,0.7323610383621744,1.1410974907431368,-0.28082844882987873,-0.6363614498056157,-0.14270663269779574,-0.28919667936921245,-0.2628750746516583,-0.5061426937804484,-0.22692353529701115,-0.309507161610405,-0.2507394776804155,-0.5971612666719591,-0.20951887013597173,-0.43592487859724866,-0.18699762933815547,-0.1628440289964385,-0.2291805333586083,-0.1277647032174384,-1.4025648346324207,-1.5677442479951054,-0.684288062546624,1.7646331372847293,-1.6917743661139009,excellent
2.017939566429991,-1.8950527338679148,1.9956317510356507,-1.9999140221806488,1.9970540512518347,-2.0059975349389223,1.9980690869154607,-2.014582315524625,1.9839573097903656,-2.0304166844408993,1.9785064504096448,-2.0479813302099075,1.973012418711316,-2.0663899902173837,1.9764521991899227,-2.077103399514452,1.9511229263495615,-2.155739326294156,2.040848238702667,-1.9231936759889012,2.025595511961908,-1.94784686893806,2.0041400004170633,-2.0514124707060244,1.9278667449362221,-2.0845106495132066,2.1867314935037725,-0.1856846705538751,2.026936606200848,0.20198653232338823,2.390500527279459,2.241063088799651,1.9636730943192438,2.0562700001894196,2.5202040472246328,2.371416031142176,1.9601192000936456,2.0898595132948037,2.435749479433217,2.367680400088741,1.974059598230175,2.125025181030418,2.4102400146969765,2.321731278060994,1.979597398514758,2.1250754919113453,-1.1039679251880732,-1.4034070020755247,1.1039679251880732,1.4034070020755247,-1.9086665305312438,1.375181236446343,-1.933380145571527,1.774316767752162,-2.0151652985112296,1.6262321394517352,-2.1290279775954413,2.209395625183585,-2.171527658840135,1.6718693116497843,-2.210319713999333,1.8515137290649397,-2.1099349006595483,2.0895304815573175,-2.0559883147585896,2.6197207764781782,0.12370043598737843,0.34476449028932127,0.6013589616976982,0.40447127784758485,0.3353615455781563,good
-0.005139453684360555,1.0879676383369574,0.002000508955864159,1.0215627919473942,-0.0006997484790722737,1.0081496376560903,-0.00266935621157153,0.9934166519608558,0.01764953166586804,1.0240679653696059,0.026528251387694747,1.0132547593458967,0.036827212746121954,1.0036119644518138,0.001924727545722561,0.9041768701999565,0.061921407200009076,0.9413772987215662,-0.010179776223826284,1.0736543858005143,0.012213039691854562,1.076220519229951,-0.010348519739823347,0.483499746004176,0.1120595243879265,0.8378628585411476,-0.34561216558831964,-0.741835906230339,-0.06139638101304685,-0.4249072482439066,-0.3164599886619305,-0.6533004292078436,-0.07828630206270167,-0.40806007255455107,-0.3094779109345503,-0.6439980618431105,-0.06830232057551087,-0.39522711466812643,-0.2880277477396829,-0.6611412123912254,-0.06768564397966985,-0.4156355158288496,-0.2716900063880471,-0.6658406033404871,-0.06854189405805841,-0.429462485464733,-0.5667998513693033,-1.26668709529431,0.5667998513693033,1.26668709529431,-0.1397423174465653,-0.7823513934944601,-0.026623336825902053,-0.3862347443643657,-0.11597485885644997,-0.6809031805921331,-0.08458628636789679,-0.435928877715392,-0.10191297867556047,-0.7474049644454971,-0.05067621887583258,-0.5138353301191642,-0.035692485582746195,-0.24181630518968036,0.00726211831088797,-0.2148753578827374,-1.9062423587546697,-1.892378617338071,-0.9328778414556985,1.6480703065589632,-1.8481661659326567,excellent
0.3959562359218122,0.16001473038378483,0.39561993525154515,0.08372646961880476,0.3906347372288053,0.06617801132883828,0.3852136803877522,0.04754023937905141,0.41117902092539893,0.08811879984681094,0.41800460449696036,0.08052453671796621,0.42516559019989303,0.0739823953196706,0.3686254266662609,-0.06428930958099253,0.4232838492663552,-0.0066828671919978554,0.3710761187544959,0.12712897147450397,0.3885924189602986,0.13569275544240583,0.31485899008305984,0.1502203297931011,0.3516725965413611,-0.07889573951158146,0.8714429035904342,1.6927433054198024,0.7513712024079128,1.8287395901946626,0.9163415726144418,1.285691032446615,0.8192386201817219,0.9731839464054387,0.8692384834522637,1.2716111554400376,0.8084394074830594,0.9259635119216525,0.8499541141986358,1.2355133788001058,0.7911323208271799,0.9641350291793637,0.8502860615989002,1.2560182485241926,0.7834220035497984,0.944071761565943,1.2971409504927538,2.125512138608692,-1.2971409504927538,-2.125512138608692,0.7082633364813703,2.5738852143775466,-0.053291172911483456,2.123758387696074,0.15881507499138986,2.034841660765351,-0.198217552171407,1.465509095639871,0.15255620138725123,1.8966501859755147,-0.18241229689618707,1.2592836639210603,0.038250339364545055,1.5744360730362497,-0.39320384775010825,1.1650086401442292,0.7059930858233151,0.6013527211987248,0.5308420666871394,-0.9411677859912804,-0.013655649947557255,excellent
0.27262765742747636,0.3254720263312594,0.28201579937134086,0.2944438626637071,0.27734540537332947,0.2952277053445608,0.2729516011842738,0.29319200139016616,0.29315374871636896,0.2597485707303775,0.2965725418623365,0.23392019015825605,0.30077311369024606,0.20520462947983786,0.2600349787836368,0.1674594847872448,0.308573594086819,0.1140665918095911,0.2562451834462072,0.33648426327611136,0.26821673591285405,0.3085307521960999,0.23379207467520036,0.3702934615865589,0.295691120267955,0.13968926351946306,0.8302357951343557,1.6557761450979727,0.7141845623960819,1.799359933144093,0.9359729629546276,1.0909386849211753,0.8407195477958802,0.9366144133673064,0.9066878017871737,1.0985848831401648,0.8260870663133245,0.9114513051470734,0.8554569039681436,1.046722621187178,0.7952595362523053,0.9256049377617402,0.8427945980577193,1.0416582308951927,0.7902804225386043,0.9318802301224908,2.745751759471792,1.806164251533206,-2.745751759471792,-1.806164251533206,1.1048703811843705,2.47871137335261,0.2633617798509445,2.3116079811657055,0.3962864100689765,1.918638162407852,0.3298608783947289,1.5257312938033498,0.41856054461544717,1.5888085115321364,0.3882643722939882,1.3731200485421842,0.24381612916902978,1.4512995557887272,0.15611766837972865,0.893385545709281,0.6701026518234374,0.5609567423903756,1.9573638879216462,-0.4035085853715381,0.2689190687599156,poor
-0.19555836464809678,0.1074163977043619,-0.19927311527794078,0.15307379855768352,-0.20266318445573944,0.1614240617723999,-0.20589897358387724,0.1695426088094266,-0.19137606982334399,0.13554581054979323,-0.18947309764861395,0.13427584626688138,-0.18816657581849466,0.13125214659884138,-0.21133460466070197,0.20043467532847134,-0.18752131500163716,0.153358913679357,-0.20194120672699348,0.09707127420440623,-0.1951043692810325,0.07656583786967969,-0.26833736438052475,0.30038640638625336,-0.16103105332960266,0.06271234566287175,-0.28486524333384017,0.3047197104823581,-0.044696181927814854,-0.015459544763412636,-0.2122374281791463,-0.2853853548385622,-0.04686402587785815,-0.2914057427706907,-0.20615573592513878,-0.29072028190100185,-0.05144674491251487,-0.3173001646401056,-0.20469377229395636,-0.3489406020611443,-0.06901892996350026,-0.30927808298442705,-0.1912891590985304,-0.30905447982140755,-0.06465612125195361,-0.29981569421286597,-0.6070451782434046,0.9095179124462724,0.6070451782434046,-0.9095179124462724,0.15096395881592503,0.01138211471044967,0.24313405479222958,-0.3724306617209264,0.21295714402534777,-0.05477109419345388,0.23404845148329217,-0.1798198489151737,0.2163219286920173,0.021285007271793926,0.22438433581750375,-0.0425009101139957,0.19662763898985142,-0.2109397262072423,0.22202515120320385,-0.19184238244316829,0.09733975377558055,0.3811747369577435,-0.012135102464225948,-0.04775859663210546,0.07508723608340549,poor
-1.000916499614683,0.2830837105910652,-1.0026919963649576,0.3254934266080476,-1.0000208769220158,0.31875596310605536,-0.997994820001815,0.31263080898999057,-1.012855563917622,0.3632563769545114,-1.0162453824791828,0.3846463309676723,-1.0197612183261626,0.40789940096726174,-0.9955409892474938,0.3529526336565139,-1.020688564736029,0.4869269814543612,-0.9883007964954672,0.26189414276947304,-1.004577914978531,0.32168237218864193,-0.9505334799933446,0.4109933092534719,-1.0194044180760693,0.5012136255261991,-0.9626324125689837,-0.0294338870308035,-1.0442233638309992,-0.053156134383130806,-0.9891333598494679,-0.8020956465879805,-1.0153758337995964,-0.894688268496928,-0.9893342562522154,-0.8085540405307029,-1.0166273178169385,-0.904323476317183,-0.9978007234269014,-0.8199336784115109,-1.0094444913223126,-0.8995369856779492,-1.0003229246936096,-0.82051135007188,-1.005867136210734,-0.8972974324404904,0.734256869035885,-0.19798745975987184,-0.734256869035885,0.19798745975987184,0.8951048541791086,-0.7904613930726877,0.8929006907303955,-0.876637466800785,0.9694064210216098,-0.5455229142531004,0.9713214901278897,-0.6290827082939519,0.9683963042162733,-0.3781772074772332,0.9696405044399509,-0.3818138161683237,0.9796652164814371,-0.7442494398041769,0.9776123083016186,-0.8092786173336278,0.7386307808013542,0.6325239080599895,-0.8692198062072181,-1.1910261999851892,0.5903982672814554,excellent
1.7757897959325437,-0.45988891414957334,1.8121987729061844,-0.5925981440402441,1.814051511549711,-0.6156333129335982,1.8170313919828727,-0.6407262197077509,1.827078665844538,-0.6562314362742789,1.840128761393061,-0.7202348733972613,1.8547580662796737,-0.7900956585745926,1.8305525764346549,-1.0411726990814372,1.8823880157065578,-1.1604919158432656,1.7533586022676262,-0.6325371499812719,1.7694338589151313,-0.6877578771654217,1.7604727184402689,-1.4189863419423356,1.5845569367597847,-1.5959543201014594,1.9600222627450337,0.8228483433616974,1.788818507537503,1.4107558618700717,1.8932405192078277,2.2143682548434374,1.6687960432987285,2.4015312696167914,1.788309729693382,2.3385424643816415,1.6141087032903787,2.4026839351715132,1.7231548306443394,2.3473743344681433,1.6274473429608285,2.440794933612079,1.738648772555938,2.325109802340323,1.6107784118884678,2.459024359486406,-0.4371056236445441,-0.35502928471872586,0.4371056236445441,0.35502928471872586,-1.9370082581516772,1.6966271031124225,-1.6816720165756998,2.211371412293923,-2.14282482815652,2.58199860402081,-2.0282683948711666,2.984477738995138,-2.070365516010922,2.3405127252575793,-1.9594890178781799,2.791620084839822,-1.8017575370006156,3.1890187679547615,-1.741013138395462,2.8661375182491002,0.28917315967165125,0.5079048373911692,-0.31715219519373783,0.14510121536531428,-0.260530073084955,excellent
-0.22324035522398264,0.9092914166683415,-0.21916158822690995,0.858120947997176,-0.22296425854561272,0.8444884527851764,-0.226216648633174,0.8297730637836018,-0.2048553477613279,0.8831490724517971,-0.19827059162417604,0.887396585509865,-0.19066627475227363,0.8908029672078622,-0.2317506973787274,0.7905747115997485,-0.17615249902288002,0.874110184157276,-0.23079731055267,0.9079952839710964,-0.21343181464215755,0.9370248369678913,-0.26014768315010095,0.5528093526633083,-0.13045784912883437,0.9218467694950871,-0.40621013925079297,-0.9658306893060901,-0.21190359650939708,-0.6977302453876714,-0.502692485959409,-1.012657935548581,-0.2669492786741915,-0.7408883665842143,-0.5201407926651219,-0.9717737586831581,-0.27731566908237193,-0.7300038943849382,-0.4827309647504469,-0.9601137292644769,-0.27460957004162084,-0.7483406937530076,-0.47047443252500726,-0.9525840973104757,-0.2678328741075784,-0.7570853938955829,-0.4494855629526029,-1.0210938729990835,0.4494855629526029,1.0210938729990835,0.10787570561048948,-0.9489124624777913,0.2122392027156767,-0.7352390816760869,0.1340700690988976,-0.8675052538518218,0.1706929092626903,-0.6778532359093168,0.14150302920381563,-0.8893648549055562,0.18396260400661688,-0.6708860758504303,0.13340555162085238,-0.5471386780040326,0.22503367398025848,-0.5550093075133173,-2.4622130261889534,-2.5008923195258657,-0.8054835873206899,1.5758422186651004,-2.2879901779856224,excellent
-0.08644177983274355,0.37770936172973696,-0.0980566814493732,0.381551627286171,-0.10208710614848955,0.3870438071468732,-0.10621605301609564,0.39343698478561423,-0.08787666176900052,0.37167171613731065,-0.08461304858465138,0.37097639450601944,-0.08129780508111774,0.3720040633114799,-0.114690624901802,0.3888064001805225,-0.07733923209029975,0.375988281811768,-0.09099102582774579,0.39521397438658695,-0.08024886789852914,0.3907890275583988,-0.1564210449822085,0.6482815001904031,-0.07867971268693601,0.39305598710328615,0.08091057068540411,1.2139866876559489,0.13453635273837022,1.1835604679236171,0.03412202985839552,0.5108464803610896,0.08862025815793309,0.3079843268859733,0.05267930457308408,0.49164732352719526,0.08544090736410874,0.28164075745719047,0.050511727617024965,0.4770905979288891,0.06228503176500959,0.29531184673552885,0.038427294196050475,0.47171019696554317,0.059115262405425924,0.30770107834409605,-0.4118181463059296,1.5263792766694129,0.4118181463059296,-1.5263792766694129,0.06912631364085287,0.44513923059849364,0.13856485141493857,0.25687325412809264,0.05828512818371972,0.7736845433439273,0.11589246262900167,0.576003010854154,0.052803633034715795,0.9129225878185951,0.10523818526540983,0.7177748476264576,0.05317144968578239,0.5890938734156608,0.10913238287958524,0.43031638182785303,0.6996377341024628,0.6431500119138904,0.7568126358578003,-0.5284660754780506,0.5220175035099859,good
0.8553845707925178,-1.0227715417866559,0.8361191775898275,-1.0087356856206993,0.8327429108689874,-1.0086240607650594,0.8291564729440516,-1.009614054571986,0.8421945157525413,-1.009371735145838,0.8438985402908192,-1.0085221456758298,0.8450854926983294,-1.0103081961199059,0.8152286906073553,-1.0435084348616632,0.8375013163321928,-1.0276521247211001,0.8558598076282992,-1.0476692568426071,0.8600692122952536,-1.0504661516314395,0.7816180716123827,-0.9948622880729144,0.8646902736199167,-1.0753120983824223,0.9379343980537108,-0.09766063679905736,0.9819698143004222,-0.2622118306752075,1.0847506338669302,0.8861086584630334,0.9991809970093345,0.7516839614474526,1.0678233308442746,0.8168204468222964,0.9861047413895391,0.743342104698198,1.0579331238944325,0.823723580547805,0.9751526045903091,0.7489453881397742,1.0516344665464707,0.8576684114298307,0.9731274421523517,0.754033042238654,-1.2520036063299842,0.21176461763226484,1.2520036063299842,-0.21176461763226484,-0.9022971042355281,0.6352979055535998,-0.7971415368159628,0.6769660577669729,-0.9919167686906261,0.8129470342829219,-0.9834039687418067,1.0860010646625724,-1.0132942440424408,0.7799489508107745,-1.050225050852512,0.986022157584704,-1.0032517243518249,0.9008048943433211,-0.9416738047223253,1.2635333774392672,0.20682180371856054,0.29854617736913275,0.784320464626449,0.09433884530644905,0.4077573750092545,good
-0.9748586551165628,0.22422124360592138,-0.9766305683722799,0.2716248461274945,-0.9746390533240533,0.2619898233885013,-0.9724494793763855,0.25276562381176576,-0.9854129039035364,0.32204732902113,-0.9899927249931536,0.3449818464882566,-0.9946245497015118,0.3668499024295576,-0.9693725032214863,0.28634438273236934,-1.0066551314186514,0.4200336633798548,-0.9684300835017798,0.17731539227329207,-0.9785556569563365,0.25796265574710203,-0.940103898102288,0.36034857568180095,-1.0103592523235057,0.41493451451543406,-1.0054543576650072,-0.05690122473221838,-0.9918304367966821,-0.10078002909662061,-0.9948566155275785,-0.7742929885602903,-1.0053462045111452,-0.868551116486293,-0.9869075511232426,-0.7778293851174891,-1.0086221677489644,-0.8749407117135446,-0.9996827715733181,-0.7897718792483853,-0.9936215309768237,-0.8750762197189711,-1.0048599765584458,-0.7922726354156435,-0.9897830917104309,-0.8726543923392649,0.7003034053822246,-0.1742453656568396,-0.7003034053822246,0.1742453656568396,0.8928478165863276,-0.7348665283026938,0.894550587658748,-0.8192500330535465,0.9629381917656428,-0.5371843716382857,0.9723462293376419,-0.6203909264381605,0.9606858589355132,-0.38264331223533604,0.9753706952009581,-0.39620970650875137,0.9735151668053879,-0.705558083060674,0.9802903066191258,-0.7817340328215802,1.0909103674483676,0.9121031502889251,-0.825383517851872,-1.0732836148949811,1.0870833279606835,excellent
-0.1527079491713314,1.0401408460440043,-0.14597955976087337,1.003047939921238,-0.14986101403641638,0.9943927062438334,-0.1534165410631677,0.9840173263113801,-0.13082819166207582,1.0121456452944038,-0.12355959497727709,1.0099034031943113,-0.11547390809864773,1.0061646037293042,-0.1546394749114037,0.9266084572872307,-0.09680593167084814,0.9587768557786309,-0.16088007538174423,1.0344868222757655,-0.14108563470445235,1.0462015372517648,-0.17290316434063813,0.5646334821227367,-0.041571803578220136,0.925195559269395,-0.3962793866310482,-0.7513415489668281,-0.16058823177845707,-0.4911848834977918,-0.45812855551480025,-0.881490677260458,-0.2078892170289709,-0.5970271911299864,-0.4619917536445624,-0.8493235798433417,-0.2080088681648606,-0.5711950098937322,-0.43005381381866675,-0.8487215346190021,-0.20802168124421683,-0.5906226941996535,-0.41906677550659477,-0.8473807588599186,-0.20668930644003622,-0.604739821171993,-0.48708208102236034,-1.1465374039502316,0.48708208102236034,1.1465374039502316,0.020687146058479752,-0.85273224417392,0.13026759393968063,-0.5845365459656165,0.05602165836101791,-0.7904800792707566,0.08623299887651323,-0.5807095568244545,0.06377099376196702,-0.8395247343218544,0.11254496708969954,-0.6262867646164771,0.11238735087922612,-0.43105011483705236,0.1574806571590415,-0.39436831727175686,-2.0758170259654367,-2.2058557929266196,-0.898115312376574,1.716092347365671,-2.121676173611368,excellent
-0.9745276627499421,0.20165724425968784,-0.9740670264924385,0.24089337971543193,-0.9719801151350921,0.23325487861557936,-0.9700573956227075,0.2283397503356413,-0.9839852017220875,0.28946585757378285,-0.9880361336142038,0.31073421775619836,-0.9919318539831694,0.33276302688268944,-0.9677830498336982,0.27349864074194513,-1.0004004940028726,0.3865233275198468,-0.9677270754709087,0.16226097991139946,-0.9799750552684798,0.23672109051908566,-0.9335719780759626,0.32669131587731876,-1.0048714809498418,0.38753310056732165,-0.937857541738891,-0.10461444234115153,-1.0310157176007937,-0.14938466512704904,-0.9305555840418366,-0.8105602982342419,-1.0428062490861576,-0.9079348229288972,-0.9307677176702276,-0.8144295270940307,-1.0365090016035527,-0.9134518196828955,-0.9443977760882571,-0.8316278587469086,-1.0270617033738692,-0.9066039380719988,-0.9483885630041768,-0.8305029416069444,-1.0273503950085794,-0.9044729681144282,0.8973957814937528,-0.13498903006680482,-0.8973957814937528,0.13498903006680482,0.8849215309980971,-0.7904460840998141,0.8817142798538601,-0.8910677540678676,0.9564471392154477,-0.5797271082533427,0.9592781186491147,-0.6963475042316188,0.9537640501046061,-0.41102976838144273,0.9592859372123883,-0.46300392590054157,0.9620808883225259,-0.7736976002064447,0.9683570038269343,-0.8337265827894486,0.9293573225425882,0.8318943583299997,-0.8486389444897486,-1.0231008548621277,1.1028164343343807,good
0.48257476991265436,-0.5985232617434015,0.4800999998073779,-0.5779961855005078,0.4795250728264298,-0.5622410672042762,0.47888171272080887,-0.5461441462558462,0.4786667674790327,-0.6178747585636684,0.47612494420960233,-0.6268983514532729,0.473342967338543,-0.6320200009074185,0.47999812662194113,-0.5294572813374505,0.4699836882230447,-0.6304412648177641,0.4863993087554401,-0.5693745395699092,0.4872550199799587,-0.6124058326589019,0.44772430628503224,-0.43889289810314097,0.5008142445506152,-0.6269245262270168,0.5607368149187653,0.38805014536190685,0.6379515533035713,0.3298247818171325,0.6393950965520566,0.6722462965079404,0.5828256765508867,0.6287051945043605,0.6785656513577428,0.6562167539357799,0.5657978672916385,0.5982446980665928,0.6693437009118702,0.6708269762262414,0.5609847238940476,0.6324413969515026,0.6581634515169079,0.6535765886407192,0.5670653410149477,0.6359876788082335,-0.793975529987484,0.7241619141436014,0.793975529987484,-0.7241619141436014,-0.45671551995343984,0.6044927481569339,-0.43506292354665504,0.5888968652378546,-0.3646185498856242,0.16112711404540317,-0.3499229830417485,-0.2508445383293636,-0.3535671627765501,0.1092554786392199,-0.34328088100178683,-0.41685569891720414,-0.37738017292143833,0.003392798128871932,-0.3736085046192648,-0.18407427764708165,0.2622419255563668,0.453965949988551,0.8443315795783305,0.18532909571344414,0.3957162615700159,poor
-0.7416547000087959,0.21083490620845627,-0.746663924969877,0.2504768660722583,-0.7500984690324876,0.24662260656414467,-0.7535095206091952,0.24441402736337778,-0.7399635058537403,0.28298258625779665,-0.7397788159667178,0.2995255790696312,-0.7400052770724505,0.31778675966444564,-0.7791921130645377,0.2799905297024591,-0.7520451478469256,0.3734411365134664,-0.7542161248374633,0.20439059809154073,-0.7474472230615675,0.2483232457135082,-0.7694759085357572,0.4352344699859631,-0.8359586720369034,0.35006367247938247,-0.7196632561714534,0.10479302893269192,-0.847464658979162,-0.01326879959922082,-0.6990442041500001,-0.659459631336078,-0.8580130370828218,-0.6976528100685135,-0.691361288983887,-0.6460639797371174,-0.8811721397760123,-0.6885497416534279,-0.698045807003106,-0.6461418850983991,-0.8677548067479922,-0.6748629088324417,-0.7084466992855579,-0.6504447046965399,-0.8594392684744571,-0.676154496382542,1.144899218895386,-0.147129209249095,-1.144899218895386,0.147129209249095,0.8837687627945823,-0.436617013139944,0.8049352710999814,-0.4233894755399704,0.8964970610025943,-0.15391192063106682,0.8122366733045479,-0.5004093566826081,0.889534936687816,0.030746054884780716,0.8130115251139237,-0.3184940224938285,0.91447485918985,-0.37475187326273435,0.8164938525180836,-0.6205619392473235,0.9503742938158746,0.647737579896061,-0.9365255066652106,-0.8356741119788543,0.191271309349335,excellent
0.45709877636647106,-0.5721474237419232,0.45120584394131086,-0.569518617745277,0.45039428514852664,-0.5567169968276331,0.4494874076312792,-0.5441591283364874,0.4513988409942824,-0.5875136502362223,0.4502168159439002,-0.5843954768758934,0.4482829155471182,-0.5799496499023621,0.448471736955154,-0.5241468501220697,0.4419125646432806,-0.5698078616532429,0.463993955549729,-0.5433441683498147,0.4641639758173144,-0.5627549000658657,0.4319272165951782,-0.37941922816774154,0.4670115418142549,-0.5820687254543224,0.499415177345947,0.30328656589167935,0.5945981998059516,0.3025167890536714,0.513655444288161,0.5915340324269543,0.5344436871530543,0.579068763231382,0.511613145026513,0.5812300923703667,0.507111698952884,0.5542999937162287,0.5230049284017707,0.5911963253955617,0.5109146325095021,0.5881795918585555,0.514672027941562,0.586390575588846,0.5178448754847426,0.5897395634833813,-0.5029507087888409,0.7986969454138247,0.5029507087888409,-0.7986969454138247,-0.44867957687849247,0.6137413225509645,-0.4173866996285633,0.5772613361890422,-0.36801689468786397,0.27534024382996297,-0.36331300537610534,-0.09534361875539524,-0.35924659675255605,0.22677125757973376,-0.3614592335289193,-0.28568283062203015,-0.37383870954052156,0.1265021060094504,-0.3702238449788804,-0.013695838440128628,0.248954587542917,0.44824021716225565,0.649672229915649,0.40103933559463545,0.33594847970360603,poor
-0.9809109981361088,0.3067598828930088,-0.9800076151345022,0.3363207021425987,-0.9776249626060506,0.3358521567441781,-0.9750016678004684,0.33572012189199024,-0.9900305257293368,0.3682354234808181,-0.9932265761982604,0.3901816818071321,-0.9963687278382508,0.412268741495488,-0.9694217465441964,0.38885599236632407,-1.0008891166188767,0.47270778916514333,-0.972924917816724,0.2607248101078921,-0.9847413220872807,0.31402957488272526,-0.9326162300978281,0.42583707245724356,-1.0030074611161521,0.4624351375370833,-0.8982360738052115,-0.044002856821432124,-1.0505836421842856,-0.09591355095369775,-0.8906348900201695,-0.7371240032498761,-1.0814594293990394,-0.8465642197780641,-0.8886615730065205,-0.7336945973557043,-1.072832010249372,-0.8561601391935267,-0.919812197520491,-0.7434604591226153,-1.0618357625535182,-0.8447861196532817,-0.9228480815875406,-0.7471775304788215,-1.0642489509515092,-0.8398017698216738,0.9951599610951843,-0.07727459018205278,-0.9951599610951843,0.07727459018205278,0.8622065819023841,-0.5596067335112126,0.8759910870721203,-0.6688592144206073,0.9463003620624594,-0.46311464345833614,0.957536001982338,-0.6041150548010162,0.9469293233095901,-0.3022983506319064,0.9581689737603657,-0.3886310202576967,0.951790789273192,-0.7231955532941235,0.9700625881077312,-0.7888525687068285,0.7855001025986074,0.7987923339434932,-0.7202959686349631,-0.83169355488845,1.511333877630505,poor
0.6619065724910678,0.27070687150418127,0.6731378587644001,0.20288780484157765,0.6736699739034717,0.216765073881001,0.6743260402565274,0.22952975648747856,0.6745568392071252,0.14022982750143417,0.6736629430316144,0.10923358046961225,0.6710180046693294,0.07015962589182156,0.6844103912850664,0.17155302082405793,0.6735320072013654,-0.037071799496930936,0.6546822562391414,0.32639294302760063,0.6580519483327892,0.24444349692470205,0.679191466732962,0.2593003739578843,0.6633872339726848,0.024516172352588062,0.9771328978680669,1.7846203292333542,0.8447633148494682,1.7553213815301119,0.9357251987013946,1.6102515383695168,0.7807295253127046,1.429363282091969,0.930858210318561,1.5397287351937556,0.7800049926283149,1.392385884241767,0.9282071347514605,1.5560905675769041,0.7709806659483964,1.4069824411978276,0.9046705981645893,1.5690545836105725,0.7654899387781863,1.4199015956108187,0.3249062404304899,1.0499860975564017,-0.3249062404304899,-1.0499860975564017,-0.3763763713047227,1.143680443632281,-0.39955259449208774,0.4178037875239894,-0.41680309285382977,1.351404417550631,-0.4554934967055945,1.2176170075065653,-0.4289915794119871,1.397527849163094,-0.49176963981824917,1.3336718148748241,-0.4158581322537749,1.1759068689414534,-0.4130434990199933,1.1991062617893102,0.4219884494982839,0.47088512323521853,0.150149469047559,0.10195048873628011,0.3029466568516494,poor
-0.9643456884285887,0.09064416764022934,-0.9660911686252692,0.1488681888246457,-0.9642170839005512,0.14602864561941317,-0.9625899997558822,0.14427911632525128,-0.9719495360925562,0.18893022178925928,-0.9757100645967076,0.21436922026819832,-0.9797680488195524,0.24334601104608353,-0.9623156843942995,0.22468563260956484,-0.9900599763851273,0.350289773688863,-0.9611031574427017,0.06899428063337432,-0.9694204760292008,0.1358538105272481,-0.9362419023636067,0.377250952853238,-1.0073815321145863,0.4521083532651696,-0.9182621723594021,-0.2395422280801866,-1.06298746472817,-0.28925040673371,-0.9406645376266036,-0.9231537596738375,-1.0399661445261317,-1.009205091468496,-0.9426900193685285,-0.9209272225952966,-1.0322351380406187,-1.0045546116948787,-0.9471584276151758,-0.9418905928007482,-1.0248585165219957,-1.003956752563554,-0.9474177579757754,-0.941753836335709,-1.024846281452802,-1.0029184624209784,0.9156593681212184,-0.10395341777091309,-0.9156593681212184,0.10395341777091309,0.9027941120246147,-0.921847899892937,0.8808460108464441,-1.0292984479967675,0.9776641788809421,-0.767103390768483,0.9593503995925595,-0.8766745292751568,0.9815946627685863,-0.6005286888865635,0.9600861504027471,-0.6284694397695997,0.9879792193610609,-0.9159696520955442,0.9564357602915019,-0.9707581636886263,0.6280759160227899,0.4125896288677654,-0.6934296101999846,-1.0328046735195413,0.28591839611959186,good
-0.8982489807542726,0.17253054345226557,-0.8972665659593391,0.23075026275535324,-0.8963585886518264,0.2307190368426901,-0.896086664027022,0.23133212605306547,-0.9033396174923564,0.25843056361439415,-0.9065007775611814,0.2754458805121409,-0.9098541776169216,0.2946856184190283,-0.8976035982902093,0.30239163963152993,-0.9255669670224188,0.38474923603736044,-0.8981138184544734,0.17307947036727814,-0.9039076293535537,0.2247890577701538,-0.875187732763679,0.40519982502363466,-0.9500274279383438,0.41182380912565075,-0.8852703399797246,-0.0027488206694356917,-0.9518325829249781,-0.06436615522015939,-0.8794163905596263,-0.7241281893233786,-0.9555519165948698,-0.8287978542261878,-0.878062158713759,-0.734061076137175,-0.9656182210443797,-0.8421178477734788,-0.8930600790903933,-0.7448324902398678,-0.9563770593445629,-0.8310149526060167,-0.896499330447776,-0.7443356792892708,-0.9488375506748309,-0.8293211853761654,0.8999518626444611,-0.018341474912664905,-0.8999518626444611,0.018341474912664905,0.8940297883924633,-0.5455492858585292,0.83352995059168,-0.7117796255314585,0.9373995198247821,-0.5255532788564546,0.9065077951290178,-0.6236491466943321,0.9349516101851377,-0.40474992848805535,0.9024421022381419,-0.4458650201707877,0.9454054777963617,-0.7113556926409259,0.9099466808401983,-0.7971597833254157,1.08250691485927,0.7843931659588005,-0.5257556948948002,-0.9731087152388983,0.7684769991797741,excellent
1.5451428207957278,0.1897787240331233,1.5593965001668377,0.11014376691548866,1.5587348845557594,0.13526065124097433,1.5588764705937672,0.16102646138722077,1.5650312916049358,0.0047354217165078375,1.5680466142308291,-0.04893706691250706,1.5709926688614553,-0.11280957177967345,1.5941724348028157,0.11216517426665339,1.590104663005004,-0.2737717903190291,1.5337337162729825,0.30382234304482186,1.5448073237481068,0.16328291175989731,1.6812763761725655,-0.5253235543142412,1.6905559171394888,-0.36745368457930033,1.0396004790698596,-0.8916580279681113,1.3169385732944638,-0.8752602121352083,1.2117749790970618,0.485771784799164,1.3673010331296174,1.060613868496844,1.2088529648069304,0.5024086716356676,1.4094747270871766,1.1222340658920409,1.2418446832652579,0.47432791829513593,1.400509515950131,1.077619275387422,1.2350502830147476,0.4944046323576554,1.3893727124614919,1.0484155883882857,-1.0101226087978514,-1.5047298748747757,1.0101226087978514,1.5047298748747757,-1.6640826807111113,0.48489576926563993,-1.5763946031387444,1.208958740334746,-1.6859414939569166,0.05100922451199652,-1.6650618672264885,0.4032461603851163,-1.7199595598782713,-0.2163563989210479,-1.7037220052422337,-0.0011417639952587236,-1.7377104574659605,0.746966632554329,-1.765343101336689,1.0584977651790528,-1.0756324202273768,-0.8221971974447286,-0.04089109094210315,1.7879477181171386,-0.9066729338634841,good
-0.964288582866659,0.1329421310232995,-0.9637941112177992,0.18502199065361552,-0.9614831548439638,0.17879553543074214,-0.9587604001362192,0.17720738540605135,-0.9732817819580845,0.23097526649171568,-0.9783031625979678,0.2558560554933637,-0.9831998958662309,0.28064812995510324,-0.9545520061517708,0.22705073382429855,-0.9941069121038069,0.3531380153982656,-0.9592972889843804,0.10166305432343861,-0.97129534739332,0.17270958719313687,-0.9264909024775475,0.3453390698617143,-0.9985795629481665,0.400821349999825,-0.9381954996505625,-0.09573579806116371,-1.0294245499808412,-0.1834502437961128,-0.9308479775418604,-0.7759150011860165,-1.0537441048529446,-0.8750957827742586,-0.9301675883626204,-0.7738600587094361,-1.0524612367774038,-0.8851323750044578,-0.9492679738077779,-0.7971809766468213,-1.036103376302638,-0.8771276895263124,-0.9522129451025728,-0.7979995067411777,-1.0337538093096108,-0.8740668933825337,1.0283704907780076,-0.19399872363939302,-1.0283704907780076,0.19399872363939302,0.8824931062539203,-0.6874544126788195,0.8759788437920042,-0.7831668829374364,0.9574622359236866,-0.5423878128107525,0.9510879458376815,-0.6617340524128527,0.9601315724729552,-0.3673835097150426,0.9519419068749289,-0.44500698752989604,0.9647538685068738,-0.727164315861271,0.9526671823939938,-0.792728051163721,0.9640707020862669,0.8324732651000868,-0.8182223888538064,-0.7354612432167895,0.9487070592826938,good
-0.9689553905404645,0.25250578379705463,-0.9720470532657665,0.28492552612214767,-0.9675144293906965,0.2801206764467961,-0.9663080305389311,0.2825765910794828,-0.9820699634555213,0.3289846754008029,-0.9866916493842648,0.3537718442120069,-0.9935986999965204,0.37721444291276396,-0.9632501515261409,0.3375294131334164,-1.0017006894669442,0.4596434965268813,-0.9605946434736982,0.2390748331895004,-0.9723435413865736,0.30211361232273554,-0.927686992539643,0.43242781077975506,-0.9997301035655196,0.5185333558526705,-0.9129911214746087,0.010351618655342398,-1.034344177117502,0.029719242463465013,-0.9000925749688851,-0.7215611642909093,-1.0595532721404306,-0.7876757163914876,-0.8881664095751344,-0.7180006802557835,-1.0653166102162508,-0.8056569866285785,-0.9118770667201558,-0.7261331497377741,-1.0509325774826377,-0.7886451922575428,-0.9152103117165037,-0.7287188919470888,-1.044546942261924,-0.7828880452984582,1.037585422772724,-0.2115698320697636,-1.037585422772724,0.2115698320697636,0.8745385223156656,-0.4785991957108812,0.8683094300579441,-0.5485212240422005,0.9448718338177418,-0.4021073006515031,0.9379049817287057,-0.4995946795809979,0.946610916728797,-0.2623901501027069,0.9399540007769095,-0.28566026156586677,0.9499607265925514,-0.6793686056849595,0.9557948279103412,-0.7260266385296847,0.897314879902493,0.8264508288279091,-0.5862656377956978,-0.927264894164137,1.277967816097258,good
-0.038084946156308204,-0.1417022296028929,-0.012090889448714054,-0.03490691545424743,-0.009487117096301439,-0.012433964502174457,-0.006671144635179093,0.009925357298507305,-0.011138299752297999,-0.09132264056530552,-0.008008117475649935,-0.10996949177849945,-0.0034963098880009956,-0.12643512844099916,0.012666109468773435,0.038553595378620895,0.024731651290418384,-0.13600991408602886,-0.043880021997795414,-0.13914028260679084,-0.043017805059086,-0.2005666486908642,0.006783134164415219,0.0766647234458084,-0.027752863701360656,-0.15160937413543846,0.15845639059521316,0.470613088801542,0.1629042253549567,0.5474051763633491,0.030110964440442856,0.19909932419653867,0.08724039125045996,0.1568660804892343,0.0013099305245353363,0.2115513235007253,0.07020667938658456,0.14580715873213865,0.0008622340670004225,0.19588690142606488,0.052879691352134196,0.16714723373221388,-0.007490469224663593,0.20708459434198961,0.04451838278221491,0.17274921806675367,-0.2676156917322897,0.16874198587028627,0.2676156917322897,-0.16874198587028627,-0.17567163399419428,0.021240690902593947,-0.04399183273067158,0.054090605333613546,-0.18836191284745815,0.353703810742697,-0.11298726442649623,0.5046903254944726,-0.1575273729088652,0.3522826084931523,-0.08878595323885805,0.5278145069615854,-0.07757558494871969,0.4609623085204732,-0.009486828300362913,0.33598628520246415,0.6075769953079311,0.6724753567617914,-0.24006243168408878,-0.08795083251339504,-0.19688253015919194,excellent
-0.973328995866824,0.3321401161096058,-0.973047131785515,0.3661127014986092,-0.969129063284159,0.3662433149515012,-0.9663549141155453,0.36427422962197914,-0.9864156776480144,0.4014322439108037,-0.9896243850696796,0.4204061637452964,-0.9922613595002218,0.4385573600490967,-0.9620086495528487,0.40334638366369086,-0.9959644574940706,0.4886018443118029,-0.9652271720889029,0.2895786616543165,-0.9815881533409186,0.3458815925424351,-0.9273878441002573,0.43557956882720067,-0.999055436977117,0.4810766400964541,-0.9033816258371332,-0.028193894150642575,-1.0334523235705917,-0.028397882139645052,-0.8880934677395089,-0.7472046562469644,-1.0597250426091178,-0.8490447041759721,-0.8902676865415932,-0.7500466480032074,-1.0509577143850406,-0.8617139393824346,-0.9172475562512121,-0.759054960986249,-1.0416967409257898,-0.8524306477615141,-0.9175826441611897,-0.7603916618524706,-1.0437427235794146,-0.8455807358695421,0.7794324162306966,-0.08815280881242053,-0.7794324162306966,0.08815280881242053,0.869068822013148,-0.596006869315723,0.8893173752395632,-0.7570907545319882,0.945090668409059,-0.49862529470285966,0.9627922000034282,-0.612841014456799,0.94755715819201,-0.3658974021484003,0.960824558145786,-0.3944252164002052,0.9502634279445575,-0.7305783969772095,0.9772511069128778,-0.7900441202417278,0.8622005446944456,0.8447921315835053,-0.826549158274521,-0.992533012467575,1.6385924108222585,poor
-0.01827838860938107,0.6223338919496215,-0.014836208885686234,0.6010668936422734,-0.018553361911968276,0.5988457326882782,-0.021979497366565678,0.5932423752118962,-0.0008084735703228069,0.5803403173699652,0.0053613064297683664,0.5670554612671954,0.01211546061983766,0.5512759344891451,-0.01997421538598784,0.5095018395554417,0.029868990227807077,0.47771417579120556,-0.0382238972741461,0.5957780757797139,-0.025740739819108443,0.5671751007220737,-0.02676531416397517,0.669635913154084,0.027890707873370408,0.4122608160886121,0.3451737716801647,1.5265731680924024,0.2897509030743398,1.334521640969416,0.4224646099509353,0.7054879897811367,0.3314405314407397,0.41510100272273565,0.4112112194557659,0.6941656446505483,0.3047437307665436,0.41152942237155204,0.3860008811979901,0.6452034495998644,0.28018338071275056,0.41249332320749627,0.3864426933934595,0.6378806610222788,0.2881795321412144,0.4152621872514442,2.31869472687466,1.5119452757927896,-2.31869472687466,-1.5119452757927896,0.9598522081832925,1.624287092586392,0.48303852051835006,1.5144074838374864,0.5161366120007588,1.2091270405678327,0.3805433288860487,1.04096877402622,0.4931325998588509,1.0113636649372972,0.4070676904897392,0.9679326414668608,0.4064323131378722,0.7776460170075341,0.23771995535547366,0.5991255124793269,0.5815250980724835,0.5244224298205308,2.3008287935208918,-0.9996743039110568,0.18223996382745006,poor
0.7184825587102903,-1.115378547850366,0.6969294653958983,-1.097436753045998,0.6929843723806962,-1.0985677874887245,0.6886402475125682,-1.0999063616707776,0.700909086950011,-1.0761305630997335,0.7014587712385653,-1.0577810237993763,0.7025335252161623,-1.036542765403124,0.6643334207255296,-1.0742647168501342,0.694642926944608,-0.98992251409872,0.7120019713221941,-1.144207464355677,0.716601737913068,-1.1003932872129825,0.6418762755338896,-0.8977945120901943,0.7029921373281363,-1.0387113571204991,0.8679415958606045,0.09334691615569553,0.9217474029886098,-0.03755116249241885,0.9767182730324282,0.8052093178880044,0.9182873693981801,0.6774007004578964,0.949587539475881,0.7830851286419627,0.8902779390303243,0.669164967972027,0.9375317273300686,0.7830226188901109,0.8771838076789537,0.6890748469534176,0.9342739858000758,0.8057472278092296,0.8796838936247207,0.7010178363667965,-1.084700894571858,0.3151843574889147,1.084700894571858,-0.3151843574889147,-0.76015215748494,0.5827550254762075,-0.6535030370795977,0.5449626699702828,-0.8258742903040354,0.9124975122536065,-0.830297195547713,1.0815917789644742,-0.8361062031073903,0.9666009837114989,-0.8850806897249934,1.0071510942115414,-0.8531216717353376,0.7817865089269007,-0.78756151594784,1.0632326941090235,0.3295733764582039,0.4523527208606257,0.7215412441411762,-0.20298792508245342,0.5157385633091265,good
0.6277410122820801,-0.08081429399224989,0.6173156308508481,-0.16736425863415277,0.61240135238836,-0.18326770492440392,0.6076247941795236,-0.20277582378163161,0.6307085689892572,-0.1656953867226131,0.6367773629754427,-0.1735087634655608,0.6438243738458368,-0.18005271515423865,0.5890403519168336,-0.2884202354708245,0.636672585635983,-0.2826329866648187,0.6191637163110948,-0.11724907538307244,0.6348762701412328,-0.13317803720970747,0.476390985004255,-0.23385567189999323,0.6182515898399938,-0.3050384641331066,0.20544496673779114,0.4256428078947811,0.49233731548708626,0.4523309217729572,0.18091742450397727,0.8602692899288259,0.43257986280936866,0.7372543048048207,0.19120398391022922,0.8429112413238482,0.42416109591210044,0.7397317317390582,0.23390858883573248,0.7840546382698791,0.42841378763482163,0.752903851568921,0.2191621819952197,0.8035090206360975,0.4265311360084822,0.7615828661889258,-1.5016203896831004,0.6797269149703016,1.5016203896831004,-0.6797269149703016,-0.7839159505969281,0.5579861235459982,-0.5670865372691467,0.5130730398052562,-0.8062815680819618,1.132696529361818,-0.7440091493236131,1.200530855235237,-0.7733059742812405,1.0484191561165401,-0.7014237844723119,1.103420753267348,-0.7065388540942495,1.2718120306443195,-0.6375651445995372,1.078368864584894,0.014430221654575408,0.1217362761424347,-0.6785071344672283,1.029522574922737,-0.4293376262059869,excellent
-0.8058296983060396,0.11852619974304389,-0.8124790247207915,0.1857970548017813,-0.8156746008695741,0.18003396657754817,-0.8187515827480596,0.1806328255154115,-0.8070099549726552,0.22029817696048745,-0.8080234353571345,0.2382998066550759,-0.8100964366550608,0.2555217029566724,-0.8416642266352133,0.23983082740031114,-0.8277449796973445,0.32180957661401965,-0.813813762753285,0.10510880100534255,-0.8094999663039522,0.14859173140929793,-0.8392940172911421,0.3224778318163734,-0.9122794874508714,0.2953526781551688,-0.8300838806945341,-0.10422596169556926,-0.9229345882939544,-0.20895196290160273,-0.8006795510589904,-0.8118878973322178,-0.9292043080155932,-0.8704405918980228,-0.7759227030679486,-0.8174602226523751,-0.9434727285342878,-0.864530782343445,-0.785109476753783,-0.8128960932558591,-0.928895972364858,-0.8551997100780944,-0.7991406408100465,-0.8040387285950904,-0.9214131903303109,-0.8543000387358768,0.7448703421823774,-0.058391892541045716,-0.7448703421823774,0.058391892541045716,0.867642155107997,-0.5334374411308336,0.8259499855467665,-0.5864349396124634,0.8677696715692392,-0.5775469544236503,0.8497426478153577,-0.6888299460103838,0.865002235495126,-0.45641485839354834,0.850855945760209,-0.49096386078115706,0.8725044731428859,-0.7635324290944715,0.8480326863284097,-0.8026641696886229,0.9660160772959243,0.7184455548783126,1.1131175940038152,-0.9331253094405101,1.1574233690751559,poor
3.127771240459874,-1.720761629709372,3.121569147769839,-1.889227765594855,3.1290880491866164,-1.8672816099006444,3.1362708858881976,-1.8451057602361907,3.097161794277628,-2.003224828680542,3.084322339793014,-2.09045440907937,3.0735321903180006,-2.168116427524471,3.139822967066676,-1.8950046754130818,3.052304130687256,-2.3401409335529646,3.161168206638279,-1.6445386583245793,3.1288543517594456,-1.8309245459211176,3.1691966339030015,-2.282928675085183,2.9747421946809744,-2.1945152981598195,3.4646040202606896,0.2955606799731041,2.9632230723520534,0.3169537515596128,3.564361449140103,3.369553399901583,2.9266589879251836,3.1687537333169637,3.5838832406374936,3.5565233171483372,2.864228872424973,3.2172416394584396,3.441883567403976,3.543055662076804,2.9063530771658472,3.2901165488428235,3.4243227493898876,3.5076762301897175,2.906704713811028,3.295547643350679,-0.7904172238098631,-0.4451170013111702,0.7904172238098631,0.4451170013111702,-2.946602046029644,2.1651944616371774,-2.955666894929161,2.6813656108398587,-3.1097499597185094,2.6623284868415102,-3.2373667858833843,3.4860575599649204,-3.2315110733336434,2.504689301477472,-3.390323658940478,3.088059415577984,-3.1200886125478773,3.3419551108044248,-3.124922880843535,4.239661325978331,0.0527983289081432,0.14751848329687436,-0.12543585782533273,0.609442459773566,0.014299415892577994,good
0.9379922694464821,-2.5024677200667136,0.8945646628360372,-2.461058630565375,0.8943142606277058,-2.473677358990388,0.892914176682136,-2.484011712076282,0.8791686890601502,-2.374939278241932,0.8667022306769705,-2.3265199178575737,0.851680065100522,-2.2770649415347903,0.8546377125956494,-2.3890103998815593,0.8027464657822231,-2.126619293409432,0.9690965762720813,-2.522458673163617,0.9403606109990719,-2.414044259379003,0.8190077645599891,-2.235348280957887,0.9212505820005183,-1.91383369552124,0.678271338334817,-1.8793442844573287,0.9345952036390976,-1.2682800914749501,0.6610130033220184,-0.3347211553762818,0.9259345630469196,0.44417943189407927,0.598036809539563,-0.19005798048917816,0.9485825359225181,0.475810077174897,0.6359047473047709,-0.059589251786516625,0.9602141725759139,0.4292699758235734,0.6441238311351625,-0.13899233181527923,0.9664282171458151,0.414029269319779,-1.0785363510418382,-1.2754101016449353,1.0785363510418382,1.2754101016449353,-1.0472883540929268,0.4389996867328225,-1.151869774473309,0.6304435070474851,-0.7274566432370052,-1.1771163949885255,-0.6318911578080437,-1.646816345597619,-0.652919255526292,-1.3248129621574172,-0.5462104075856115,-2.1498316384195695,-0.8024389008585123,-1.255901438445708,-0.7153173459675923,-1.622595685582572,0.18136454118084508,0.30651635963808477,3.637764883860761,0.711876908675438,0.06583871597123662,poor
-0.9691490943752763,0.2636830228052232,-0.9701253644225643,0.307272405838263,-0.967699429825437,0.30301680001933234,-0.9651493766676896,0.2997746089525337,-0.9800555435137266,0.3466188254723516,-0.98455543810284,0.36878446238257667,-0.9890996971913594,0.3916310045715091,-0.968180593838453,0.34583494899937506,-0.9993700790394525,0.46712650069782874,-0.9623740857747757,0.23426136289937066,-0.9736033442426554,0.30416848211523195,-0.9382295895019972,0.4236947759703225,-1.009081781785092,0.4898188127199187,-0.8812981835277771,-0.12186426940283722,-1.0571829454898223,-0.1192291604680876,-0.8885416723632393,-0.8355900315225723,-1.0446697556569426,-0.9192507789234181,-0.9004776963706266,-0.8317648737405443,-1.0325318605533962,-0.9217001627136217,-0.9163862047114071,-0.8485885324908603,-1.025700673195667,-0.9173455341466448,-0.9139101191983878,-0.847753216086337,-1.0293413669789504,-0.9145772270017615,0.7258707870988435,-0.25677756906123717,-0.7258707870988435,0.25677756906123717,0.8787081875974806,-0.7795463514295633,0.8936086733767181,-0.8768339613409676,0.9502521069641263,-0.59445150483963,0.9658099601171435,-0.6695916493425882,0.9492439606174654,-0.42604526657057396,0.9669217154416107,-0.43599150039877366,0.9580937923370139,-0.7919660634148291,0.971606065739838,-0.8278786549088,0.5841152946745561,0.580970548726481,-0.7931547391381344,-0.889857963414531,1.4211009602713518,poor
1.3985888385057628,-1.5636968494537509,1.3781019598359328,-1.5612455479517442,1.3752992572166702,-1.5515697806339677,1.371318115539385,-1.5441932985335856,1.375027323477788,-1.5578142796687025,1.372042935319266,-1.5441602435546418,1.3691033726237274,-1.5291886183282566,1.333225817305621,-1.4810963648553324,1.3521442011565865,-1.4645324260172434,1.4033309687600237,-1.5120191794718032,1.3821694484624207,-1.5143832958381724,1.3447174266340518,-1.2195920129433946,1.2971577011563582,-1.3629036487498962,1.7276573149746048,0.5576379702034963,1.5227754641619888,0.8641506394500126,1.6911286516868067,1.7654323500257083,1.4095466614159482,1.7087416963487418,1.6982685342104757,1.7279970435828527,1.3861449362684195,1.6655501123706,1.6517812860391043,1.721654607842711,1.3767737442427563,1.702958094091109,1.633940549541099,1.7550910960222286,1.3741629775043018,1.7152784861029677,-0.6584502764410688,0.07576161734338425,0.6584502764410688,-0.07576161734338425,-1.165023127159911,1.2898697960242314,-1.2029783178958506,1.4040209324830908,-0.9239687457071004,0.9288112098089092,-1.2879003060622314,1.8584070335278589,-1.193195952266705,0.7958371138590744,-1.333126227652779,1.7238589613812048,-1.2294097290991821,1.098420920748132,-1.3057500582077384,1.9226070847365457,0.39574122356025776,0.504714245289495,0.0658097315789869,0.23583653034642987,0.501370579259703,good
-0.20719605881934794,0.8845020608864052,-0.20596366606577818,0.8476170031968449,-0.20944455558748082,0.8367059971923082,-0.21245212084182377,0.8255242662307777,-0.19117226913315405,0.8683284167783822,-0.1837962442436025,0.8724328378861201,-0.1754850501249565,0.8754869771503347,-0.21434138787088625,0.7855545248807805,-0.1565599120831204,0.8612042158677855,-0.21249277259888358,0.8696136503497667,-0.19409721965256738,0.8972008752902755,-0.2394800123801088,0.5042813167603571,-0.0991184392085653,0.8670228387083504,-0.4543687318670351,-0.8103245767340008,-0.19603477271691921,-0.5526792641664275,-0.5378672306720181,-0.921254560032751,-0.25748237471844326,-0.6766318140909633,-0.5142334160736178,-0.8874202088074662,-0.2604037799538394,-0.6680275975370216,-0.489541829223503,-0.88100010285275,-0.2630119673417903,-0.6966753108964621,-0.48360898630802235,-0.8774714106687783,-0.2580790204374668,-0.7084299946131447,-0.4760700307843014,-1.097835102950213,0.4760700307843014,1.097835102950213,0.057452194845323594,-0.9615986836869027,0.17454651442503102,-0.6665777160616164,0.07578858308741672,-0.839049225510372,0.12855455575531902,-0.6537211033885415,0.09210761512335468,-0.8545119148964071,0.1542468755539385,-0.7003973926747233,0.13102202877301347,-0.531609011489856,0.1866097405046393,-0.4821117971440467,-1.9945297656009484,-2.1860023644156503,-0.6580083692975639,1.7887675408544652,-2.086437218422946,excellent
0.45074706842962403,0.5673475994146994,0.4611956399893111,0.48936410644845285,0.45711921432154734,0.47279373664755975,0.4531369854742602,0.4531972492719697,0.480165678785479,0.4880378142450542,0.4911641815422506,0.4760407446298226,0.5040862676068472,0.46507652620018775,0.4572039765154405,0.3204248395038007,0.5374390374025716,0.35618428871449,0.4352995301474897,0.5211716009147052,0.4614021156985123,0.5245166370465109,0.36355293157526897,-0.08406012849475951,0.5314129969021129,0.14263255587765186,0.04273883656859988,0.06430534769236344,0.418480080668293,0.0857027954973555,0.09082104677163452,0.46002876203977,0.40371186276701215,0.4040300816321184,0.13091613495946428,0.4092131195089031,0.3916755703107251,0.3664556728167311,0.17399615064297938,0.3483713046446088,0.37398629726135096,0.3748467540388795,0.18529161304693917,0.3798089254699089,0.3639838379833528,0.388361326039997,-1.464896507768967,-0.7821104701579921,1.464896507768967,0.7821104701579921,-0.6129141890489456,-0.11609718190394674,-0.44471344261603213,0.31980630423266887,-0.6062580436146615,0.3191106046594498,-0.5425609334919186,0.5463190883021956,-0.5778199537856651,0.2812057783759169,-0.5069890997642273,0.4793865434829701,-0.5073322081994823,0.6896350881977814,-0.4221594020313339,0.5750796607496986,-0.2962822468470796,-0.30230431031254495,-0.6392801076736211,1.0212507339766466,-0.7481971344450489,excellent
-0.5604687846719326,0.6806554948187639,-0.5666041549154686,0.7163668621152279,-0.5710113480440822,0.7257643201877817,-0.5753079474686561,0.7375620021260179,-0.5539072818056012,0.717447501264673,-0.5498518301543558,0.7178860060071744,-0.5460922348869997,0.7213518370548632,-0.5802736183115281,0.8017228710860063,-0.5373070886431112,0.7571322402139065,-0.5687913280057713,0.7061303265128431,-0.5560463848822547,0.6918219610023646,-0.6287002815503682,1.0181980625281453,-0.48991812202785007,0.7485727469541409,-0.7684132174217362,0.81113769137006,-0.4474271657493871,0.4472979629504229,-0.6719768977607613,-0.4407638854413783,-0.4415448690832263,-0.4909455255645483,-0.6833515252532213,-0.4964468517230923,-0.4312322008085984,-0.5109970461562093,-0.654610193147986,-0.5192732672524824,-0.4579163589979327,-0.5007881940090703,-0.6461531540330604,-0.5029032581082121,-0.4613645433035861,-0.4959096323213978,-0.8194065577971121,0.9601721368238509,0.8194065577971121,-0.9601721368238509,0.443908443196761,-0.4210352492441321,0.5946316434610843,-0.7973030248029535,0.6026827216067051,-0.20041135601722218,0.6764639884085202,-0.5648182987899463,0.6247625682770573,-0.018707540618291742,0.6958086391640563,-0.3263130126120711,0.5660114504850258,-0.497856919499003,0.6217599252604056,-0.6681033355909773,-0.7190829371521437,0.09338825366640076,1.6558569970939632,0.35920280496040874,-0.5198762736966237,poor
-0.9866636474338855,0.2065131202192208,-0.9879619787117642,0.24337533515392062,-0.9833611227776489,0.23520440366545142,-0.9796755441068061,0.22973019885685098,-0.997154784004769,0.2839898945799414,-0.999361671785474,0.3076221792809279,-1.0024589097712286,0.33202953432486015,-0.9748151170280593,0.2892875635347512,-1.0028263461776346,0.4160511892122877,-0.9736314176632397,0.18543658254214324,-0.9885382058415818,0.24119852140584594,-0.9280711191589811,0.4073280310485218,-1.000087926929005,0.46452848918234285,-0.9642539369166472,0.013784924852698662,-1.007139940098562,-0.008876906537803972,-0.9850531009220678,-0.7396686683589506,-1.0082701930711866,-0.8413681064193588,-0.9843202399665832,-0.7467352932585113,-1.0071588075623772,-0.8502203811540646,-0.9961393898416685,-0.7624115790164551,-0.9961050488845339,-0.8442287497056534,-0.9987542042402756,-0.7631809739881364,-0.9927983445483286,-0.841747273843562,0.7926274125231952,-0.08325661569018385,-0.7926274125231952,0.08325661569018385,0.8643595044025119,-0.6702678865684464,0.8845933701246048,-0.7719016921509578,0.9465007980224137,-0.5708914922029038,0.9598767399123403,-0.6443029690210278,0.9487600748150511,-0.40407950094928075,0.9584788493299822,-0.42733063987117254,0.9544717031991727,-0.7186352954658543,0.9695787429977123,-0.7931550759686989,0.915332665315693,0.8386993632264338,-0.7929079832246304,-0.8264294095519379,0.9375456996411978,excellent
-0.9713172440646931,0.384156482137918,-0.970339782947469,0.43576883056825444,-0.9670387326435184,0.4259123866078903,-0.9641165813957687,0.42270732700642133,-0.9819030924646249,0.4712904756637258,-0.9858055637118219,0.4896638137535528,-0.9898810383646717,0.5030752808916168,-0.9610982163642003,0.45459717166932423,-0.9956999941497094,0.5491600102679127,-0.9645325235962633,0.3613350749803626,-0.9725048641774613,0.41993179036147116,-0.924995939952943,0.5056312399303096,-0.9975011394993338,0.5619701465935548,-0.9177100531540183,0.05876190134975439,-1.0211016531720156,0.08115009797537273,-0.8867260305497795,-0.705746082696747,-1.0380097357938123,-0.815658052314336,-0.8923385362491589,-0.7168604365726712,-1.031645346347944,-0.8285550592134958,-0.915973818734526,-0.7239518396201258,-1.025710056286297,-0.817743963127344,-0.914122831918267,-0.7234211933504494,-1.0263652027339676,-0.8136888232777629,0.6286165777146333,-0.16190612830761364,-0.6286165777146333,0.16190612830761364,0.8768374965634157,-0.6954355580434335,0.8988127913775626,-0.7987325904295205,0.9476922215867891,-0.44033437204435666,0.9701951236656151,-0.5365352232732074,0.9442379296072755,-0.28138403711596616,0.9708843290387796,-0.30564640513591645,0.95844118039165,-0.6512766436440619,0.9825611947427771,-0.7282732516038513,0.9750308633182412,0.8314268712350515,-0.8429061400930773,-1.21272089477565,1.6940836435436157,poor
-0.9599249007571492,0.19341531816061158,-0.9626414504274,0.24719971436116928,-0.9608345343519844,0.24552872834646552,-0.9590876584656364,0.2443655881273655,-0.9691137463193203,0.2838156769265818,-0.9737901732014282,0.3054347953344472,-0.9787899206510761,0.33333467048171495,-0.9606180385653206,0.32139832606990293,-0.9926309997579269,0.44243388301460934,-0.9569950325405019,0.1964366462380143,-0.9661086464915586,0.2553865366326572,-0.9386514457181774,0.4179986606727719,-1.0094708166381274,0.4878458474257298,-0.8418323290617075,-0.1979079069394783,-1.0750919462250084,-0.1800680632933962,-0.8759478034996844,-0.867355240908555,-1.050643794742279,-0.9458776104618224,-0.8907364917713645,-0.8594871727043552,-1.0389725379015353,-0.9459388112464286,-0.9069252462544957,-0.8740292693350918,-1.0324787958949881,-0.9426724915238288,-0.9048546800231553,-0.8735173321105058,-1.0356014087551342,-0.940966597552322,0.766467510290702,-0.18896242984960812,-0.766467510290702,0.18896242984960812,0.884168342000382,-0.8260994860096494,0.8935818311873093,-0.9160064357568729,0.9533102599789375,-0.6496560417009545,0.9652640657012835,-0.7275022486591032,0.9556607100222845,-0.45935234864399793,0.9679968912796132,-0.5019024533739489,0.9608838226302203,-0.8272156517065474,0.970646260418908,-0.8616669835234778,0.26071469964300775,0.4059529738808049,-0.8357133357408986,-0.8368687827777896,1.0912547633092577,poor
